# mesh name: boxMesh_1
# primitive scorer name: doseScorer
# iX, iY, iZ, total(value) [MeV], total(val^2), entry
0,0,0,73789.13161078744,75529.86010733209,100000
0,0,1,75115.48564274781,92096.16146159975,99993
0,0,2,75428.87819002467,89084.05773707696,99940
0,0,3,75751.47702057348,86039.44844624531,99878
0,0,4,76846.04087618699,104100.9478249458,99826
0,0,5,77062.93572873216,93505.26430858581,99754
0,0,6,77550.61553047318,100052.7566351659,99665
0,0,7,77992.61303451878,95102.88470106873,99577
0,0,8,78618.34309806064,101805.108209243,99490
0,0,9,79147.2537079374,111796.0036580872,99390
0,0,10,79461.46792504383,104539.3980443031,99278
0,0,11,80284.05079431208,113662.184281901,99159
0,0,12,80523.3342726285,110574.6113060731,99036
0,0,13,80839.62013911607,105995.4708696846,98918
0,0,14,81179.96472442985,100040.7493683951,98800
0,0,15,81393.56270016241,95638.40941960838,98668
0,0,16,82199.80575660249,110836.9165035945,98533
0,0,17,82177.73087134249,97048.37249294769,98380
0,0,18,82947.69112419145,107302.3646606906,98262
0,0,19,83421.32199386743,106555.0193678756,98126
0,0,20,84176.38318057411,117919.817653823,97967
0,0,21,84684.02129313558,118042.7852927655,97826
0,0,22,84661.37661296982,119132.618068038,97692
0,0,23,84594.48127840551,109730.9128285541,97526
0,0,24,85409.99511340354,109678.9381427026,97385
0,0,25,86190.36380461199,118557.4334159217,97181
0,0,26,86865.98577239785,113758.2302608176,97014
0,0,27,87496.14615682168,113308.6530275342,96840
0,0,28,88372.08360665527,118891.3023619715,96663
0,0,29,89314.80886340284,124787.6205230408,96477
0,0,30,90027.78110793787,121854.9335009815,96296
0,0,31,90811.52106519783,127242.2811618409,96113
0,0,32,91760.05462531708,129277.5917911646,95917
0,0,33,92403.67271659005,133264.2567789021,95721
0,0,34,93013.51919068195,132450.4318027589,95494
0,0,35,93377.50085525592,131180.0385472942,95272
0,0,36,94050.38274325248,134704.5100164688,95089
0,0,37,94207.73969817943,128582.588690726,94862
0,0,38,94780.9826511921,131799.3812322098,94626
0,0,39,95517.63327968767,137625.8593039693,94422
0,0,40,96337.45265312953,136572.6564902983,94197
0,0,41,97231.85136527797,144659.9841904031,93974
0,0,42,98091.54539964098,144578.2757423528,93748
0,0,43,98715.45631471087,138557.7223237729,93501
0,0,44,99843.82830762831,141852.9752705785,93242
0,0,45,101049.1714959469,149240.1053581357,93001
0,0,46,102378.6341051289,153805.4961437453,92764
0,0,47,103727.5597518624,156233.1961231592,92505
0,0,48,104959.3143953057,158631.916664751,92237
0,0,49,106523.9188933085,159779.3785616059,91963
0,0,50,108099.7073473295,164390.7257953282,91696
0,0,51,110099.5505305402,174820.3867128281,91458
0,0,52,111328.6308782146,175632.5595533223,91135
0,0,53,112739.8706168933,174961.7989484527,90854
0,0,54,114500.7893466865,183131.8030106811,90577
0,0,55,116213.5538408445,188800.5296114355,90262
0,0,56,117881.4397237929,193160.9723603381,89982
0,0,57,120075.7975910132,202967.5264613143,89690
0,0,58,122474.2538833916,214720.208358185,89377
0,0,59,125041.3343050281,223740.5812483202,89046
0,0,60,128262.0769914129,241232.3442222673,88718
0,0,61,130834.2974988574,235524.2198840943,88359
0,0,62,134232.2450817557,249655.9938563877,87997
0,0,63,137685.9601795351,257929.0104716376,87618
0,0,64,141774.1481150377,279363.5112271928,87211
0,0,65,145439.7895018232,283286.594100996,86815
0,0,66,150228.9645195129,299825.9923593969,86426
0,0,67,155892.3997033956,321103.7366063215,86052
0,0,68,162538.5994064276,345055.9626443405,85623
0,0,69,170586.5710715687,379787.7267468869,85154
0,0,70,180137.0754379499,423069.2599081574,84684
0,0,71,192312.6023556714,488571.3252947145,84162
0,0,72,207263.1181339975,566306.7954716037,83572
0,0,73,226980.3494732313,678510.891927082,82867
0,0,74,255497.285031681,864857.9149638364,81947
0,0,75,302847.9214064021,1249798.689726636,80527
0,0,76,372192.384902754,1980139.281201133,77347
0,0,77,361606.8689376848,2238910.632630862,64262
0,0,78,174192.9016948839,1067884.70407839,32846
0,0,79,29505.20060963747,161563.9134017362,6716
0,0,80,1263.49876399036,5868.706112747891,443
0,0,81,47.7416091602849,139.9346348897355,100
0,0,82,46.95268274814484,186.7629299910397,91
0,0,83,47.54030163062163,172.7956688298683,96
0,0,84,53.25047444408572,199.9373596376925,83
0,0,85,51.643538053266,296.3816932394043,73
0,0,86,42.17906946261886,227.3670295740898,74
0,0,87,46.81338162681182,289.1108148886817,67
0,0,88,18.80364487665118,18.56366614885691,68
0,0,89,22.90728598163888,59.63642992275796,63
0,0,90,29.7938804839625,139.2654364264462,58
0,0,91,25.79352949833305,42.17247284308663,64
0,0,92,47.94251661804787,348.1527385201254,73
0,0,93,28.64530170498346,107.7651015642254,57
0,0,94,25.94699341158455,78.86639093897412,59
0,0,95,34.21744137195097,124.1010954828817,60
0,0,96,52.72668844789429,231.8312819847313,63
0,0,97,23.11840046974689,63.08995637712516,51
0,0,98,39.53435787974058,345.4156230674374,60
0,0,99,25.97609643056835,90.03494612348075,56
0,0,100,25.14320908407839,70.67764564593698,55
0,0,101,27.94783514277658,68.36578133821112,43
0,0,102,26.42470944082034,98.34528802760096,50
0,0,103,39.06971392042249,203.6020387038209,49
0,0,104,8.937786269785958,9.324677583323757,38
0,0,105,12.65467463016817,40.66523968181022,43
0,0,106,16.79704198862952,54.75242533535578,35
0,0,107,36.96188634363693,794.9795828130854,36
0,0,108,10.51366163670285,12.82702589621979,46
0,0,109,17.53092882711628,55.9107357063058,38
0,0,110,20.76447369881526,83.71629203670634,36
0,0,111,29.69039912631515,172.4304965491154,37
0,0,112,20.66034712694524,67.7381463923215,41
0,0,113,26.13455230237457,117.7674619866062,38
0,0,114,37.30473760900938,290.1666576785418,29
0,0,115,10.45233123763716,32.4884349609411,29
0,0,116,15.3238719598383,42.70951522617494,33
0,0,117,19.63253725983964,89.97168354875461,21
0,0,118,15.85250397609371,68.18243230041432,29
0,0,119,20.67632500589043,85.88141018297672,34
0,0,120,11.08444952540506,26.4125824381209,26
0,0,121,8.595245730744068,20.82999911067467,22
0,0,122,4.6688393918394,3.728526499816629,18
0,0,123,3.95424212114011,4.371172177062522,19
0,0,124,15.1121888834209,43.40190774257157,30
0,0,125,12.44414319636311,57.05643520502444,20
0,0,126,10.98602715361282,51.43924867843997,18
0,0,127,13.11842325813877,56.86478907598241,25
0,0,128,5.191178941933581,5.086425441390326,20
0,0,129,5.059569782166523,6.386206347923215,21
0,0,130,5.11286653186034,6.930512957323436,18
0,0,131,5.263895686464155,7.906659932309287,24
0,0,132,7.409789543906365,12.87402396250883,20
0,0,133,21.52930768636304,84.75890179093786,29
0,0,134,6.4828177956586,25.28182141910523,18
0,0,135,11.55164281573937,55.78647062212023,16
0,0,136,7.077852467728183,16.434846266987,18
0,0,137,12.24352828727187,43.05893385974575,19
0,0,138,23.42123962236887,139.4035532241609,21
0,0,139,3.749883989057926,2.840044799860878,24
0,0,140,4.803468842166589,4.781209254524909,19
0,0,141,8.742487826713187,21.76888270979554,16
0,0,142,25.45954807768005,317.7902405709312,17
0,0,143,9.856223444341621,35.66588564160287,15
0,0,144,11.40266153869486,41.40902747305547,23
0,0,145,4.446125602747079,4.639207587386643,18
0,0,146,8.735082139629196,14.97155615938194,21
0,0,147,9.774569128340346,20.27041978134628,23
0,0,148,15.04605232218762,53.83043882169104,25
0,0,149,10.86313855769571,18.75584427781389,28
0,0,150,14.11184647188767,61.75610365721545,19
0,0,151,12.9112684844178,51.87404289644108,14
0,0,152,10.21203582069236,23.26336619394355,15
0,0,153,5.357631402774724,9.609057844850884,15
0,0,154,9.808800336936656,23.09507355521272,16
0,0,155,11.79576497877525,28.14328890651253,13
0,0,156,11.61101697756102,48.60917294156777,14
0,0,157,9.707033112863177,28.70068660072645,14
0,0,158,8.288847569559243,27.14118838754003,11
0,0,159,14.79015787624492,61.75135223866962,18
0,0,160,10.79713234283389,48.49446426607343,10
0,0,161,4.85026827988116,8.467292613844768,14
0,0,162,8.113791769467532,20.4399974952375,10
0,0,163,12.25488136394885,50.98524159849678,16
0,0,164,10.36111919911022,63.69843675519461,19
0,0,165,5.443688881342399,6.238077420234669,13
0,0,166,31.3486536662913,463.6105445644641,12
0,0,167,6.986945660450219,8.587531419013414,14
0,0,168,11.23472746110497,45.20225592492082,14
0,0,169,18.34694256542507,160.5836466144139,14
0,0,170,9.247876885059696,23.10222962453663,15
0,0,171,5.066390342281741,6.73278762777013,12
0,0,172,5.490476924507347,6.866798985550667,9
0,0,173,7.512620492289205,11.98198165920618,11
0,0,174,7.501882273746163,13.33953782446852,12
0,0,175,8.087641755700728,15.5372043119855,10
0,0,176,11.27764947124603,31.52099779964891,8
0,0,177,10.21460609678253,25.8541199416593,12
0,0,178,24.43189661073216,124.8530094698317,14
0,0,179,25.04883781384218,102.313364703019,12
0,0,180,29.86072918390894,175.0898711804271,11
0,0,181,25.14831193064506,132.2999334671425,13
0,0,182,13.4978423379419,52.11158576869739,15
0,0,183,19.36507163190507,98.56917458750704,12
0,0,184,6.141129346192301,14.802992785256,12
0,0,185,11.16231858611903,76.88430966051062,11
0,0,186,3.030028680065061,3.246056665853634,13
0,0,187,3.831182505705244,4.323308287479295,10
0,0,188,8.697760638335311,26.56981499589863,11
0,0,189,4.243035008269299,5.034973836213071,12
0,0,190,8.736453245261721,23.27742774598401,16
0,0,191,9.554022961580452,24.67400249083929,18
0,0,192,5.1173441910255,6.066531014623076,15
0,0,193,4.930520681710372,6.051467051629252,14
0,0,194,5.296152272366236,6.832860471569787,12
0,0,195,6.519319846922718,8.995469343477009,14
0,0,196,5.697341554157352,8.371224005273833,9
0,0,197,5.627290648662628,8.564953096648395,13
0,0,198,6.497173811385485,11.23209628703646,12
0,0,199,6.637747821693703,12.85988777749734,8
0,0,200,5.863451832846915,13.49587255292105,9
0,0,201,8.475653367232521,22.65869093074926,8
0,0,202,9.638590394011624,47.29822825318094,7
0,0,203,6.878699661379089,16.57794304370414,13
0,0,204,3.342254062289594,4.284367140092645,7
0,0,205,3.177589392560068,4.476412768092613,9
0,0,206,3.239256917827559,4.778830804808651,8
0,0,207,7.722280838541799,22.10753772086652,10
0,0,208,6.289975058568624,12.48971050187312,9
0,0,209,6.936642105081837,13.27059775937911,7
0,0,210,5.176964841173958,9.659327556525557,10
0,0,211,5.840992830751642,13.42798607025799,7
0,0,212,4.968930820342649,15.49828134304044,8
0,0,213,17.32264574848936,149.1601393823275,6
0,0,214,8.252096675555782,49.04304854973228,11
0,0,215,1.228592054466791,1.424517860039163,4
0,0,216,3.565598639819984,6.403963602044039,7
0,0,217,2.403213695138965,2.506954278701911,4
0,0,218,3.68148231654482,6.705362717454612,5
0,0,219,5.40166021103997,9.451640471609975,5
0,0,220,4.446626268615018,7.763451517985317,7
0,0,221,7.442503594465809,13.64106344081322,6
0,0,222,8.730286390738671,18.86169781710595,7
0,0,223,9.142696515160207,23.19048216371393,9
0,0,224,16.8846771898286,114.3790799168676,10
0,0,225,19.59619405640719,105.4974671913528,10
0,0,226,13.39099311845442,57.58015407991434,12
0,0,227,11.60773155348686,53.33064334341176,9
0,0,228,13.90364357876822,36.1384645699379,14
0,0,229,10.17925835025834,26.63900949821123,9
0,0,230,13.61437853486653,52.02345215424179,10
0,0,231,16.0544305119943,65.85344248344516,8
0,0,232,7.427113020902132,12.87006517165362,10
0,0,233,6.679669552610905,13.16126084278203,8
0,0,234,7.798655489317081,19.50685019474238,7
0,0,235,9.437016598134047,33.64871951778943,8
0,0,236,9.850831784593067,36.50652669554601,10
0,0,237,4.061391683514358,4.5997451879924,7
0,0,238,4.712629014635217,6.117680754013163,9
0,0,239,4.431110146567398,5.549339552970945,8
0,0,240,4.493362997229559,6.827189851405183,8
0,0,241,4.307780751366804,6.303375743751461,6
0,0,242,4.363615073045125,6.600328250950536,4
0,0,243,4.974782920348585,8.74785753846216,4
0,0,244,5.332312685129457,9.159504768834475,9
0,0,245,5.491809744786303,10.15153081819422,7
0,0,246,5.693169134066716,10.84349416190568,9
0,0,247,6.359161855624329,14.03349034349434,7
0,0,248,6.885548353585904,17.92596021358063,6
0,0,249,3.464188334738451,5.419737049538401,8
0,0,250,3.822755078356299,5.864216430377342,5
0,0,251,4.262061563288954,7.086430694730442,7
0,0,252,4.453064617024893,8.015947078309972,4
0,0,253,5.442629832325157,9.84901255843255,9
0,0,254,4.819078056388301,11.13023641858103,6
0,0,255,5.806036231433675,16.80923287596631,10
0,0,256,7.0330104154273,28.67142255896131,7
0,0,257,7.949739625643293,38.7674734300987,6
0,0,258,11.97683909313153,77.25877588239017,7
0,0,259,6.966342277533801,12.14972668601248,9
0,0,260,5.344798639242963,10.98196737443341,3
0,0,261,6.358623847804846,14.98048526414996,8
0,0,262,7.317874646889076,22.62295511898366,5
0,0,263,4.426466612741947,7.51096916745334,6
0,0,264,3.893422855176289,8.813011914219846,5
0,0,265,4.213874926642052,9.626601951929388,7
0,0,266,2.61568160451919,3.593631099931901,3
0,0,267,1.551011542626382,1.600105647482164,6
0,0,268,1.45507846833234,1.193450735282707,4
0,0,269,1.386547893212997,1.102331575713267,5
0,0,270,1.633533938897183,1.662840483647035,6
0,0,271,1.516405027109773,1.307972075870687,8
0,0,272,1.702870453714792,1.907687882382719,6
0,0,273,2.060791309712747,1.88381111220772,6
0,0,274,2.331359516547177,1.712960103149912,7
0,0,275,10.24735488295223,64.42243368717421,8
0,0,276,2.261838745163046,1.938181671417351,6
0,0,277,2.582839174598878,2.513379433973946,7
0,0,278,2.576935380423948,2.537506365171263,4
0,0,279,2.590773691913459,2.647065554306578,6
0,0,280,2.673939081473557,2.411376147513573,10
0,0,281,3.238604850878293,3.342562552581974,6
0,0,282,2.636623191907731,2.672483089620802,6
0,0,283,2.842573082490234,3.489846132353944,6
0,0,284,2.99750810557231,3.42750734974818,5
0,0,285,3.396664540228254,4.233289506661807,4
0,0,286,4.423703658829858,5.984418243783839,5
0,0,287,2.398304481594785,3.089865887025357,5
0,0,288,2.687322012858564,3.474964376080779,4
0,0,289,2.650920614019787,4.220503115906534,2
0,0,290,3.962460406177167,4.971672076208066,9
0,0,291,3.860135061852998,5.482259922595971,4
0,0,292,4.047405044770984,6.593550060187936,5
0,0,293,4.085934935310625,7.674366450865088,3
0,0,294,3.500305601556058,7.263708352005093,5
0,0,295,3.957532627022919,9.938049394149397,2
0,0,296,4.591488887688046,13.73969740881595,4
0,0,297,6.080221135908687,27.42497511778765,2
0,0,298,6.469167829764847,29.07241380077539,2
0,0,299,0.9681982251427683,0.7650140900965123,5
