# mesh name: boxMesh_1
# primitive scorer name: doseScorer
# iX, iY, iZ, total(value) [MeV], total(val^2), entry
0,0,0,7406174.698583714,8347351.37820122,10000000
0,0,1,7483732.344203052,8894805.124730058,9997935
0,0,2,7543327.231050988,9119268.279541712,9993768
0,0,3,7597911.219747852,9293685.97355023,9988507
0,0,4,7651573.834997808,9488624.087861137,9982240
0,0,5,7699616.780592084,9568340.282668404,9975237
0,0,6,7748742.248917126,9734404.439279428,9967434
0,0,7,7796093.755577968,9832641.37831736,9959112
0,0,8,7846507.030798754,10015689.3970554,9950165
0,0,9,7891828.0734771,10071759.03693124,9940467
0,0,10,7939524.255520405,10208864.76429835,9930357
0,0,11,7983237.405158781,10250080.3771941,9919577
0,0,12,8031024.426298542,10386930.58320241,9908387
0,0,13,8079261.090341173,10500257.25526027,9896860
0,0,14,8125095.161224034,10550587.37763064,9884699
0,0,15,8173705.310764115,10693586.74160428,9871886
0,0,16,8219808.553082535,10736617.69940387,9858678
0,0,17,8266200.155015483,10759072.21472707,9845023
0,0,18,8315875.182661664,10918554.3783187,9831215
0,0,19,8361847.302050606,10959819.84797524,9816707
0,0,20,8412765.251058802,11096326.48854076,9801780
0,0,21,8449502.31913735,11159029.36035886,9786835
0,0,22,8441782.74666772,11211492.47037437,9771004
0,0,23,8477401.257275637,11258873.93896566,9754905
0,0,24,8548784.993987966,11453687.95325179,9738319
0,0,25,8620030.604464665,11484494.63770197,9721314
0,0,26,8695878.528584264,11585474.89275878,9704032
0,0,27,8771602.488647735,11710874.27048757,9686254
0,0,28,8848877.970673431,11910097.03194255,9668136
0,0,29,8927818.110779727,12124481.73999396,9649651
0,0,30,9004439.965723393,12251919.05228961,9630930
0,0,31,9078409.725572417,12444401.74660541,9611886
0,0,32,9151974.662063953,12666378.47222981,9591980
0,0,33,9215368.718213562,12679404.32115052,9572052
0,0,34,9275712.700802865,12835896.96091215,9551293
0,0,35,9332783.778961726,12941328.26978351,9530457
0,0,36,9386649.728310838,13058531.57461937,9509147
0,0,37,9440413.530476384,13146440.78392343,9487494
0,0,38,9501724.175945602,13382547.96921819,9465455
0,0,39,9563309.460934563,13522024.23002042,9443260
0,0,40,9632202.517300844,13697049.58091277,9420801
0,0,41,9704843.624392502,13782517.39219386,9397648
0,0,42,9789254.301092897,13972549.87969999,9373931
0,0,43,9881217.36310407,14188736.70738455,9350161
0,0,44,9989136.64159408,14503847.9368707,9325534
0,0,45,10104922.95446308,14817782.47398517,9300546
0,0,46,10228634.77110838,15053752.27265614,9275147
0,0,47,10367856.06705268,15515530.85362619,9249538
0,0,48,10509621.13725198,15752317.29657095,9223290
0,0,49,10661292.23568724,16085586.34880616,9196514
0,0,50,10822005.81120809,16581415.50195714,9169405
0,0,51,10983740.9452024,17041715.72436088,9141758
0,0,52,11144313.40718732,17447357.73337212,9113461
0,0,53,11301563.91768679,17820076.85514416,9084910
0,0,54,11459480.46692641,18343262.46819846,9055526
0,0,55,11623022.6272574,18871674.21480157,9025875
0,0,56,11793431.95787477,19324052.37031534,8995261
0,0,57,11986473.00034188,19926799.36473513,8963717
0,0,58,12213248.15536659,20811571.47520826,8931685
0,0,59,12479493.63679122,21972876.42845747,8898776
0,0,60,12772783.51034975,23183146.59955937,8864096
0,0,61,13082564.49970272,24158932.48558421,8828973
0,0,62,13413065.64558975,25091379.01984001,8792150
0,0,63,13771595.41005507,26161053.73609439,8754816
0,0,64,14142104.19676748,27305833.27864534,8716313
0,0,65,14546193.60179042,28588581.42083855,8676937
0,0,66,15017418.64696065,30252182.49512555,8636995
0,0,67,15582448.07503234,32284455.75887744,8596103
0,0,68,16260562.01207146,34896356.22362553,8553690
0,0,69,17066729.08682369,38285337.05090301,8509174
0,0,70,18024015.30335505,42682445.7970186,8461952
0,0,71,19196903.84100583,48517512.32847725,8409740
0,0,72,20703795.5933105,56473642.90624148,8350073
0,0,73,22700601.70384884,67964115.50566736,8278593
0,0,74,25553511.93849286,86716911.42572884,8184442
0,0,75,30242567.29421625,124689304.3207651,8043933
0,0,76,37157034.15810522,197657423.7078491,7719245
0,0,77,36167426.40789017,224083026.6603854,6423672
0,0,78,17405006.07223034,106851623.0577456,3280080
0,0,79,2882106.805711994,15780244.66036824,661423
0,0,80,131431.2872525413,614031.0550456747,44660
0,0,81,5590.300356319105,23730.87823249141,8918
0,0,82,4510.056973231658,21890.49579381069,8111
0,0,83,4211.720150626939,20769.2295735424,7793
0,0,84,4038.089590678377,19976.30515314313,7323
0,0,85,4015.530169738953,22605.21488253011,7044
0,0,86,3663.422206393913,16935.92734868204,6772
0,0,87,3791.476872846944,19612.85259635347,6546
0,0,88,3574.256578396212,18150.89777075783,6325
0,0,89,3550.048287053414,18140.48517558697,6154
0,0,90,3232.209298335466,15601.58972102265,5925
0,0,91,3195.824964511063,15340.07470812902,5602
0,0,92,3214.375803974458,15718.62728188258,5477
0,0,93,3139.080839605309,16820.17550219374,5239
0,0,94,2972.855606690013,15665.63019529861,5117
0,0,95,2939.6327561678,14846.65205300823,4978
0,0,96,2797.501903383613,14190.80186940344,4846
0,0,97,2689.544312909044,12860.65145690923,4744
0,0,98,2721.431870295571,13385.73794541235,4504
0,0,99,2341.639011904514,10427.81345749051,4446
0,0,100,2500.880035078232,12405.12135791807,4293
0,0,101,2154.334299865917,9363.138832448725,4200
0,0,102,2310.625028058316,11385.17917412714,4111
0,0,103,2034.167460757702,8285.881128482604,3942
0,0,104,2159.27816653507,11427.2460024898,3800
0,0,105,2186.265673465213,11666.23262795374,3662
0,0,106,2063.240637846148,10724.04061203446,3608
0,0,107,1883.049910445684,9458.921872605944,3441
0,0,108,2113.090023843945,11503.66832181392,3508
0,0,109,1709.380905311152,8120.164401021289,3334
0,0,110,1768.566418296765,8215.785832729765,3240
0,0,111,1869.525916209852,8736.718795844487,3194
0,0,112,1827.132354015365,8977.543530962372,3157
0,0,113,1710.029564847736,8339.742904168677,3004
0,0,114,1878.037146982306,10250.97098426115,2965
0,0,115,1659.221395935466,7916.325255198011,2873
0,0,116,1594.953120942186,7779.540086929857,2739
0,0,117,1596.048092913794,8475.39951624831,2575
0,0,118,1487.091806191339,7277.662040860195,2578
0,0,119,1474.588896894579,7269.330913915324,2546
0,0,120,1359.75151808482,6488.644480779619,2394
0,0,121,1394.253624680708,7670.409815785037,2435
0,0,122,1273.10498063244,5420.062162459363,2431
0,0,123,1260.02518400099,5891.950347985569,2351
0,0,124,1333.475310689896,6583.719548016476,2301
0,0,125,1313.058608786678,6169.699789020838,2287
0,0,126,1376.59649497599,6898.82228529766,2145
0,0,127,1234.098980668616,5397.727724687159,2188
0,0,128,1184.427796742541,5685.3065241815,2138
0,0,129,1265.963069689707,7691.316556829965,2087
0,0,130,1280.522862526484,7575.199273838531,2002
0,0,131,1116.469650732146,5358.420052457795,1987
0,0,132,1176.982392509117,6744.731629708712,1917
0,0,133,1255.293857127829,7058.732367470104,1900
0,0,134,1094.170274610449,5154.5769140356,1867
0,0,135,1095.005989649235,5605.482355867332,1874
0,0,136,1109.004230221027,5484.025637738841,1790
0,0,137,1096.964720441506,6070.806248056716,1712
0,0,138,977.8561450922015,5211.172267306212,1748
0,0,139,960.4716753459867,4471.676230601801,1752
0,0,140,1054.675794829847,5815.04880484712,1733
0,0,141,935.5662595267902,4928.157740644609,1692
0,0,142,948.7356064484338,7626.736455998611,1559
0,0,143,921.6256422895548,6279.977302264534,1617
0,0,144,854.8717433889657,4375.884133266845,1493
0,0,145,864.9792741939093,4383.77384524331,1527
0,0,146,847.6810406098323,4236.920753912776,1455
0,0,147,810.2613969735969,4094.293334363594,1467
0,0,148,831.3456461400605,4061.993429061856,1474
0,0,149,884.9470215195608,5740.164849511984,1481
0,0,150,844.5608122695201,5150.308873054418,1359
0,0,151,736.3174148231035,3264.671533530883,1366
0,0,152,801.9857175669399,3920.855127348671,1371
0,0,153,753.6234502588543,3677.222508583293,1387
0,0,154,746.4902832449864,3716.280955233445,1354
0,0,155,718.0561427212191,3826.587871398706,1278
0,0,156,760.1455188950424,4037.111878943224,1281
0,0,157,708.4537866728336,3501.08402310142,1215
0,0,158,730.4281327201102,3753.166934726642,1205
0,0,159,724.1941824754094,4183.069705926187,1194
0,0,160,701.8671775841965,3287.331678882277,1163
0,0,161,669.0807970251547,3096.730846675437,1154
0,0,162,716.7721306581709,3872.525387336493,1155
0,0,163,682.0255893934536,3759.759746333682,1113
0,0,164,685.7824785799936,3905.027566290851,1095
0,0,165,533.0376304876784,2383.863606251709,1059
0,0,166,604.893642964654,3233.417709091515,1045
0,0,167,571.2296832009906,2776.985168462694,1062
0,0,168,600.9927774062761,3002.228052233838,1014
0,0,169,679.1540399979006,4414.465779478,1037
0,0,170,505.4164639984167,2454.664769168549,996
0,0,171,492.6622404742433,2488.089908467586,1015
0,0,172,631.3993678991804,3834.037498290389,967
0,0,173,577.558356196193,2890.586266245597,943
0,0,174,577.9582913444851,3106.044986056361,942
0,0,175,475.8101908660574,2347.694888815801,933
0,0,176,568.0642433689359,2919.623542064242,949
0,0,177,530.204341472933,2368.587719944748,908
0,0,178,472.1444526544389,1844.951859991562,870
0,0,179,427.9665074401368,1627.799607707393,880
0,0,180,488.4929812030861,2618.319740512703,848
0,0,181,470.81179991903,2542.611845621419,888
0,0,182,526.0966236510321,2729.652986039376,852
0,0,183,486.2015550217633,2321.98697831533,778
0,0,184,489.8380860931583,2449.990569982284,782
0,0,185,486.1926215444024,2488.060596200716,761
0,0,186,516.4212462477431,2988.022282438814,779
0,0,187,575.9967596735067,3264.579358659071,859
0,0,188,519.8272396618778,2508.653300432198,824
0,0,189,513.0110712128233,2404.567134038865,737
0,0,190,454.3101441184407,2004.998500964213,751
0,0,191,375.2160915750618,1369.961454338907,746
0,0,192,421.8187420136084,1661.633943870477,753
0,0,193,453.0025926760169,2236.995101581312,742
0,0,194,432.8746676111327,2200.160403518618,699
0,0,195,427.1550180480284,1781.154175747282,737
0,0,196,388.5432732380194,1703.467147732355,652
0,0,197,480.0091200518866,2722.021132359212,726
0,0,198,425.0707055706759,1976.804632239418,681
0,0,199,498.6037545280235,3237.557048168103,669
0,0,200,402.1847911055584,1690.659993876818,669
0,0,201,458.8163080557562,2238.276524674793,642
0,0,202,435.1052187494746,2089.361194403642,647
0,0,203,351.3172575098435,1494.556579624426,665
0,0,204,436.4318011151053,2490.591689461271,602
0,0,205,422.9967503877555,3722.364096730324,569
0,0,206,460.0499186692766,2744.538509715487,615
0,0,207,245.0792235270185,721.3380498638747,570
0,0,208,392.9444645289016,2198.070486555555,616
0,0,209,310.6983911763994,1333.14257629592,576
0,0,210,296.6677190620678,1279.34292425186,565
0,0,211,302.9156442543839,1293.279188045872,576
0,0,212,264.817050263034,920.4858311917977,568
0,0,213,391.4809401121376,2165.645811325943,539
0,0,214,350.622897931245,1468.257665273749,572
0,0,215,315.2694428916362,2008.37304031202,545
0,0,216,269.5753061568689,1007.449795355047,495
0,0,217,291.285416629396,950.692145415596,542
0,0,218,384.496729135286,1967.774179845264,567
0,0,219,345.6415556091638,1978.889396290185,482
0,0,220,329.4049934404483,1695.457180507697,498
0,0,221,328.9401531879113,2398.767635113916,492
0,0,222,290.649331042729,1213.438889404438,492
0,0,223,301.0203971324221,1647.738432636944,507
0,0,224,316.0083013571851,1691.543769797609,522
0,0,225,286.0747707789785,1131.339963273573,504
0,0,226,297.0842983471786,1426.112647969458,476
0,0,227,255.1883502908816,1002.902650283551,509
0,0,228,280.1153103255236,1219.328603333841,481
0,0,229,278.3594232570955,1209.205598888837,464
0,0,230,315.1770349351386,1626.115697951187,490
0,0,231,282.5712056245114,1187.876639462014,503
0,0,232,230.6376129386325,898.048816340441,478
0,0,233,240.0267104219079,1229.617072004638,433
0,0,234,251.7483316322405,939.290202183465,459
0,0,235,245.627631263786,957.7121177149465,470
0,0,236,248.0744324099308,1328.851884269047,441
0,0,237,266.31466168291,1291.08788752225,482
0,0,238,257.3510055087808,1136.739530824751,459
0,0,239,227.1347774992588,888.1394568261001,464
0,0,240,242.255659134313,1033.202239493548,429
0,0,241,196.3535301372655,673.1425693392353,448
0,0,242,262.4475423068858,2066.325895067018,444
0,0,243,190.6846989545913,681.5114083378336,452
0,0,244,247.1056077637949,1785.42033180053,421
0,0,245,216.1609196536932,901.5888526904519,393
0,0,246,254.8364445084057,1460.257634341348,422
0,0,247,191.5206544923835,594.9289732917882,382
0,0,248,174.272135212151,494.8740782490224,386
0,0,249,194.5797158684008,971.2970828572109,363
0,0,250,222.0220191400545,1086.548944685113,387
0,0,251,179.1899012754512,741.4962326219073,331
0,0,252,166.0286497400217,640.2941320123525,348
0,0,253,147.7366859994227,362.5888443505643,372
0,0,254,156.92799043406,413.9142219735546,359
0,0,255,204.7587093807659,1097.461896815592,364
0,0,256,212.217234341381,948.1122908123181,365
0,0,257,200.1793261487718,784.7851069028534,363
0,0,258,173.8782956815291,524.2443909085182,357
0,0,259,230.9464396153874,1948.477967478786,360
0,0,260,203.164433465427,1010.53643028749,359
0,0,261,165.8191637840559,569.701301901584,361
0,0,262,182.7683224510187,572.6977003561349,352
0,0,263,226.1895909731231,1124.564955569009,361
0,0,264,179.3883782891026,638.5980891356799,342
0,0,265,224.2491862252207,1225.843207732705,366
0,0,266,215.5591939029347,1326.314883647919,338
0,0,267,228.1940587891611,1276.964862698321,339
0,0,268,229.0296360107473,1398.067803150913,312
0,0,269,204.7797573869742,830.3451621017637,315
0,0,270,219.6883128499298,1100.373432660356,326
0,0,271,196.6159512779088,851.420642467195,328
0,0,272,177.622670138432,683.5749424323042,331
0,0,273,183.2082664333381,727.1823348494936,318
0,0,274,168.3578814236374,491.729011185272,337
0,0,275,217.7616213567858,1924.764806674208,302
0,0,276,160.3188639486718,552.5233619718091,288
0,0,277,191.2088902783665,1459.461213256492,325
0,0,278,212.5080346980293,1235.71807475989,317
0,0,279,222.2753089226869,911.908080716226,335
0,0,280,214.6054468768091,856.0321490541805,351
0,0,281,184.0203560482353,603.181184825043,295
0,0,282,179.0321695560671,690.3599153709052,327
0,0,283,171.1056479542109,896.8148297519901,334
0,0,284,124.3524300993819,299.2674242539001,332
0,0,285,150.1835459616274,525.6244834992276,301
0,0,286,162.9044837142939,465.6067748822298,338
0,0,287,166.1148159635647,532.5787598245644,329
0,0,288,182.6870367021965,637.0356393297311,307
0,0,289,172.2865106648164,621.0557663496786,290
0,0,290,230.449840655867,1263.803555788211,328
0,0,291,165.0875252246681,532.8502077896715,303
0,0,292,159.7083377073093,401.0530316047855,297
0,0,293,191.0932080804213,673.9838860473126,280
0,0,294,171.6412791824537,503.982460962385,306
0,0,295,150.7195819352355,397.6111161244178,290
0,0,296,164.6403931637062,567.2137025489064,299
0,0,297,191.7192036458349,1040.094651874427,285
0,0,298,149.9728171340052,536.422873653071,242
0,0,299,154.4083880603702,603.6458748790801,392
