# mesh name: boxMesh_1
# primitive scorer name: doseScorer
# iX, iY, iZ, total(value) [MeV], total(val^2), entry
0,0,0,7299833.026028048,8249984.099700702,10000000
0,0,1,7375379.869901095,8788711.060607763,9997979
0,0,2,7433217.797670345,8976777.363824025,9993928
0,0,3,7484446.218961995,9107452.963534383,9988738
0,0,4,7537245.553595642,9325172.071279489,9982694
0,0,5,7582573.11037701,9361073.29661287,9975835
0,0,6,7630159.487865331,9511626.358521689,9968255
0,0,7,7674917.732795829,9631485.325103156,9960085
0,0,8,7725144.251276872,9897601.82844121,9951350
0,0,9,7769475.446011725,9968188.937885212,9941835
0,0,10,7812285.192421366,9992642.802761979,9931779
0,0,11,7854200.545028731,10086236.07789395,9921242
0,0,12,7897873.85725325,10179446.92998471,9910263
0,0,13,7942661.72584394,10287961.42219536,9898840
0,0,14,7986185.433186034,10300005.5129957,9887059
0,0,15,8031643.817801792,10450879.86882286,9874590
0,0,16,8075394.730725804,10486325.22572845,9861586
0,0,17,8119534.462776509,10570420.90207218,9848279
0,0,18,8164958.848696051,10659019.51533217,9834661
0,0,19,8209679.571809768,10717669.34848316,9820716
0,0,20,8258618.835140206,10860638.50489906,9806128
0,0,21,8305576.864010157,10942474.31469905,9791377
0,0,22,8353082.635117521,11013991.35643705,9775928
0,0,23,8402389.942682963,11159463.61226706,9760060
0,0,24,8426063.568206295,11197699.3968378,9743951
0,0,25,8417521.52315448,11200000.0379443,9727333
0,0,26,8463555.590699967,11199603.6659348,9710405
0,0,27,8535538.050637584,11370164.55169774,9693270
0,0,28,8606859.109762192,11474909.57046383,9675356
0,0,29,8681985.570024017,11638280.1886306,9657389
0,0,30,8760747.970436743,11861773.37769441,9639211
0,0,31,8832547.511606708,11923662.5315811,9620476
0,0,32,8910908.981122689,12155107.51490333,9601406
0,0,33,8985967.500156824,12312521.48314063,9581908
0,0,34,9058342.010140698,12490469.95261751,9561776
0,0,35,9125129.162390413,12576898.35177594,9541254
0,0,36,9187138.736954965,12684920.44485005,9520312
0,0,37,9248950.357378054,12849665.73335722,9499382
0,0,38,9305202.692000605,13004419.29973332,9478045
0,0,39,9359018.55060897,13128766.75416791,9456300
0,0,40,9411647.458062666,13175304.14847039,9434532
0,0,41,9468772.980487775,13344571.07411188,9412099
0,0,42,9531539.87180287,13479396.38802653,9389278
0,0,43,9596900.309462991,13538232.56664014,9366188
0,0,44,9677725.138547815,13836943.50819281,9342761
0,0,45,9763292.915524088,13994419.10284333,9318972
0,0,46,9860706.861010144,14284875.23547577,9294532
0,0,47,9962746.243639922,14462563.93522521,9269788
0,0,48,10081572.9481741,14803553.97477861,9244595
0,0,49,10207292.70000536,15095583.18582854,9219072
0,0,50,10343419.07938678,15441532.93640419,9192779
0,0,51,10488943.71316191,15793867.9662636,9165912
0,0,52,10641297.94827833,16207102.03431063,9138905
0,0,53,10797977.99627852,16530275.18819115,9111573
0,0,54,10961976.82670817,17080214.51579164,9083824
0,0,55,11122060.15258627,17570690.2990069,9055027
0,0,56,11276724.9877028,17913968.46130577,9025708
0,0,57,11431239.31377834,18356165.55265797,8996083
0,0,58,11591408.3638183,18836137.26169193,8965787
0,0,59,11765193.17762358,19315739.37001391,8934728
0,0,60,11965598.14980331,20003226.44139084,8903440
0,0,61,12199570.0154462,20914087.23786339,8871050
0,0,62,12471447.54939416,22137286.27160532,8838157
0,0,63,12765491.83346762,23277368.70530377,8803674
0,0,64,13075802.4479745,24193038.34648288,8766951
0,0,65,13409814.78769296,25166897.82333083,8729607
0,0,66,13764304.95291555,26214493.41875558,8692081
0,0,67,14141463.45722408,27366807.52306898,8653773
0,0,68,14558638.50945457,28767390.56229056,8615004
0,0,69,15041526.66942242,30429697.95360379,8574652
0,0,70,15629908.34670023,32619234.29684091,8533752
0,0,71,16332308.38875918,35409229.3880966,8490852
0,0,72,17165591.01048806,38986227.61937065,8445551
0,0,73,18158756.01378812,43663118.20202583,8397056
0,0,74,19390387.71729867,49859182.69294474,8343869
0,0,75,20982983.81095453,58453679.19379218,8281919
0,0,76,23117523.98038783,71106682.93745485,8205483
0,0,77,26261783.98303197,92768028.59629586,8102936
0,0,78,31489705.31040714,137920033.0514275,7937478
0,0,79,37697044.00949217,209841705.3836758,7480339
0,0,80,32526982.67466557,202750050.2451887,5780741
0,0,81,13208371.67050732,79968770.56435069,2556377
0,0,82,1870462.709820108,10072338.30687518,442314
0,0,83,77297.67601179668,355272.3248473062,29776
0,0,84,5411.050853696968,26844.83406384703,8843
0,0,85,4461.824095764068,21105.04012676343,8185
0,0,86,4158.310614828378,20997.39837114451,7712
0,0,87,4037.22679839291,21561.06806256029,7380
0,0,88,3888.20075599548,18893.88241873251,7100
0,0,89,3928.862780069114,21333.199658495,6906
0,0,90,3856.688627158773,19698.64832344221,6597
0,0,91,3523.862760239658,17082.04474655798,6379
0,0,92,3326.61604506223,14217.09638152378,6060
0,0,93,3309.223132728534,16184.56721734911,5962
0,0,94,3327.204755402784,17333.17560163207,5704
0,0,95,3243.874166338402,16883.74325679507,5580
0,0,96,3091.334481794495,14728.48517383454,5295
0,0,97,3153.704323029183,17394.53261312298,5144
0,0,98,2817.279507587476,13769.25794941809,4898
0,0,99,2758.83869878902,13618.35984646643,4918
0,0,100,2810.891555544664,15507.53276854148,4685
0,0,101,2781.428382266724,14619.78806087842,4620
0,0,102,2563.910470548359,12592.20138914927,4383
0,0,103,2684.294785262052,13595.74196235234,4333
0,0,104,2333.933203545799,10997.71741088834,4092
0,0,105,2362.273910438829,11722.16023815521,4011
0,0,106,2261.93558025518,11159.77193236208,3910
0,0,107,2242.649816735366,13328.45974734506,3667
0,0,108,2132.413066977824,11438.42059409077,3679
0,0,109,2073.604225627533,10147.33606942915,3535
0,0,110,2182.939364357719,12310.98090429893,3514
0,0,111,1882.140152944425,9646.149907069077,3290
0,0,112,1856.140867670066,9620.223758654587,3306
0,0,113,1753.427172828308,9168.378361947049,3241
0,0,114,1745.448405857435,9300.311918612404,3096
0,0,115,1745.300085094168,7741.254237899134,3120
0,0,116,1877.293156949398,10756.37328786566,3084
0,0,117,1704.127752212961,9870.13543591427,2946
0,0,118,1742.351659234158,9489.986660820992,2877
0,0,119,1749.964520592638,8516.397218757222,2827
0,0,120,1789.840999879539,9619.826522780932,2746
0,0,121,1649.767396680234,8397.755405783164,2658
0,0,122,1508.618654753137,7801.553182927362,2597
0,0,123,1482.56527426894,7725.549548244329,2494
0,0,124,1340.879617004945,6336.114250324577,2507
0,0,125,1302.441169480203,5485.301544505672,2485
0,0,126,1322.682840381576,6107.690484204762,2366
0,0,127,1285.334812475377,5620.164580073798,2317
0,0,128,1294.051497249468,6415.013988792149,2293
0,0,129,1252.121309199392,6325.637521675111,2273
0,0,130,1436.172707995713,8474.234187473739,2245
0,0,131,1280.514000323791,6327.283186544684,2138
0,0,132,1185.831341691148,6162.793530353327,2062
0,0,133,1147.467436792927,6129.243793584109,2006
0,0,134,1154.964759310792,5938.968128150835,2023
0,0,135,1180.295928576562,6890.048636923164,1952
0,0,136,1220.527837432534,6842.636431192595,1978
0,0,137,1087.939345212155,5270.374946845637,1924
0,0,138,1056.926098594792,4719.015018754262,1904
0,0,139,1133.763409154543,5867.568785778997,1823
0,0,140,1017.173883261868,5700.125324344805,1744
0,0,141,930.4413793771876,4108.673569555497,1726
0,0,142,984.9273340342043,4806.489659467417,1714
0,0,143,1146.944369639855,9252.931678542818,1763
0,0,144,985.2088280800592,4796.878419264543,1661
0,0,145,970.8705490622577,5635.553188328411,1661
0,0,146,969.5704302702112,4672.928344013957,1611
0,0,147,986.8506000697291,6002.384793011932,1564
0,0,148,1048.74401405321,6905.973305508465,1528
0,0,149,943.0775030961786,4799.119074330644,1530
0,0,150,882.7207001439706,5232.88186937624,1478
0,0,151,885.0843391906297,5095.749596434451,1443
0,0,152,906.8603687512646,5912.92643304776,1420
0,0,153,768.485302671435,4082.848455003733,1393
0,0,154,848.8067180429307,4927.544678373017,1371
0,0,155,867.2127367007045,5629.269707410684,1356
0,0,156,819.5673914843729,4149.946709764595,1336
0,0,157,815.3634793977308,4886.506225750194,1325
0,0,158,712.8872522613235,3329.799721836923,1330
0,0,159,821.4642862289174,3931.686417401005,1343
0,0,160,726.4329906388507,3287.98901011356,1262
0,0,161,663.399001518269,2827.392411988189,1265
0,0,162,679.4298860420515,3301.227983181413,1212
0,0,163,704.0509627921958,3039.189915821651,1198
0,0,164,642.0249072790861,3197.039063278225,1173
0,0,165,763.9071039795505,4009.010334719806,1143
0,0,166,721.1735457586975,3517.007675893939,1154
0,0,167,703.5020491229955,3417.177340010896,1142
0,0,168,719.7326362469103,4227.764473954945,1155
0,0,169,640.2349165902486,3466.004966614428,1139
0,0,170,643.5079202101527,3481.841294955549,1080
0,0,171,653.1819961763219,3253.473658308028,1068
0,0,172,800.4928361603343,5096.668256342126,1077
0,0,173,656.9263635285897,4086.09275610212,1051
0,0,174,555.4597914761544,2650.55542639789,1011
0,0,175,533.5987860551306,2094.457011550447,1057
0,0,176,538.317367776783,2470.826478628913,1024
0,0,177,656.1385569110215,4100.854950637362,1025
0,0,178,592.9799236424626,2772.609576508796,965
0,0,179,661.2388200842436,4041.494407224576,964
0,0,180,590.193890509559,3121.115766800202,926
0,0,181,538.613908406396,2433.514487964575,914
0,0,182,526.1321034088194,2650.905866846794,885
0,0,183,551.0154208335691,2756.30288895462,916
0,0,184,514.7127037498148,2515.973211235611,884
0,0,185,595.4945895875838,3160.809488566073,832
0,0,186,548.3113716621025,2460.425178542105,858
0,0,187,568.4462292317805,3219.881629631964,870
0,0,188,564.0409376345372,2888.8278082891,857
0,0,189,468.2281596367271,2127.025617266169,797
0,0,190,485.8333947190643,2633.149205167579,794
0,0,191,442.7551524243364,2708.355675174563,746
0,0,192,448.4675354408379,1977.820920471675,796
0,0,193,507.86656328917,2834.412204485427,767
0,0,194,461.4224629463057,2510.153342523953,791
0,0,195,429.0117915797259,2280.222308242027,754
0,0,196,375.0531527067467,1473.511182065253,779
0,0,197,328.6943657643468,1479.700712396293,726
0,0,198,399.422529456474,1814.38175735647,715
0,0,199,410.5322091236278,1664.823709957725,737
0,0,200,440.0420893855919,2413.715453047167,727
0,0,201,403.9119345190694,2019.692909214833,734
0,0,202,365.0329013993168,2302.453483924081,703
0,0,203,425.6675255467687,2605.587503852069,682
0,0,204,408.8297183131859,1973.363396004171,653
0,0,205,390.3367268840838,2141.74846709787,643
0,0,206,387.5118377355611,1634.211046395938,682
0,0,207,433.7505123809279,2131.217490797269,672
0,0,208,366.0666389645443,1392.654296059536,651
0,0,209,452.1347251769103,3770.187707561711,626
0,0,210,447.8908541908834,2640.083857369575,666
0,0,211,442.2415235537698,2257.536869709444,630
0,0,212,410.6853960561685,2197.473409837269,655
0,0,213,357.5548637208251,2182.259202615721,611
0,0,214,353.1976140479092,2295.430603552436,578
0,0,215,342.598632030021,1979.726346725609,552
0,0,216,315.4898654738704,1472.174800286696,537
0,0,217,329.3951565559404,1686.689704757397,544
0,0,218,358.2748586075242,2093.334998609316,509
0,0,219,314.1096826650389,1597.347492169,540
0,0,220,275.6544108596815,954.146007249181,553
0,0,221,305.3357498180109,1552.883678144772,563
0,0,222,317.4883624997556,1956.912442577961,516
0,0,223,294.1198114805121,1133.64708932954,538
0,0,224,309.023420461389,1332.628799603045,543
0,0,225,285.0847114895718,1058.371074499853,529
0,0,226,344.5950868809943,2311.940186968174,528
0,0,227,289.3137973218591,1687.875762154985,474
0,0,228,254.4919407874278,1061.230768757197,500
0,0,229,298.9669187547584,1949.426932088911,492
0,0,230,309.6787127434092,2128.332247266901,470
0,0,231,270.9617290130079,1192.964522771801,498
0,0,232,277.9369616900049,1127.847722555425,510
0,0,233,340.5083201434773,2133.277306029392,505
0,0,234,252.7688601411745,883.1570799125296,468
0,0,235,266.571110793383,1045.12999945344,454
0,0,236,269.4757284441489,1004.618265069706,491
0,0,237,282.2256797873657,961.1304608760936,457
0,0,238,340.4954662722747,1818.153281556575,485
0,0,239,311.8541335343082,1669.615353267157,487
0,0,240,291.352958653728,1265.160349505705,482
0,0,241,287.6373295201158,1239.843987629471,480
0,0,242,322.6282922768543,1631.89141587419,468
0,0,243,311.8549292628348,1868.648749436706,429
0,0,244,325.5739326345155,2087.543967240245,446
0,0,245,233.2166806057744,883.4133481215192,444
0,0,246,241.1478741764856,848.7094551660203,402
0,0,247,268.0311385778915,1972.439205142574,417
0,0,248,245.0336036265889,931.1604883153037,411
0,0,249,265.6997457459593,1075.464099134556,429
0,0,250,285.8819182080119,1370.157061306973,426
0,0,251,239.8647103695371,1000.779095416067,368
0,0,252,198.8536916419177,832.3557954045892,419
0,0,253,203.7245417002,1010.212931996852,359
0,0,254,199.264875780417,618.0603126462346,395
0,0,255,277.7127899171068,2679.942947182097,372
0,0,256,240.2286613848934,1112.740684595616,375
0,0,257,187.3917981152015,689.1071960773246,393
0,0,258,192.9678380080099,676.9944921893964,370
0,0,259,212.8225783984088,724.5599650185802,351
0,0,260,236.8244265091444,962.9174622041214,355
0,0,261,248.8052103489296,1243.236954062122,362
0,0,262,236.0159017510504,1754.221401115309,333
0,0,263,207.0419108582578,1185.803006565308,362
0,0,264,218.9846899314774,1867.600976416421,351
0,0,265,180.3724644792464,782.7202854435253,365
0,0,266,153.418802337469,530.1068585637832,313
0,0,267,193.5477480373413,849.3053645821107,332
0,0,268,219.7175223556534,1765.705787136158,332
0,0,269,151.3845243625626,436.0820462260225,358
0,0,270,169.1541038991958,668.9097696075545,327
0,0,271,199.7052860594413,837.3513056866385,342
0,0,272,194.3271942566494,717.3157602337087,346
0,0,273,214.1932624344969,1422.114020581437,321
0,0,274,179.7949729825085,708.0439548428274,324
0,0,275,226.0277284053677,1312.086520865487,336
0,0,276,190.7706004405462,932.4972516351107,354
0,0,277,142.9906405319952,557.2462496985503,301
0,0,278,135.0974671935605,480.7536228492204,341
0,0,279,126.4500664073533,359.3394552328244,318
0,0,280,139.811144533274,541.4072992041616,339
0,0,281,133.2316644265492,345.0628674166103,320
0,0,282,156.1835736458305,905.861383431949,297
0,0,283,157.5845756299469,534.658833987032,324
0,0,284,158.5636158468407,543.6393671601013,326
0,0,285,196.2139794974368,844.1403122019183,318
0,0,286,207.4218828301043,1024.430677545097,311
0,0,287,177.5432986260406,520.7714298840399,320
0,0,288,169.0762223388076,568.8997903893055,306
0,0,289,185.4113055191666,667.1411253867714,336
0,0,290,167.9514147083731,604.541239540308,332
0,0,291,197.6619928616725,896.1140076264552,313
0,0,292,157.924723270782,662.4569341247185,302
0,0,293,181.1107793376505,679.9787228731584,296
0,0,294,169.1525327822719,491.179715551618,305
0,0,295,173.8872487207834,630.6094882812056,282
0,0,296,195.0825551684226,761.5322697809127,312
0,0,297,190.9230434838982,851.7151888879554,292
0,0,298,213.3154506456478,1203.283296833197,289
0,0,299,182.8661309000072,879.5621635676924,414
