# mesh name: boxMesh_1
# primitive scorer name: doseScorer
# iX, iY, iZ, total(value) [MeV], total(val^2), entry
0,0,0,7196696.979024936,8133877.200908341,10000000
0,0,1,7270161.199817559,8673669.752782272,9998019
0,0,2,7325975.302274773,8806099.065941,9994083
0,0,3,7375426.064755124,8941320.132851608,9988927
0,0,4,7427748.14658118,9205877.318258977,9983005
0,0,5,7471353.311578355,9266957.314884761,9976283
0,0,6,7516917.930035853,9375283.074843587,9968856
0,0,7,7560233.55282412,9509262.966992263,9960777
0,0,8,7606409.588346822,9693307.596762532,9952166
0,0,9,7648842.197877797,9767774.104267692,9942884
0,0,10,7689439.799902887,9767517.138064183,9933052
0,0,11,7730351.433029035,9930583.117165966,9922820
0,0,12,7769765.14867953,9931159.887762453,9912078
0,0,13,7814241.590207608,10108545.64311487,9901121
0,0,14,7854816.269024898,10095426.93566455,9889212
0,0,15,7899997.837517132,10321053.76773114,9877145
0,0,16,7939468.085213342,10289891.96471566,9864562
0,0,17,7978892.013459246,10288301.57720015,9851376
0,0,18,8021370.235984005,10380319.39407161,9837971
0,0,19,8065126.967047234,10526721.53734459,9824285
0,0,20,8110799.252363565,10641811.13420569,9810135
0,0,21,8153227.252953417,10679977.67919559,9795598
0,0,22,8198959.993869124,10759880.61578039,9780645
0,0,23,8247320.012790785,10979493.52044283,9764965
0,0,24,8292254.700033255,11003331.85130341,9749236
0,0,25,8339009.434186847,11147352.82982341,9732985
0,0,26,8379401.918628553,11081200.07327448,9716628
0,0,27,8393260.423846969,11104532.46219941,9699608
0,0,28,8392572.200347723,11124708.70177175,9682272
0,0,29,8446017.418257052,11215905.81937252,9664783
0,0,30,8519911.377502881,11445258.60475335,9647010
0,0,31,8589494.807835964,11526721.85962482,9628813
0,0,32,8661802.970021471,11622983.31267172,9610115
0,0,33,8738939.317201655,11840152.14385034,9591258
0,0,34,8811927.634615231,12001017.59152318,9571647
0,0,35,8885554.462112177,12080260.56786069,9551783
0,0,36,8958289.282262046,12271088.63988892,9531507
0,0,37,9032071.26566036,12537279.65803427,9511011
0,0,38,9096117.69504346,12554421.30722447,9490632
0,0,39,9159980.627377788,12723990.81282998,9469219
0,0,40,9217071.623490809,12824571.32257124,9447793
0,0,41,9271943.276169579,12985461.53159873,9426034
0,0,42,9325136.376941316,13095277.72212008,9404125
0,0,43,9376569.727299014,13112359.55653222,9381572
0,0,44,9435544.05494912,13330219.29596835,9358821
0,0,45,9499068.982253484,13479696.98128933,9335595
0,0,46,9567373.871862501,13614503.58454076,9312090
0,0,47,9641955.251453288,13748530.93463644,9288038
0,0,48,9726993.543204939,13950791.97700089,9263765
0,0,49,9825426.86652039,14231381.00379531,9239079
0,0,50,9934759.631005419,14536742.7665274,9214200
0,0,51,10050525.31350535,14827018.6708708,9188134
0,0,52,10174346.84254059,15047476.49415228,9162208
0,0,53,10311023.59837359,15348138.11116526,9136170
0,0,54,10460524.52516713,15797297.61256829,9109707
0,0,55,10615361.59788921,16233410.06187004,9082735
0,0,56,10770656.2265033,16603950.70357955,9054596
0,0,57,10930121.98159498,17045537.41939576,9026195
0,0,58,11085918.39528424,17484193.03012586,8997250
0,0,59,11238959.13514685,17851209.94280035,8967874
0,0,60,11394281.8788633,18306095.84415206,8938051
0,0,61,11554618.68283499,18758656.37784803,8907553
0,0,62,11733257.34479615,19317753.47967144,8876766
0,0,63,11936335.89553392,20056171.96014648,8844821
0,0,64,12175906.88368949,21021783.1908345,8812428
0,0,65,12454049.84050226,22322139.92238583,8779007
0,0,66,12743081.81302079,23254545.09158903,8743830
0,0,67,13059077.04876446,24239558.38193774,8707309
0,0,68,13395097.40790274,25189557.30231686,8670184
0,0,69,13748741.83129096,26212741.61367826,8632687
0,0,70,14130875.96088302,27448521.92837724,8593869
0,0,71,14557983.65954647,28948873.39116,8554531
0,0,72,15053266.10482728,30619278.37869641,8514092
0,0,73,15658358.09586188,32935824.11557779,8472383
0,0,74,16382640.0508082,35896683.78214462,8429137
0,0,75,17229922.80093456,39513365.52097467,8383350
0,0,76,18249973.82336295,44363613.80184011,8333907
0,0,77,19535797.28884353,50983156.2144217,8279126
0,0,78,21199956.14389547,60098907.71871157,8214631
0,0,79,23464903.32739199,73933408.99247564,8133854
0,0,80,26892824.18041841,98642455.37335448,8022992
0,0,81,32493780.32089421,149698319.327345,7827100
0,0,82,37398329.50844591,214166586.36655,7211816
0,0,83,29035003.69168773,181016034.4639448,5193205
0,0,84,10432381.20237776,62544127.27242591,2056534
0,0,85,1340525.042709545,7172445.277592397,322333
0,0,86,54399.15430877243,252980.1060818851,23128
0,0,87,4918.292312617756,23376.27028529755,8503
0,0,88,4237.58091820225,20725.22040302165,8007
0,0,89,4300.77775791575,20501.4643475374,7709
0,0,90,3893.673817423803,17785.92485557468,7430
0,0,91,4256.691406202866,23482.74602275499,7026
0,0,92,3848.158044812046,19199.3661762613,6738
0,0,93,3594.953688541886,18843.35421334197,6459
0,0,94,3416.350510733482,16301.51537756131,6233
0,0,95,3461.342893704926,16780.76980916577,6044
0,0,96,3349.423649604345,15746.61891863419,5879
0,0,97,3174.73049051594,14605.82621889004,5733
0,0,98,3314.535672633117,16731.29109944019,5607
0,0,99,3245.371674443359,16074.96036049817,5462
0,0,100,3042.637556183196,14882.67090898007,5209
0,0,101,3055.059239466238,15967.04584642914,5067
0,0,102,2792.076376214754,13188.5942830335,4804
0,0,103,2733.641452328256,13106.19633880748,4625
0,0,104,2566.038550621877,13090.54610948045,4564
0,0,105,2408.900228140712,11537.05179834354,4480
0,0,106,2454.120714178387,12132.75003773974,4340
0,0,107,2215.94695506673,10521.9063397655,4128
0,0,108,2326.314792460168,11331.30726602873,4052
0,0,109,2287.81523421983,12827.42863595743,4010
0,0,110,2336.774467450439,13130.4712690675,3847
0,0,111,2165.971432804029,10337.53451819422,3733
0,0,112,2260.69093594262,11603.48603570953,3725
0,0,113,2195.578349786595,11564.14116150677,3615
0,0,114,2120.588063631273,11514.3326923293,3470
0,0,115,1870.704739685576,8179.985067972721,3280
0,0,116,1873.308266044366,9898.411851584058,3214
0,0,117,1797.983402343003,8437.659878371271,3137
0,0,118,1778.554269252003,8726.675952661828,3060
0,0,119,1742.945124484939,8516.665782812579,3076
0,0,120,1886.301288761864,10375.49701355619,3059
0,0,121,1628.710223613158,7319.020841196486,2910
0,0,122,1798.046342654579,9920.344551416409,2882
0,0,123,1713.092097115622,9122.821528925415,2779
0,0,124,1583.55409002292,8357.289488815004,2726
0,0,125,1461.598219267047,7090.050978256904,2633
0,0,126,1487.624131673862,7937.530395734855,2619
0,0,127,1355.32003231054,6009.074149119606,2481
0,0,128,1423.7822722065,6899.784056617168,2507
0,0,129,1323.584432427475,6289.620365689129,2419
0,0,130,1585.743297735212,9480.01879556823,2427
0,0,131,1393.831905301458,7271.077020406967,2365
0,0,132,1354.746461236696,6872.602902392095,2267
0,0,133,1358.77084149436,6656.45775091375,2233
0,0,134,1302.027869334815,6633.847148950314,2174
0,0,135,1274.834109515666,6924.426119199121,2077
0,0,136,1195.926735207656,6974.707438594816,2044
0,0,137,1231.344158490893,7507.497473509774,2082
0,0,138,947.3343721950605,3745.038040452559,1957
0,0,139,1033.95383025289,4881.404472840451,1973
0,0,140,1044.819278425475,4769.818196487307,1930
0,0,141,1109.336432396254,5690.18347398589,1865
0,0,142,1086.781470408957,5633.685374624582,1865
0,0,143,1079.204487327799,5152.782060356085,1852
0,0,144,1070.06443111256,6286.955606453341,1816
0,0,145,1089.730938676144,5447.474779375401,1822
0,0,146,1053.266708805655,5251.836654757766,1785
0,0,147,1047.788561761942,4981.942492317834,1743
0,0,148,1042.283659556251,5282.101642898383,1640
0,0,149,959.7020983349464,4989.187272554564,1690
0,0,150,1016.410501139952,6219.604080644794,1612
0,0,151,946.3125946443391,4695.985798470365,1565
0,0,152,1090.444931565304,6877.156393057086,1528
0,0,153,993.7599861544356,5546.25679958656,1517
0,0,154,872.2595178614754,4188.565159052962,1549
0,0,155,931.0923470877492,5476.605958722495,1452
0,0,156,711.800789254478,2967.18666735519,1420
0,0,157,816.6644929199404,5259.547130917004,1437
0,0,158,745.167560596659,3560.043594525473,1395
0,0,159,736.4943057540831,3243.076947242902,1311
0,0,160,813.4661566782803,4796.367476797142,1340
0,0,161,770.6109570715621,3368.45096087112,1346
0,0,162,782.4893024220841,3864.615190140733,1293
0,0,163,722.9019543440036,3245.365317872859,1217
0,0,164,689.9151618159789,3686.392734753692,1258
0,0,165,733.6074542238653,3926.561427083473,1289
0,0,166,746.6487007707541,3815.204904804337,1225
0,0,167,833.0926800906536,5183.259937429651,1302
0,0,168,751.1031793599544,4641.411260946265,1180
0,0,169,582.6777816981552,2583.085275239314,1133
0,0,170,585.2641515703164,2953.722516560348,1151
0,0,171,679.0766238356802,5443.59333547909,1076
0,0,172,595.4054353124194,3306.560845027586,1100
0,0,173,669.5469709396348,3307.412077456281,1106
0,0,174,656.2192449611418,3632.571287084491,1091
0,0,175,602.0842688905717,2783.388160278303,1073
0,0,176,729.3501221740894,4434.163178886161,1102
0,0,177,644.1080839911717,3427.149358137787,942
0,0,178,521.5854694007555,2227.227439682978,919
0,0,179,643.6819341277981,3783.490672866476,947
0,0,180,664.7983561451937,4512.221389047692,920
0,0,181,642.4134206377896,4943.295366503843,939
0,0,182,601.1522674353841,3531.647936461153,959
0,0,183,559.3549188887685,2730.267382762451,916
0,0,184,611.8316673394488,3144.285358648024,909
0,0,185,613.3838278770949,3297.390666388912,893
0,0,186,468.9391911164204,1894.708421419156,866
0,0,187,557.4216133666341,3018.305748914738,856
0,0,188,513.9303600621092,2380.217816621112,871
0,0,189,526.4380805650185,3602.269288943122,843
0,0,190,511.2082059338929,2872.203906186266,829
0,0,191,471.15357389436,2447.579866460927,808
0,0,192,518.1649867431252,2581.463563628362,827
0,0,193,515.2136778239685,2785.667480514501,828
0,0,194,484.7332818355628,2691.499269834039,805
0,0,195,469.8171026488313,3007.58848884827,764
0,0,196,462.1662464595221,1994.979401498622,790
0,0,197,432.9360562616495,2040.934140498352,776
0,0,198,494.9414464397931,2356.048955716725,785
0,0,199,503.9225439327604,2713.564131370565,756
0,0,200,466.1258264651528,2082.024520115525,787
0,0,201,488.7186498395249,2678.9796560904,762
0,0,202,417.9059195039526,1831.102886842323,759
0,0,203,355.3159810056021,1452.962175753258,691
0,0,204,419.4503771890448,1653.35764629543,735
0,0,205,468.2282043449712,2287.903315280517,758
0,0,206,548.092778091147,3925.891482301717,705
0,0,207,343.333411702564,1013.918441025915,675
0,0,208,463.8374149641819,3147.527555713316,670
0,0,209,469.4707759192424,3139.565113550902,678
0,0,210,390.0129184385654,1701.211364853755,672
0,0,211,421.5544056293443,3742.346269503755,687
0,0,212,382.0107350585992,2220.049970753173,663
0,0,213,381.7700317414045,1636.1705450855,629
0,0,214,422.3757851883091,2345.231256978042,619
0,0,215,383.6423223060827,2276.344785273222,666
0,0,216,340.4470917580623,1609.030557131964,621
0,0,217,338.6129493399332,1778.133665778924,612
0,0,218,359.0678972252039,1481.284147072811,646
0,0,219,385.8950516602122,1937.805856750529,608
0,0,220,340.9203290126871,1654.062301647973,593
0,0,221,375.0176267180523,1707.121616806412,599
0,0,222,386.3100536294945,1630.674803016382,609
0,0,223,324.1680775504855,1290.328231783003,553
0,0,224,373.3704114600617,2184.257055463203,554
0,0,225,294.628200001745,1187.503909980581,570
0,0,226,331.9537012368117,1417.159196492848,535
0,0,227,366.127402457365,2317.528155292662,566
0,0,228,376.0168377290194,2013.366058784055,524
0,0,229,331.3374364619207,1427.77443356081,535
0,0,230,285.8927581573351,1224.488946878961,530
0,0,231,313.369307842175,1847.068927316684,587
0,0,232,268.9601171893235,1420.373557772484,494
0,0,233,308.2227269713362,2074.289512940968,556
0,0,234,239.4232861832511,936.2443951738778,530
0,0,235,290.3941881095957,1978.814129215334,526
0,0,236,301.5675375592343,1701.65931037584,534
0,0,237,275.6123157093868,1311.116932590042,483
0,0,238,266.0091959117856,1477.709290629879,481
0,0,239,250.6391709767441,1020.783905505083,475
0,0,240,231.9870086866949,970.2893485339914,417
0,0,241,254.3303203590846,1048.373119356534,479
0,0,242,252.9196328433005,980.7548016985392,483
0,0,243,287.6925793815095,1536.51104653837,441
0,0,244,261.3034161065098,1115.64194683416,460
0,0,245,245.5970933103357,1100.486999873563,410
0,0,246,245.0596158107728,1251.39449107539,439
0,0,247,269.0884833618524,1759.118039855197,426
0,0,248,257.7339362087917,1276.5891393068,429
0,0,249,228.6970285596473,854.5401677696345,421
0,0,250,279.2730018270615,2504.804913966921,428
0,0,251,229.7230657024766,1161.580017410065,419
0,0,252,190.0653250827011,556.7641978822863,423
0,0,253,230.3647683239245,1230.200681360928,425
0,0,254,209.7798106945843,785.5023175800022,393
0,0,255,167.7009891991043,587.3908615175893,372
0,0,256,213.0078328073794,873.2213888007036,381
0,0,257,218.7821006713182,917.4337426972481,379
0,0,258,235.3607087329579,1517.138276668328,373
0,0,259,223.2583154397722,1124.937565988962,389
0,0,260,212.3925892326151,1005.390860150247,386
0,0,261,180.385962662219,666.8652898862251,348
0,0,262,171.2712677093569,688.0219155822638,356
0,0,263,192.1806526474627,602.0862000353051,371
0,0,264,209.7187679401808,758.069185660592,370
0,0,265,215.6066831552816,1064.916147216173,374
0,0,266,201.712674066362,1105.982469524493,338
0,0,267,193.4462228033889,1277.556700622616,332
0,0,268,225.7809233680881,1071.342484258057,360
0,0,269,229.2952671623314,930.1953336239199,370
0,0,270,293.8309887677326,3543.155009464205,357
0,0,271,245.4776814865276,1177.717142772886,403
0,0,272,230.5008444442959,1615.06391178644,343
0,0,273,177.1766168716172,549.0270570123363,358
0,0,274,191.7736994097366,634.4671318570373,339
0,0,275,203.6628669506574,1010.239056831903,338
0,0,276,178.5979703551142,496.4403279664274,336
0,0,277,266.8558851451776,1689.289373041571,361
0,0,278,279.5736337003968,1979.226904927786,334
0,0,279,230.586670245345,1971.729826152022,324
0,0,280,248.4356854387434,2116.4622557344,345
0,0,281,241.1850140811595,1435.039166030789,313
0,0,282,211.7965106004486,725.0275497576091,346
0,0,283,234.3255054979319,969.4658610856277,333
0,0,284,205.34659739258,884.0027040162383,325
0,0,285,177.0523945456378,554.8036954978563,334
0,0,286,166.0320329827504,376.6094344178589,330
0,0,287,218.5018424186341,1310.168782940213,336
0,0,288,205.4595247343341,744.0258199454079,341
0,0,289,226.7674719851699,1152.879086813239,311
0,0,290,195.7322751781851,644.9770880526296,304
0,0,291,195.6423274414326,658.0825797193403,295
0,0,292,217.1026793952051,931.7233497616053,314
0,0,293,210.913097402938,957.3551214416245,305
0,0,294,212.2246536585677,865.6213631918354,309
0,0,295,160.7424222339613,495.5052393898301,281
0,0,296,162.9178397755393,593.6156000704096,296
0,0,297,165.9913679730029,828.2859503689647,290
0,0,298,180.8044030467948,867.5886876657001,294
0,0,299,157.7077876816616,494.8933509644975,412
