# mesh name: boxMesh_1
# primitive scorer name: doseScorer
# iX, iY, iZ, total(value) [MeV], total(val^2), entry
0,0,0,7096080.44371298,7988194.960243666,10000000
0,0,1,7168049.589120233,8540045.0595093,9998031
0,0,2,7221531.760110477,8630724.873482736,9994208
0,0,3,7270740.027298521,8802553.678650457,9989205
0,0,4,7320124.99239476,9042240.102718245,9983292
0,0,5,7363334.664182476,9148126.42656143,9976812
0,0,6,7406419.029257674,9242458.199630879,9969510
0,0,7,7449859.18218925,9363703.475266501,9961626
0,0,8,7492520.507339494,9473195.868147634,9953128
0,0,9,7533743.942799857,9587906.969523054,9944112
0,0,10,7573483.312004492,9627263.964493999,9934505
0,0,11,7611768.006143594,9744036.609358896,9924295
0,0,12,7649779.060658019,9812083.628456926,9913677
0,0,13,7689769.279717483,9888804.350298613,9902860
0,0,14,7728142.865947815,9905957.103120413,9891428
0,0,15,7770630.921219138,10085019.31851802,9879676
0,0,16,7809697.933992648,10162968.59579393,9867349
0,0,17,7848748.365001485,10167558.63590972,9854535
0,0,18,7887393.876232039,10202515.31454401,9841407
0,0,19,7927332.45869376,10316670.80711206,9827879
0,0,20,7970703.102608778,10426536.2959784,9813952
0,0,21,8007176.434915842,10390664.35666189,9799764
0,0,22,8051171.040813711,10548493.8645532,9785234
0,0,23,8096025.73018075,10683072.78595952,9769883
0,0,24,8139214.76583451,10776954.51524733,9754422
0,0,25,8180236.160187434,10800163.3238524,9738498
0,0,26,8224693.941799214,10876323.5690911,9722455
0,0,27,8269033.659578064,10933752.62140239,9706141
0,0,28,8314009.520379007,11013081.33873724,9689214
0,0,29,8351927.179045455,11037218.01923397,9671892
0,0,30,8368357.847358881,11221730.64369189,9654655
0,0,31,8372111.375681512,11168528.70576446,9637129
0,0,32,8424397.500899319,11235653.31845787,9618782
0,0,33,8497430.577684708,11427961.29310524,9600403
0,0,34,8566720.913079243,11530128.15586778,9581599
0,0,35,8638369.73454541,11589336.83488915,9562349
0,0,36,8713127.254070111,11819146.39888181,9542568
0,0,37,8787512.448343355,12048015.35701275,9522700
0,0,38,8860911.476844933,12183936.30977126,9502666
0,0,39,8931100.605882477,12234071.34419625,9482153
0,0,40,9000082.472924309,12371727.24239531,9461241
0,0,41,9065290.516783018,12500724.04153258,9440066
0,0,42,9125772.741320256,12627228.49611042,9418715
0,0,43,9182989.691048408,12806290.56268624,9397079
0,0,44,9234942.988092719,12861366.56286097,9374821
0,0,45,9288580.927522911,13005934.41793752,9352115
0,0,46,9343752.469431577,13166825.24288738,9329236
0,0,47,9399623.628382904,13263536.62957024,9306339
0,0,48,9460886.278169941,13411697.46658906,9282525
0,0,49,9530020.266517166,13529912.1063643,9258646
0,0,50,9611260.926826714,13858785.76094751,9234123
0,0,51,9695612.5938913,13994646.3759377,9209692
0,0,52,9791724.064627446,14238231.11172064,9184571
0,0,53,9894851.50442484,14404282.38843193,9159223
0,0,54,10013993.6891493,14698231.0324916,9133482
0,0,55,10146619.70875603,15135601.86573577,9107773
0,0,56,10279912.17047631,15400928.42413328,9081081
0,0,57,10424123.29170131,15747253.14135332,9053760
0,0,58,10577205.70285447,16222867.96629128,9026012
0,0,59,10731824.44741493,16584026.05003564,8997778
0,0,60,10890988.15124723,17033291.02907,8969356
0,0,61,11047576.04727553,17467145.65460547,8940544
0,0,62,11202439.25723038,17912214.96356171,8910654
0,0,63,11352519.11971367,18289011.91555527,8880806
0,0,64,11514549.42858825,18813615.65873802,8849919
0,0,65,11695279.06360475,19373957.18504242,8818563
0,0,66,11898650.65030717,20043863.52069424,8786714
0,0,67,12141388.13808556,21055336.91344479,8753801
0,0,68,12417175.0435096,22261614.88047254,8720050
0,0,69,12713081.1308935,23294655.99726828,8684652
0,0,70,13027080.03584778,24220289.9581283,8647909
0,0,71,13364511.80553978,25226505.83819455,8610577
0,0,72,13717612.64223877,26238848.03487133,8572273
0,0,73,14098861.71828915,27434685.07304192,8533464
0,0,74,14530646.87981175,28935919.49984264,8494000
0,0,75,15042424.38456147,30766525.86487288,8453527
0,0,76,15661006.58766809,33173645.05130903,8412248
0,0,77,16390898.90665786,36108195.04370816,8368426
0,0,78,17260801.93945383,39970144.65143448,8322192
0,0,79,18306701.33411125,44982730.55209274,8272108
0,0,80,19628718.37301542,51894211.7119474,8215424
0,0,81,21354950.9083625,61524926.66963033,8148715
0,0,82,23726410.8602693,76334533.91878399,8063507
0,0,83,27393762.36447132,103852810.7792896,7943776
0,0,84,33126614.1021242,158442309.7042193,7712329
0,0,85,36581717.12434366,212970960.5257339,6942910
0,0,86,26171209.64631354,162827290.2456815,4715657
0,0,87,8709324.648640212,51879440.21052366,1737907
0,0,88,1078668.37231798,5755620.50035317,262026
0,0,89,46071.81662874243,215470.0683026582,20597
0,0,90,5159.95690478231,25366.92655135592,8767
0,0,91,4694.142740963812,22274.08569677087,8289
0,0,92,4689.458045184665,23881.2954287141,7835
0,0,93,4312.158386671642,20772.9369338715,7453
0,0,94,3985.222875244921,18968.18709060761,7105
0,0,95,4175.378435012689,21243.8436953409,6975
0,0,96,3924.854829040422,20279.73303201371,6644
0,0,97,3570.390203175178,16531.45182256056,6527
0,0,98,3403.292151655653,15545.86626439355,6153
0,0,99,3532.524448742901,17683.37915605242,6056
0,0,100,3112.63819420638,14347.0802281798,5717
0,0,101,3160.913568446055,14898.27083956803,5728
0,0,102,2963.897295587586,13590.29565357172,5396
0,0,103,2971.581734429666,13334.26452807646,5236
0,0,104,3064.797217324189,14503.54542387625,5209
0,0,105,2888.838916885921,14225.03718189268,4957
0,0,106,2747.262480580699,14432.04218200953,4757
0,0,107,2775.100194242816,13993.83595102823,4712
0,0,108,2479.30797893013,11782.24992411615,4505
0,0,109,2430.834211285353,11501.38163563149,4396
0,0,110,2689.352269997966,16119.97275580734,4206
0,0,111,2426.963600941493,12653.32441693715,4120
0,0,112,2410.934477768168,12423.38609801392,4104
0,0,113,2464.558937768729,12953.80075599824,3973
0,0,114,2267.693097084932,12194.23595522916,3880
0,0,115,2088.378511087287,10788.91659704316,3745
0,0,116,1997.299227532558,10091.07197061035,3601
0,0,117,1748.194783952565,7488.911612417727,3537
0,0,118,1843.248159361961,7984.715682423098,3380
0,0,119,2044.767654906515,12318.29947162367,3328
0,0,120,1820.063546848386,8938.631946824213,3179
0,0,121,1775.764127530545,7958.079153684738,3173
0,0,122,1954.385173880302,10512.36207460646,3131
0,0,123,1956.497538248074,11337.68703685216,3111
0,0,124,1891.411244550333,9298.500015808595,2945
0,0,125,1795.040323980588,8912.794546124038,2939
0,0,126,1700.213904305488,8243.739900436767,2868
0,0,127,1606.048126988105,8026.559308657663,2687
0,0,128,1548.799133172285,8129.250593277246,2582
0,0,129,1559.702787914521,8214.437146054886,2615
0,0,130,1555.511325863969,8666.545886983764,2564
0,0,131,1414.394837243364,6982.910195733926,2451
0,0,132,1547.190914627187,8531.542491358443,2449
0,0,133,1513.316783531486,9170.032258200594,2370
0,0,134,1223.0922095376,5403.35881504612,2254
0,0,135,1350.16030117436,8352.78482286651,2301
0,0,136,1370.684347562245,6511.003781983335,2196
0,0,137,1287.532540136819,6588.792075120724,2173
0,0,138,1208.786463511309,5409.577680641447,2081
0,0,139,1128.270513219627,5823.591528387456,2016
0,0,140,1304.062763028025,7565.33720261291,2058
0,0,141,1156.961140273259,5718.910894487889,1980
0,0,142,1223.332602130477,6529.988429945653,1900
0,0,143,1072.646020410259,4838.320898372653,1862
0,0,144,1252.655684880752,8190.174068167894,1826
0,0,145,1139.665897763357,7216.684888605359,1814
0,0,146,1220.093945476659,7159.578078854113,1764
0,0,147,1084.717107381889,5523.219939063117,1722
0,0,148,1029.830647228432,5114.39807270556,1687
0,0,149,1201.131621213716,8500.078704160587,1651
0,0,150,1047.363063939556,5654.085097355981,1628
0,0,151,1065.993817356405,6331.341805136133,1576
0,0,152,1149.615792757336,7060.991620019072,1590
0,0,153,1069.72695928939,7090.817867484864,1590
0,0,154,1072.7464523841,6478.038755343904,1505
0,0,155,959.1806923627554,6370.081520248366,1529
0,0,156,836.9621273503304,3831.201181445593,1497
0,0,157,930.3452649022011,5070.177165325112,1502
0,0,158,927.1228896305098,6660.640292203001,1454
0,0,159,941.7664565514476,5345.821206062056,1467
0,0,160,820.3809990219527,5230.833965807415,1383
0,0,161,756.5506807268248,3565.055314410241,1385
0,0,162,782.5511017087181,4139.237208301827,1360
0,0,163,807.1477812168155,3773.959793675524,1407
0,0,164,695.1904052905818,2957.900177211715,1312
0,0,165,729.4460998703067,3889.18507092306,1287
0,0,166,704.9643492555745,2846.008909126993,1236
0,0,167,754.4405427085253,4555.225305801682,1258
0,0,168,724.4841027706914,3802.601720319795,1213
0,0,169,609.6716906619073,2524.799561081073,1176
0,0,170,687.036378421205,3720.704150073843,1207
0,0,171,708.2025726044244,4500.560358121976,1208
0,0,172,655.068744241793,3278.304836191972,1122
0,0,173,670.1126375138982,3759.093364725106,1084
0,0,174,671.3894702786343,5518.508906146187,1094
0,0,175,660.5351062070158,3441.998790822518,1091
0,0,176,703.5056827382484,3735.360314214289,1126
0,0,177,696.3715398026694,3582.354049891688,1054
0,0,178,577.3171583404189,2761.610475373712,1053
0,0,179,645.4609584054415,3380.321743276141,1042
0,0,180,684.5112089890009,3327.73955848989,987
0,0,181,697.2715618098439,4161.580259090628,1045
0,0,182,668.1767857812205,3429.114422043235,993
0,0,183,562.5060783564867,2299.880788261898,1038
0,0,184,594.5508175937648,3526.97848720378,969
0,0,185,587.8899066088734,3951.263508909123,952
0,0,186,584.0737086310936,3250.431866706342,876
0,0,187,566.9304129820773,3071.70065454304,885
0,0,188,484.7081906297985,2012.259092483795,843
0,0,189,516.3805480051824,2416.967042695435,918
0,0,190,566.0651129136826,2531.646500661243,877
0,0,191,597.6635049373743,2811.47750704432,928
0,0,192,527.0158446109565,3270.806169348844,860
0,0,193,515.4105256321106,2951.025243855506,838
0,0,194,478.9012134974674,1779.696372165406,814
0,0,195,632.0847573291412,3545.145292628176,843
0,0,196,548.3246264272617,2581.448293081547,841
0,0,197,467.6405413683335,2208.52615592271,808
0,0,198,520.0300955955506,3073.113464084409,750
0,0,199,531.7009059543607,3270.623519110183,764
0,0,200,576.1172729333172,2899.050544219756,813
0,0,201,555.9897627257212,3903.433217962152,773
0,0,202,472.8806288392581,2371.705432330024,746
0,0,203,520.0957948691326,2423.81382589801,774
0,0,204,446.4032675076016,1737.575231220786,748
0,0,205,475.6621365837145,2045.270280711547,752
0,0,206,519.551376696426,2438.975573574063,754
0,0,207,462.3226698645992,2159.317377188214,719
0,0,208,433.6244928750037,1868.787535671051,707
0,0,209,441.5259744217661,2169.25154906746,677
0,0,210,430.6413281394045,2611.848597693227,681
0,0,211,399.2575304853173,2076.822631228455,669
0,0,212,455.8140052453167,4183.101369693335,653
0,0,213,356.9579770126965,1381.449549531711,659
0,0,214,407.6077161347642,1864.131040784965,666
0,0,215,434.2496009463262,2174.354237817305,676
0,0,216,388.9960658921503,1786.151117217818,663
0,0,217,346.4655330691588,1377.092348417588,626
0,0,218,364.7894796232166,1729.332466770466,620
0,0,219,306.2702571120892,913.1852971910751,625
0,0,220,378.1138568072872,1544.365425471124,648
0,0,221,412.7835888739978,1972.380647299669,632
0,0,222,405.0409422065673,2224.993729699623,614
0,0,223,367.9666200128892,1423.098637940578,588
0,0,224,358.7221819859627,2092.504813366454,591
0,0,225,383.0016354463804,1467.281759810333,629
0,0,226,373.0286743733639,1789.897087002559,558
0,0,227,376.5673267862321,2951.028199757315,584
0,0,228,350.416463850928,1437.158381726876,602
0,0,229,370.9837771691325,1504.903618850795,571
0,0,230,380.6813094882546,1738.144941166517,557
0,0,231,402.601049054416,2722.839911141786,555
0,0,232,346.0598905703397,1860.439719296061,547
0,0,233,296.5326469229976,1175.79226466496,520
0,0,234,283.7499066198546,1164.540256762329,515
0,0,235,371.2593913568621,2348.163369451315,523
0,0,236,251.6613742452526,965.811153221242,513
0,0,237,348.2790313064616,3243.734561386583,515
0,0,238,238.3039693993331,817.4048630899408,480
0,0,239,261.4868607564484,1448.67455900305,495
0,0,240,288.8958000148506,2055.040545089576,494
0,0,241,272.7502167046609,1252.730378396505,477
0,0,242,346.8033420407549,2114.34958369027,477
0,0,243,289.1504394342018,1340.829807545206,461
0,0,244,279.7461454951267,1056.322042950609,468
0,0,245,294.6380268237107,1586.41245690204,464
0,0,246,269.7653185787022,1286.918152221811,453
0,0,247,279.3760293906158,2323.954709235311,433
0,0,248,211.8177913313466,720.0922297415246,420
0,0,249,245.0730364088928,1330.464723576431,430
0,0,250,187.6053209003213,613.4336815365371,456
0,0,251,254.3836960848259,1788.198864028253,419
0,0,252,266.8843330959546,2094.669888095515,428
0,0,253,304.0996788808673,1851.991761763626,421
0,0,254,306.1357561804288,1946.875462860817,437
0,0,255,293.0130392684389,1352.75869564437,427
0,0,256,341.5609514821521,1819.552796292671,424
0,0,257,260.0307164542469,945.2781537631154,414
0,0,258,289.636809869963,2039.809639970112,410
0,0,259,242.3913325296619,992.2662930017827,373
0,0,260,227.6595413108678,770.9410548030007,408
0,0,261,230.666379439791,799.5632412025205,389
0,0,262,197.4443696089857,668.1389062854303,341
0,0,263,260.8980522152144,1932.429224654786,390
0,0,264,265.9109358227802,1450.016960718856,408
0,0,265,280.0776633892642,1922.166140045992,369
0,0,266,307.1927084906673,2903.526614739056,386
0,0,267,251.7570166298414,1093.856185324973,373
0,0,268,277.747690910739,1308.687298425963,364
0,0,269,241.7647584547136,886.4381054790188,354
0,0,270,255.700256654679,1175.605979285338,414
0,0,271,263.6733032283528,1082.849751291332,397
0,0,272,244.6197603140662,1004.464163363821,362
0,0,273,310.711647807602,3114.557691992611,351
0,0,274,252.9031067358643,1199.014173001727,354
0,0,275,208.0315977699668,693.1044256560568,341
0,0,276,275.9956676064072,1564.393333899316,350
0,0,277,191.5496042445911,709.700809788419,322
0,0,278,207.7705575468207,678.5759165980528,367
0,0,279,284.4030889529215,1798.030930870296,331
0,0,280,238.6655696526538,1202.629175823193,340
0,0,281,259.8260488658642,1332.3989627336,343
0,0,282,212.5877179585416,900.1231823788145,325
0,0,283,173.995485447602,751.3486869212686,330
0,0,284,180.3617378113742,578.8981003444417,311
0,0,285,235.2200813219671,2081.804244224752,318
0,0,286,248.131935104473,1580.692367127096,312
0,0,287,147.9326115765581,459.7121136753521,305
0,0,288,185.7039900215951,1028.483381582314,329
0,0,289,183.0917155891577,847.6023891484193,307
0,0,290,180.1429599481763,708.7972731610547,284
0,0,291,167.6426114612064,616.4838749660025,306
0,0,292,151.9785286274684,369.6333108936961,290
0,0,293,189.1731654583723,618.5489694949447,309
0,0,294,190.1554963248073,634.745152179351,298
0,0,295,233.9039082099958,1243.174023356127,321
0,0,296,239.8003151629632,1299.923170950908,289
0,0,297,226.8446574459117,1072.283216945388,296
0,0,298,199.6261472412632,1113.136849327332,308
0,0,299,181.0177103479339,901.4389122257458,448
