# mesh name: boxMesh_1
# primitive scorer name: doseScorer
# iX, iY, iZ, total(value) [MeV], total(val^2), entry
0,0,0,6998618.709425087,7842321.290270474,10000000
0,0,1,7070230.2124941,8489746.310318701,9998061
0,0,2,7122030.224491872,8528253.599969242,9994314
0,0,3,7168946.73035056,8649207.359909741,9989383
0,0,4,7216962.850577672,8919430.110841645,9983591
0,0,5,7258930.804598472,9027831.951351795,9977218
0,0,6,7299039.512884704,9058823.58960153,9970129
0,0,7,7340393.588549308,9208926.406378005,9962310
0,0,8,7383686.10278683,9374837.03082389,9954010
0,0,9,7422685.996286426,9433413.126611635,9945100
0,0,10,7460506.25685014,9474366.890779762,9935848
0,0,11,7495740.661617108,9538138.845227569,9925802
0,0,12,7534629.919382848,9681514.541106401,9915465
0,0,13,7572608.076124296,9774320.673296914,9904725
0,0,14,7609270.290262783,9820683.358987728,9893454
0,0,15,7648227.129238701,9917494.849064238,9881895
0,0,16,7684185.336163076,9952715.557050917,9869804
0,0,17,7720733.811593913,9938738.004734624,9857366
0,0,18,7757990.538150778,10071630.58615609,9844492
0,0,19,7793682.738503361,10107829.75723871,9831143
0,0,20,7836504.359173089,10258113.57704053,9817547
0,0,21,7870593.926952915,10271934.55428847,9803521
0,0,22,7909322.649442814,10330384.28677389,9789085
0,0,23,7952395.430932436,10471224.82134784,9774348
0,0,24,7992285.014706651,10478852.55889937,9759279
0,0,25,8035533.10346451,10647302.14689417,9743645
0,0,26,8073122.83776428,10626002.0683059,9727787
0,0,27,8114581.32635482,10707494.11159779,9711836
0,0,28,8158190.30459774,10811378.37568918,9695184
0,0,29,8195934.685883513,10756966.66719243,9678386
0,0,30,8246716.009620326,10989001.30581411,9661434
0,0,31,8289041.799920325,11031239.75350697,9644137
0,0,32,8323623.246728255,11069435.49770263,9626361
0,0,33,8334289.653303351,11138864.4902013,9608652
0,0,34,8344431.987539493,11168001.81550158,9590185
0,0,35,8398707.690053286,11236038.77883306,9571417
0,0,36,8464847.423044015,11295276.87546452,9552375
0,0,37,8538512.37663031,11552305.30333742,9532789
0,0,38,8610274.59817734,11657284.08782397,9513428
0,0,39,8681983.014178008,11801204.06186356,9493389
0,0,40,8754122.013467211,11962036.38809954,9473034
0,0,41,8823001.28928267,11975007.43797664,9452542
0,0,42,8895429.787359446,12212434.18848481,9431759
0,0,43,8961757.853646275,12315382.07651805,9410805
0,0,44,9025814.095433179,12454218.19479022,9389018
0,0,45,9088079.162803601,12639272.84006586,9367062
0,0,46,9144601.146022731,12761861.54001997,9345000
0,0,47,9195958.461575037,12838270.74240075,9322491
0,0,48,9247849.527374048,12983890.62763636,9299936
0,0,49,9302537.587320637,13102661.49436697,9276701
0,0,50,9359718.607183494,13267365.45300698,9253123
0,0,51,9422267.411019349,13374859.44234187,9229422
0,0,52,9489054.983684862,13503950.66017585,9204824
0,0,53,9566859.962901294,13733583.04011022,9180336
0,0,54,9653980.455166705,13944266.25574901,9155210
0,0,55,9750511.605324283,14152320.3622917,9130308
0,0,56,9860606.878219523,14486468.42100949,9104879
0,0,57,9973234.040093118,14689313.04965118,9078605
0,0,58,10101480.3875909,15059435.78935428,9052120
0,0,59,10236739.31013904,15395545.21194637,9025120
0,0,60,10380273.57136432,15707504.79117435,8997643
0,0,61,10532532.86999242,16139067.52175103,8969932
0,0,62,10685367.70073456,16471215.46932077,8941767
0,0,63,10842658.78658113,16955860.96841268,8912987
0,0,64,10993189.58433462,17301152.60872706,8883416
0,0,65,11150222.14148994,17835270.4112708,8853719
0,0,66,11302799.54444015,18295484.06773455,8823414
0,0,67,11462741.00457379,18735141.28538479,8792454
0,0,68,11643382.05216961,19329073.53896082,8760589
0,0,69,11853155.66207407,20095157.38336822,8728443
0,0,70,12094497.19214255,21081786.12243193,8695362
0,0,71,12368612.76277647,22244844.34379169,8661507
0,0,72,12662455.23167713,23198693.22252206,8625982
0,0,73,12982252.63095537,24281425.35935524,8589501
0,0,74,13314806.99599398,25163824.51703812,8551784
0,0,75,13671602.88151092,26252931.3810586,8513833
0,0,76,14055214.32937104,27478493.74352512,8474883
0,0,77,14490849.48327738,28974822.68911105,8435510
0,0,78,15004781.16309901,30786958.46610127,8395035
0,0,79,15629942.0143955,33225193.12430657,8353488
0,0,80,16374823.62975086,36311598.27286322,8309893
0,0,81,17254538.26619525,40257313.88292214,8263184
0,0,82,18321893.81611416,45469423.15330437,8212427
0,0,83,19663131.31286117,52441100.17231812,8154243
0,0,84,21434891.97426858,62528878.49156193,8085596
0,0,85,23896312.00048363,78236413.23647001,7997046
0,0,86,27730889.57210074,107927231.0371913,7868402
0,0,87,33385437.75137068,163709374.4255652,7599557
0,0,88,35554073.91623483,208633040.859551,6702587
0,0,89,24119430.27917147,149668000.2406018,4371802
0,0,90,7765366.186505335,46174411.45877789,1555181
0,0,91,975476.7558619184,5241510.231733384,235783
0,0,92,44899.39497275724,216365.8525040033,19987
0,0,93,5072.866107357538,26166.03629485363,8596
0,0,94,4348.94677915383,19563.08754041464,8015
0,0,95,4212.838979407959,20546.50882700472,7658
0,0,96,4142.39616554028,19573.01450618467,7564
0,0,97,3897.615513470746,19628.04476467488,7045
0,0,98,3771.962697671965,18401.9660011425,6954
0,0,99,3875.478631130194,20361.48520602282,6610
0,0,100,3471.709575345857,16088.85108943898,6460
0,0,101,3405.318465522188,16740.85590602745,6203
0,0,102,3253.587329764967,14623.08469984089,5938
0,0,103,3357.578166675996,15753.80002588413,5771
0,0,104,3298.405504245722,17400.57715648666,5470
0,0,105,3138.842839538151,15241.58899957791,5352
0,0,106,3270.567929078835,17981.90499825593,5193
0,0,107,3066.088578029548,15591.49706988896,5061
0,0,108,2798.042287093247,13462.64951030938,4869
0,0,109,2972.747349793609,15906.54790667657,4711
0,0,110,2773.998943321313,14380.08712683827,4652
0,0,111,2542.746677791052,11601.67057007204,4333
0,0,112,2612.011427961085,14508.77702257066,4235
0,0,113,2353.634057990569,12100.8210483429,4114
0,0,114,2550.947335285755,14068.79694438079,4103
0,0,115,2300.786539202451,11174.43800891165,4015
0,0,116,2362.914969803604,12970.77011862098,3929
0,0,117,2236.519653207554,11794.88636012707,3797
0,0,118,1951.941812580515,9707.829192359935,3736
0,0,119,2029.998057768846,9152.439389655579,3669
0,0,120,2190.332508981724,11452.41272308941,3490
0,0,121,2181.998659256265,13400.76245742992,3461
0,0,122,1953.179118991919,9802.641245712535,3309
0,0,123,1753.783140356715,8335.191836078513,3116
0,0,124,2054.7537469949,11589.2309073046,3096
0,0,125,1972.448196556983,10739.71219686438,3048
0,0,126,1850.145374320567,10479.96615278844,3005
0,0,127,1742.272947082577,9253.328661449472,2902
0,0,128,1602.248356557528,7813.752586595116,2811
0,0,129,1638.880489446391,8014.974919584201,2816
0,0,130,1731.084623856135,9763.778909418077,2742
0,0,131,1533.504505178884,7712.360134139996,2612
0,0,132,1555.883733021213,8687.533492852956,2558
0,0,133,1462.280587637679,8219.731716183574,2536
0,0,134,1524.980309295305,8674.659704634469,2488
0,0,135,1357.080540234978,6403.720970319883,2393
0,0,136,1397.085782769013,7231.430716666523,2363
0,0,137,1269.079667944601,6445.266354268978,2301
0,0,138,1340.072243259196,6697.164800665518,2229
0,0,139,1293.919066343608,6147.271632560531,2180
0,0,140,1229.329388118033,6069.535511340985,2109
0,0,141,1292.798340172156,6251.990582408371,2199
0,0,142,1331.213116370351,7031.767483732265,2072
0,0,143,1236.884333468562,6856.065747888875,2034
0,0,144,1197.152739643576,5551.039623945607,2047
0,0,145,1255.954231013272,6389.959742023606,1923
0,0,146,1159.592729821953,6154.484408742256,1886
0,0,147,1124.21194004593,5237.252531385012,1904
0,0,148,1140.805968122889,5613.630770418228,1878
0,0,149,1304.822714469512,7346.071665120818,1882
0,0,150,1089.505840134346,5330.701866771904,1774
0,0,151,1116.849572070997,6387.161035173248,1746
0,0,152,1187.063028015419,7436.71396934724,1663
0,0,153,1140.192407692342,6758.527551357275,1642
0,0,154,989.0185059055009,4699.280767814653,1627
0,0,155,958.9992289880095,5030.024934159062,1629
0,0,156,1120.886129065022,6773.954738397236,1588
0,0,157,978.5743023929429,5461.195988036392,1512
0,0,158,920.2693443627323,4173.291127650687,1562
0,0,159,881.5975683806007,5098.900389415822,1550
0,0,160,922.7624199382913,5182.124266701477,1534
0,0,161,854.9708795887218,4505.653861904874,1484
0,0,162,850.2807373129062,4061.58716858618,1481
0,0,163,828.201663929633,3714.615728468736,1394
0,0,164,789.8292276974494,4067.728693972055,1380
0,0,165,906.8729764157483,5134.524531742517,1442
0,0,166,925.7723644234591,6321.452265247105,1403
0,0,167,814.2679245101012,3591.109013743241,1357
0,0,168,822.8693417583568,4271.688657829339,1323
0,0,169,820.2328136117842,3962.068915851039,1338
0,0,170,714.3024654773232,3080.867317724976,1320
0,0,171,748.5180426879946,3582.40544632081,1272
0,0,172,769.1844823291965,3800.116024140324,1233
0,0,173,808.3616035853368,5717.442862451925,1223
0,0,174,724.5139333527504,4068.74740296145,1182
0,0,175,752.8456989362385,4141.987993563195,1159
0,0,176,544.3902353666277,2380.146758700127,1155
0,0,177,532.1861201216793,2358.272947116428,1106
0,0,178,566.6705122849269,2820.130652269406,1080
0,0,179,569.0948014143935,2502.037478074645,1129
0,0,180,617.0794361391581,3166.134095340915,1060
0,0,181,632.1064735028123,2737.968534131742,1054
0,0,182,684.4123923997093,3678.466218911498,1044
0,0,183,550.1878471365101,2417.058495195282,1060
0,0,184,585.2353577238341,3060.258849526293,1006
0,0,185,600.7174260049409,2813.00760239135,970
0,0,186,686.1945691876566,4408.062528848916,993
0,0,187,650.1931853239601,3872.959938414103,924
0,0,188,733.3267282355387,4886.792281001216,1011
0,0,189,660.1141395846372,4533.820726817732,933
0,0,190,527.1801316214263,2900.779505991225,935
0,0,191,529.0414345363511,2496.512120270336,889
0,0,192,546.6763960854623,2650.789344776226,872
0,0,193,571.3767121971933,2885.830260377602,887
0,0,194,561.1435063805706,3250.374822433657,862
0,0,195,492.6318260828062,2454.810152207461,861
0,0,196,540.3505374742243,3062.919999220015,842
0,0,197,576.9988376848798,3868.161168408799,830
0,0,198,518.2785877141189,2467.967042655147,859
0,0,199,521.2132378514731,3379.957754942882,804
0,0,200,445.4432896389796,2089.337393870084,794
0,0,201,454.0799330194592,2572.903091972986,780
0,0,202,427.9200491140986,1773.867936969509,785
0,0,203,417.8079272028194,2016.133240818938,735
0,0,204,369.3900063613018,1380.314379163555,766
0,0,205,430.7811851367073,2151.699180153143,805
0,0,206,448.9443434163236,2185.563889360402,754
0,0,207,407.575182901447,1895.986494886182,720
0,0,208,457.7028918941169,3202.43038442339,761
0,0,209,369.5006595678938,1527.518004038119,739
0,0,210,389.3698356814116,1902.090973172082,717
0,0,211,387.1260770546405,1564.644917740338,723
0,0,212,403.7284757110663,2134.65774367466,673
0,0,213,374.5557583104522,1617.827329250945,673
0,0,214,439.8502582091418,3660.987708173501,717
0,0,215,423.7098397258976,2430.243392340788,676
0,0,216,458.9910854587437,2998.931714913531,632
0,0,217,345.2672551524395,1514.096224402568,672
0,0,218,358.9119547854195,2076.431098542103,663
0,0,219,320.9730619623672,1261.298636256222,622
0,0,220,376.6439824648212,1645.024770722059,643
0,0,221,390.2179748899355,2051.701128990952,614
0,0,222,429.574210622954,2196.982712776668,638
0,0,223,393.9419091488563,1798.644438618859,607
0,0,224,401.7495254220305,2417.671384222535,600
0,0,225,360.5357442322568,2571.153926240613,595
0,0,226,350.4347691175835,2072.607922776118,588
0,0,227,326.775797153973,1526.686691513954,608
0,0,228,335.0125434405765,1541.042330902582,596
0,0,229,355.9269071812854,1816.281699982897,637
0,0,230,325.0613112801468,1469.256824540049,591
0,0,231,297.3061306730452,1360.010844959056,564
0,0,232,280.5540878619101,1399.630865124418,558
0,0,233,289.7406361280293,1386.349840376718,561
0,0,234,349.2758458424028,1967.081516548115,588
0,0,235,298.4769113955927,1156.757011577203,520
0,0,236,302.4466219206546,1165.134001063083,567
0,0,237,305.3295827927379,1344.976751224858,572
0,0,238,386.2008027458896,2303.424432405111,572
0,0,239,361.124333761876,2021.139202339989,545
0,0,240,310.5118973979745,1544.751395141918,528
0,0,241,318.2096469615714,2046.386572929778,521
0,0,242,282.551037802958,1174.913128360033,521
0,0,243,304.2406910844376,1121.427072983014,494
0,0,244,310.9964702163196,2066.498477260378,499
0,0,245,279.5013923680784,1694.265773760484,470
0,0,246,329.048849477959,2253.671312910094,462
0,0,247,277.7265562356715,1151.443148480917,455
0,0,248,273.6596618762962,1350.17558889224,456
0,0,249,247.3895549235615,1283.911618746793,457
0,0,250,278.1854561293441,2043.512122792914,441
0,0,251,239.1316691439446,1077.016766183891,452
0,0,252,236.0242321405672,736.8268707948142,463
0,0,253,321.2734419877463,1977.0177793359,437
0,0,254,307.1408950944721,1855.556763567118,443
0,0,255,269.7398404145888,1364.229679729392,447
0,0,256,266.1176613300648,1314.137565940148,455
0,0,257,297.0395806923551,1770.500154398424,467
0,0,258,263.3340162284687,1236.776945813909,416
0,0,259,255.9978409217853,2269.392007793718,420
0,0,260,205.190011086108,937.1823804014221,411
0,0,261,219.2750400716291,923.2449812195689,442
0,0,262,202.8889685459392,666.3276997057976,399
0,0,263,250.2123013226494,1153.903205517249,419
0,0,264,214.7731007455735,783.2669474360794,401
0,0,265,221.3599252011531,960.4514824109059,417
0,0,266,225.1536196975761,1136.222593524558,392
0,0,267,231.4095750252625,1176.544502162996,385
0,0,268,194.7818395674715,637.7922649523028,408
0,0,269,205.8302597420246,1188.095743856835,401
0,0,270,202.6236664563535,770.2954673462135,374
0,0,271,224.6198412721865,1213.270429766786,373
0,0,272,201.7064593032528,775.6675679306353,386
0,0,273,206.9412550870505,975.5184364677698,342
0,0,274,195.1330398686137,652.8988383960651,353
0,0,275,237.3865314863197,1347.011829487044,374
0,0,276,229.1064224112336,911.7265986855467,365
0,0,277,235.0355962337998,1083.378654626165,380
0,0,278,207.5958759841519,794.5037340537399,385
0,0,279,195.9201396167806,715.6532811010593,363
0,0,280,215.5184397526427,939.8399942368858,337
0,0,281,191.5212103976637,651.0660733359581,346
0,0,282,181.8860991108949,599.3771291290982,347
0,0,283,259.7029029723003,1223.731586262051,368
0,0,284,191.2888283588979,687.6655909151541,356
0,0,285,217.7350184505911,935.7939766811551,335
0,0,286,246.503659996341,1350.655962275111,325
0,0,287,209.9421530656936,731.6984940056587,355
0,0,288,167.0276337853325,372.8229276126316,331
0,0,289,249.0079400742025,1148.283908788249,351
0,0,290,242.680772919456,1207.123150789411,329
0,0,291,248.3081731894295,1227.585963971213,337
0,0,292,209.0414869820734,735.5944840296293,319
0,0,293,193.0815235317977,1045.665508887877,335
0,0,294,189.2405900238211,647.5532088037576,316
0,0,295,200.6977975217239,814.4219613897862,353
0,0,296,234.5877387280238,1049.70304072751,314
0,0,297,198.6602853207287,1517.146751450573,313
0,0,298,196.7011742269195,797.2140507454229,328
0,0,299,236.2368940994398,1466.604151796297,481
