# mesh name: boxMesh_1
# primitive scorer name: doseScorer
# iX, iY, iZ, total(value) [MeV], total(val^2), entry
0,0,0,6905256.025388333,7735569.200767929,10000000
0,0,1,6975794.569949768,8391729.563642344,9998119
0,0,2,7025201.543938863,8382954.281508146,9994415
0,0,3,7069908.436006261,8531234.696959779,9989573
0,0,4,7116392.569594155,8777012.608075833,9983932
0,0,5,7155788.761976977,8853174.584200123,9977605
0,0,6,7196060.908943635,8931788.493563386,9970631
0,0,7,7235277.023782169,9064605.772975916,9962957
0,0,8,7277843.312997546,9242204.518818317,9954964
0,0,9,7314806.375124593,9237383.11678265,9946128
0,0,10,7353508.786485436,9385511.432515079,9937066
0,0,11,7386429.320482837,9396313.345160516,9927194
0,0,12,7420493.558071427,9482144.594914455,9916960
0,0,13,7457780.473211642,9579999.042153541,9906440
0,0,14,7494581.102222261,9670662.978640441,9895466
0,0,15,7530073.520131378,9757593.575048111,9884206
0,0,16,7563459.130040275,9754213.266036443,9872352
0,0,17,7599854.895928542,9797856.618151028,9860093
0,0,18,7634489.128508819,9884552.314239338,9847601
0,0,19,7668548.704993702,9950625.659011504,9834380
0,0,20,7705337.743903335,9961728.280568542,9821025
0,0,21,7742265.023046993,10146007.18883198,9807237
0,0,22,7777504.975764135,10125276.36292281,9793121
0,0,23,7816882.781507678,10238547.64044727,9778684
0,0,24,7853622.443535854,10311615.87353327,9763711
0,0,25,7892480.799848346,10397505.08557554,9748586
0,0,26,7929289.738603791,10419866.74081452,9733207
0,0,27,7968293.16878051,10455713.55108998,9717702
0,0,28,8009504.59798147,10583823.79685277,9701611
0,0,29,8043761.136312382,10516493.81161259,9684954
0,0,30,8088235.368588744,10659164.10282438,9668144
0,0,31,8129829.941146344,10755571.29634125,9651389
0,0,32,8173462.067202503,10872081.17505614,9634219
0,0,33,8220123.040908772,10975928.98908659,9616677
0,0,34,8258270.58844897,10954209.75777248,9598572
0,0,35,8293956.965670998,11128045.78260061,9580201
0,0,36,8296404.934469715,11070807.72155753,9561330
0,0,37,8312718.451709717,11112427.42281743,9542715
0,0,38,8369093.79862144,11272417.87413362,9523832
0,0,39,8435823.965695264,11352023.72307489,9504266
0,0,40,8505567.749147944,11584696.87928955,9484297
0,0,41,8574916.661989756,11636854.02100017,9464055
0,0,42,8642414.797464611,11716987.87256018,9443839
0,0,43,8715339.661871282,11838737.13716983,9423285
0,0,44,8784517.550997749,11929075.97684764,9402517
0,0,45,8860875.17332826,12256888.26444281,9381282
0,0,46,8925938.17820942,12307626.24546865,9359583
0,0,47,8990048.219272111,12470454.68086649,9337735
0,0,48,9045286.639126601,12535873.28524221,9315719
0,0,49,9102211.334250789,12680612.67064702,9293321
0,0,50,9153596.603321351,12790830.65583512,9270570
0,0,51,9206385.912905045,12923646.1478547,9247293
0,0,52,9256163.522598933,13031858.14469032,9223641
0,0,53,9313869.106910562,13212435.54079103,9199689
0,0,54,9375630.723821057,13341641.29828202,9175720
0,0,55,9440622.547937118,13427078.2010965,9151017
0,0,56,9521262.107312808,13694333.37252212,9126520
0,0,57,9608823.71514922,13921584.16567005,9101534
0,0,58,9702078.003926808,14084305.60409375,9075811
0,0,59,9808077.024474436,14356956.59309744,9049944
0,0,60,9923875.575014081,14641131.79921328,9023415
0,0,61,10050989.78023738,14950857.39134777,8996865
0,0,62,10188259.5872829,15345662.04379553,8969740
0,0,63,10329765.47205558,15689408.27829611,8942128
0,0,64,10478650.44257881,16023910.00393084,8914081
0,0,65,10631365.17184599,16417348.04224189,8885875
0,0,66,10787603.03333095,16898401.18193516,8856912
0,0,67,10942151.82272797,17328342.73154645,8827608
0,0,68,11090826.86596736,17740744.42398549,8797237
0,0,69,11239290.65228292,18146677.67144654,8766338
0,0,70,11404943.57223481,18692791.79427374,8735680
0,0,71,11584510.60412898,19192528.01675804,8704512
0,0,72,11793443.57154797,19982861.67481299,8671955
0,0,73,12040119.86453509,21086445.60010491,8639045
0,0,74,12310467.43801274,22172739.44048967,8604822
0,0,75,12600887.04141245,23159727.64459777,8568950
0,0,76,12917813.52417501,24132476.07748549,8532423
0,0,77,13250732.57451825,25047883.48965201,8494926
0,0,78,13604562.87390798,26138744.86368119,8456692
0,0,79,13988256.92949024,27333141.56051581,8417885
0,0,80,14427044.94189212,28888533.80087402,8378425
0,0,81,14950052.03661178,30817701.59167307,8337776
0,0,82,15574032.43503932,33219356.84927072,8295785
0,0,83,16318113.84301585,36305791.50685696,8251416
0,0,84,17200687.7824498,40267320.89583385,8204565
0,0,85,18277243.54251887,45572799.34502673,8153575
0,0,86,19642588.42470425,52795140.03687228,8095262
0,0,87,21431633.51590198,62985157.6625275,8025105
0,0,88,23949773.72106228,79382907.35575458,7934115
0,0,89,27881473.15487177,110524085.6283579,7798896
0,0,90,33340723.66639974,165813264.6280554,7498081
0,0,91,34563496.66655523,203162578.9349214,6515125
0,0,92,22862674.0114337,141524963.2295175,4161223
0,0,93,7399097.898354002,44073733.95596606,1477042
0,0,94,978544.7103309847,5299107.806005224,234164
0,0,95,50104.59372336019,239747.9463167685,21271
0,0,96,4945.869148000226,22878.64669843343,8583
0,0,97,4275.550237487525,20610.01552983565,7916
0,0,98,4398.217304485872,22964.88331070645,7713
0,0,99,4177.108994428419,20285.66084358387,7261
0,0,100,3938.818210981697,19020.78999053404,7073
0,0,101,3862.732360959626,18950.51876649868,6815
0,0,102,3804.377173640235,18611.83508154294,6493
0,0,103,3492.593461248012,15496.72720354289,6309
0,0,104,3523.880698374294,16254.65297197072,6152
0,0,105,3660.104059293637,18204.79609278897,5976
0,0,106,3539.041041618539,17737.81586050973,5711
0,0,107,3200.22746934661,14822.28196370092,5519
0,0,108,3179.800629800684,16772.48389321811,5421
0,0,109,3192.30650785418,17061.52496259558,5138
0,0,110,3138.459360961544,15831.55621308069,5100
0,0,111,2980.933454219052,15352.26614248559,4950
0,0,112,2865.761177529862,14794.3660366647,4768
0,0,113,2662.774596160715,14533.15185397301,4652
0,0,114,2714.073194480348,16153.3418201957,4470
0,0,115,2567.655038514838,12037.43102615251,4454
0,0,116,2633.120104692797,15035.07142836308,4203
0,0,117,2614.484164951115,13959.88726708892,4140
0,0,118,2436.541619822078,12606.22559854689,3983
0,0,119,2359.037331710299,12988.40441541839,3789
0,0,120,2456.800034463959,12201.30615001112,3743
0,0,121,2211.270412730795,11590.69037768418,3564
0,0,122,2109.384273487359,10580.258735405,3611
0,0,123,2266.515911341972,14477.85968996761,3450
0,0,124,2111.492143791306,10319.67885978508,3430
0,0,125,1974.575754575945,10085.30539938481,3312
0,0,126,2074.911674674306,11918.01083725616,3271
0,0,127,2061.439342343889,11650.141561157,3239
0,0,128,1966.019534907113,10189.89541156258,3109
0,0,129,1932.872972724326,10800.56239650041,2965
0,0,130,1816.552613576731,8389.983966604075,2884
0,0,131,1676.669779130273,8170.377879862286,2818
0,0,132,1677.076734641755,8349.025039048587,2833
0,0,133,1711.169973558694,8721.695214759337,2729
0,0,134,1708.805289283681,9876.627143057147,2633
0,0,135,1843.058470213565,10873.78974129912,2692
0,0,136,1639.343120536573,8335.112666676345,2581
0,0,137,1516.476311415716,8335.35399329039,2417
0,0,138,1513.440236846709,7895.118999771846,2379
0,0,139,1468.843653952823,7528.738281212105,2367
0,0,140,1545.81502907532,11084.39621031039,2374
0,0,141,1292.040926192819,7628.076750319353,2295
0,0,142,1224.868317636528,5488.643538211037,2211
0,0,143,1462.507431929161,8410.26731632985,2201
0,0,144,1284.813602158242,6140.897360623093,2186
0,0,145,1428.046152623758,9374.15953336239,2110
0,0,146,1284.572309270658,6700.322221748382,2109
0,0,147,1197.454728706085,5704.88540428828,1952
0,0,148,1204.577617555004,6491.600397364169,1989
0,0,149,1222.050798680522,7597.432839043142,1971
0,0,150,1252.680908356883,7055.84951922976,1955
0,0,151,1224.348183837191,7439.569275629734,1846
0,0,152,1178.700674919307,6956.414839912993,1753
0,0,153,1149.111387229611,6654.303091360546,1853
0,0,154,1033.762095309929,5352.21736393759,1787
0,0,155,959.0036187566748,5389.599077035512,1711
0,0,156,1016.155716820248,5988.787066702585,1651
0,0,157,1113.307448717087,6128.11870663959,1698
0,0,158,1093.032296304166,7407.504787918444,1625
0,0,159,1091.490999866578,5599.95210561988,1609
0,0,160,1059.302761784024,5940.01531914067,1590
0,0,161,1057.689422599386,5833.51993661304,1557
0,0,162,968.1716413387109,6664.186252709062,1517
0,0,163,946.1182200485596,5305.580130329543,1507
0,0,164,895.6376924865089,4278.990534768434,1455
0,0,165,884.1414440279384,4197.696546528349,1427
0,0,166,852.18648218411,4504.433944066788,1396
0,0,167,854.665724954277,4760.610287718151,1358
0,0,168,828.5991033496772,4094.235762458511,1343
0,0,169,820.8492542783422,4272.349089011768,1359
0,0,170,859.7193848017448,4994.942319836887,1342
0,0,171,767.1984742094627,4662.351188218721,1240
0,0,172,873.5564342721702,4455.62225766102,1260
0,0,173,812.5534546365581,4221.384664804749,1255
0,0,174,838.3480536857036,4406.063165592463,1268
0,0,175,794.4356045165764,4082.90034969329,1224
0,0,176,716.4334013013561,3844.112183127861,1161
0,0,177,732.5823874755824,4755.719280840296,1193
0,0,178,690.6655929781185,3291.313166627808,1176
0,0,179,664.864878944615,3673.950317324646,1129
0,0,180,676.1044320509087,3592.498100713171,1124
0,0,181,715.848940706202,3364.746555461444,1150
0,0,182,671.908333239531,3294.160207898208,1116
0,0,183,644.175693138312,2790.929655170633,1043
0,0,184,759.7073210199692,4661.375982327223,1057
0,0,185,731.2929475268101,4253.939310581843,1067
0,0,186,695.3925863425259,3150.86100895685,1086
0,0,187,649.8891184702516,2915.417256813563,1028
0,0,188,612.5660723533106,2659.547054637549,1038
0,0,189,572.8083186648652,2454.664300827718,971
0,0,190,614.6864614846074,2659.176743128125,978
0,0,191,717.2356786205198,4442.717907166723,1013
0,0,192,580.3468310799979,2750.049848816418,967
0,0,193,582.8772372849525,3653.944235022076,908
0,0,194,491.715729587238,1788.603268260539,939
0,0,195,529.2930286361533,2828.700229188275,906
0,0,196,629.3957049766416,3929.872750613935,890
0,0,197,529.164654083914,2762.374886399197,886
0,0,198,551.9716223923928,2944.364785911746,882
0,0,199,493.3419880707854,1919.842027632327,845
0,0,200,566.3098925547137,2550.353485178758,917
0,0,201,678.4629384082958,7581.743111477127,848
0,0,202,577.4887909165748,3250.049203715223,867
0,0,203,612.2533354120875,3612.64398719077,835
0,0,204,552.2412925064793,2503.321279481152,809
0,0,205,527.1928123310335,2875.920083343606,804
0,0,206,441.6383763944254,1915.773173547509,773
0,0,207,480.6476023574542,2684.131785913556,801
0,0,208,456.4308265680723,1879.893714465838,792
0,0,209,435.3767205522659,1794.105910293224,736
0,0,210,583.9771081361924,4712.410498586507,732
0,0,211,511.0783420930987,2787.350393407088,756
0,0,212,419.9307611341831,2055.806365786436,736
0,0,213,418.9326992925576,2624.02054820935,704
0,0,214,395.0455347209578,1739.00514565049,692
0,0,215,414.5024527131932,1905.821192918315,701
0,0,216,422.8808339448369,2510.303970712262,695
0,0,217,367.3006215191053,2161.255406556258,690
0,0,218,417.1068523562224,2188.806172403048,665
0,0,219,396.346919756705,2256.323209018631,642
0,0,220,365.9879537033038,2028.073265089934,705
0,0,221,412.734739427127,2118.398689489161,688
0,0,222,409.2860850447338,2382.330579502016,667
0,0,223,410.5762049899045,2361.940252494138,641
0,0,224,356.46242810279,1589.100207592462,648
0,0,225,375.4769000128492,1466.039407258156,645
0,0,226,468.3960177167381,3299.979489305748,617
0,0,227,356.4784934982878,1761.268039547153,609
0,0,228,360.4236522000251,1635.98275639038,603
0,0,229,309.7847352671499,1169.23713827796,582
0,0,230,431.9954562547142,2801.23145685338,626
0,0,231,369.9445200728096,1587.308479082722,614
0,0,232,335.6873786575482,1326.322710177758,602
0,0,233,363.5400501132163,2016.879051894797,582
0,0,234,405.3354105647169,2381.693131282327,556
0,0,235,339.8953738040752,1441.0936410355,602
0,0,236,306.7323229388456,1235.013316415272,549
0,0,237,315.9945406474272,1330.388245362509,546
0,0,238,322.8794516345038,1297.331869463053,551
0,0,239,311.373469046679,1254.307343676418,511
0,0,240,263.6309765689193,928.2178541304188,536
0,0,241,309.0917072314328,1470.718452501499,572
0,0,242,303.9715759250005,1620.442649235749,491
0,0,243,271.7427841560079,1820.489864207341,473
0,0,244,262.0758161982,1111.95113391048,498
0,0,245,340.5110320376426,1682.819572552502,486
0,0,246,302.1593072213511,1948.182343804056,514
0,0,247,301.2653446562405,1432.449856878862,527
0,0,248,294.8050057867229,1126.639107609235,523
0,0,249,319.8387017022408,1564.452983723782,518
0,0,250,388.8304407092554,2554.224402196036,484
0,0,251,326.1855566773398,1533.808468865251,467
0,0,252,305.1184552761766,1415.491294355168,464
0,0,253,340.0700068147424,1750.293015922626,470
0,0,254,264.9771417213994,1158.179288445441,451
0,0,255,275.4973359791698,1501.90811332092,454
0,0,256,270.9733301017273,1187.984293182631,480
0,0,257,276.5845859849142,1547.354602154647,455
0,0,258,245.3338862257401,958.2115925517473,466
0,0,259,261.2189053910886,1657.583582987664,462
0,0,260,248.8607047753612,1422.107549422387,458
0,0,261,255.1962062118282,1213.648328696621,456
0,0,262,246.1051307167942,1045.804312514621,459
0,0,263,328.0999896554744,2504.238097114629,454
0,0,264,293.5428205710639,1504.165294902052,447
0,0,265,290.1481579875162,1550.808336226101,404
0,0,266,259.9043985995449,1844.049935705967,441
0,0,267,269.0868703418458,1728.350757262583,416
0,0,268,246.7873025264452,1178.530077462431,418
0,0,269,223.7487882478997,1025.667793410359,407
0,0,270,189.6594622596329,672.7585545126822,433
0,0,271,205.6226869234546,791.2123041727897,420
0,0,272,219.7522941792542,984.8254041568993,368
0,0,273,264.8057119082882,2416.144450420264,375
0,0,274,277.584785152987,2525.064356484396,380
0,0,275,198.2497090387531,711.4232207096013,375
0,0,276,200.6269861597669,761.2056237418202,370
0,0,277,220.6030319799379,1303.305551662984,352
0,0,278,257.149233963873,1313.423345416948,412
0,0,279,198.77152844036,656.5816121579437,363
0,0,280,206.3334285339348,814.5445555948268,389
0,0,281,173.7387360662874,558.7470181464372,365
0,0,282,174.7981000205868,524.3763848951857,381
0,0,283,249.7888364240812,1817.310546223574,394
0,0,284,227.2074370750752,1132.298437557548,378
0,0,285,235.0681265377929,859.3117576041079,370
0,0,286,274.1699511631348,1123.316378182726,383
0,0,287,255.2834470696274,964.385706104105,382
0,0,288,254.0582181861373,971.3487738474943,365
0,0,289,222.1462398071508,823.834388313297,331
0,0,290,229.4164655540227,899.6904523245896,343
0,0,291,247.8075463306222,1356.416730636527,330
0,0,292,225.4190105891394,913.6422693830477,346
0,0,293,258.5823339039338,2055.073128244126,343
0,0,294,189.0304855070688,701.9074610321304,334
0,0,295,194.8053334924829,779.8290422951284,337
0,0,296,200.8439314520012,639.3979413438959,329
0,0,297,219.4720266838523,660.6440662020182,329
0,0,298,290.0763629470811,2384.530448312581,350
0,0,299,195.102322142977,587.4802626328041,480
