# mesh name: boxMesh_1
# primitive scorer name: doseScorer
# iX, iY, iZ, total(value) [MeV], total(val^2), entry
0,0,0,6813717.000346581,7602989.569801934,10000000
0,0,1,6881963.463130559,8193727.513816459,9998126
0,0,2,6931712.270873614,8291298.217965057,9994500
0,0,3,6975450.262739873,8452039.510888431,9989780
0,0,4,7018992.328796986,8630450.026871961,9984290
0,0,5,7056455.948236939,8677200.667333582,9978056
0,0,6,7097643.932883667,8839047.778532166,9971255
0,0,7,7135278.648431805,8979859.306988994,9963774
0,0,8,7173885.821390738,9063937.354688141,9955807
0,0,9,7209958.025813665,9124723.898753729,9947209
0,0,10,7244964.075817861,9174753.090386499,9938139
0,0,11,7280691.599116718,9337585.702948526,9928439
0,0,12,7313109.368677968,9410554.174409136,9918544
0,0,13,7347143.445838405,9436757.726888038,9908184
0,0,14,7384226.030785876,9539113.094025401,9897375
0,0,15,7418478.431403877,9593584.685687069,9886339
0,0,16,7451179.583671346,9676650.306937184,9874569
0,0,17,7483329.92810792,9622789.902508372,9862547
0,0,18,7515191.200730944,9693867.845384577,9850069
0,0,19,7549696.12853531,9775563.749259477,9837348
0,0,20,7583637.249359784,9866426.99670906,9824366
0,0,21,7619135.367638054,9994213.258902773,9810805
0,0,22,7651226.989598433,9936985.600300351,9796933
0,0,23,7686961.452085277,10035103.94173458,9782774
0,0,24,7725139.158359041,10263140.54925722,9768145
0,0,25,7759663.982654217,10228846.64048044,9753231
0,0,26,7793850.287050061,10225018.76072824,9738139
0,0,27,7829580.68750411,10263304.41988639,9722922
0,0,28,7868058.618408818,10388089.30006501,9707132
0,0,29,7901702.466465868,10373735.42337765,9691024
0,0,30,7943917.807922029,10508227.9567272,9674615
0,0,31,7981769.879857162,10573837.8332991,9658090
0,0,32,8018520.712408397,10554779.1657648,9640977
0,0,33,8059856.054718916,10671100.017611,9623973
0,0,34,8098577.029651111,10667274.46253547,9606394
0,0,35,8143281.832654145,10846008.0500792,9588327
0,0,36,8181825.901853563,10871374.76270362,9570188
0,0,37,8224760.396022496,10953243.00224004,9551653
0,0,38,8259342.6634083,11104410.08254456,9533003
0,0,39,8267568.840536118,11127652.36758924,9514402
0,0,40,8282191.460853549,11185299.93622819,9494948
0,0,41,8333283.44396355,11224120.76936511,9475282
0,0,42,8395435.283875868,11303133.42584712,9455131
0,0,43,8462914.182110012,11380086.85329988,9434960
0,0,44,8531590.545654628,11473770.5191893,9414991
0,0,45,8607373.191982154,11727109.26852088,9394313
0,0,46,8678616.846530437,11857039.45340971,9373444
0,0,47,8751932.242341273,12093588.58051785,9352031
0,0,48,8814266.346361354,12056439.81948384,9330490
0,0,49,8882224.280355724,12282009.5987404,9308540
0,0,50,8946491.953901118,12441021.25608292,9286497
0,0,51,9001562.00446577,12486811.3333418,9264036
0,0,52,9056494.902675856,12641039.9142489,9241203
0,0,53,9109685.250440706,12835167.46017387,9218033
0,0,54,9156886.031004351,12866270.3238206,9194586
0,0,55,9209716.556855984,12992265.31487874,9171098
0,0,56,9265626.223718574,13122293.86729406,9147234
0,0,57,9328148.977060655,13267641.29126628,9122909
0,0,58,9395158.126632947,13429750.27645663,9098098
0,0,59,9473252.676191662,13700102.72986716,9072950
0,0,60,9556171.800355365,13884327.58995811,9047303
0,0,61,9649981.554640265,14053435.5988809,9021576
0,0,62,9756287.155388359,14364001.91071863,8995618
0,0,63,9869119.702777119,14580309.79958018,8968830
0,0,64,9994134.647274543,14889178.90431325,8942276
0,0,65,10127659.72263079,15205392.67246482,8914991
0,0,66,10271579.82537755,15578180.47084763,8887413
0,0,67,10422001.86062767,15934848.01847353,8859568
0,0,68,10575020.62143752,16411255.60404206,8830744
0,0,69,10728723.89670645,16814779.00981332,8801475
0,0,70,10878219.44907758,17264649.08113876,8772145
0,0,71,11025599.8840799,17570098.80042249,8742076
0,0,72,11178523.56422363,18103776.6850409,8711409
0,0,73,11339966.84037726,18584042.86861828,8680347
0,0,74,11518757.61952562,19176860.93489779,8648518
0,0,75,11724031.86967117,19857927.98236971,8616203
0,0,76,11967553.09670233,20948051.46982413,8583388
0,0,77,12239418.00582896,22066053.5452593,8548844
0,0,78,12531955.0539649,23068164.30663771,8513376
0,0,79,12843868.72798404,23990505.64194133,8476856
0,0,80,13175898.9776592,24954577.95295395,8439404
0,0,81,13529734.18428087,26012715.82387168,8401441
0,0,82,13915969.7358124,27336021.30555633,8362686
0,0,83,14350265.3356584,28792864.33429196,8322752
0,0,84,14868629.42145049,30675138.38734753,8281979
0,0,85,15494476.53793146,33133477.72258379,8240009
0,0,86,16232742.59497735,36175551.54000793,8195664
0,0,87,17114152.89524166,40147078.20026183,8148957
0,0,88,18191242.33074465,45485532.80271988,8097290
0,0,89,19550768.98078243,52634965.43317682,8038339
0,0,90,21353207.83458564,63043913.91771691,7968133
0,0,91,23887768.12040924,79732350.36527857,7875841
0,0,92,27826525.46692026,111381501.6256203,7735524
0,0,93,33038899.33072564,165054971.0133948,7412027
0,0,94,33754008.66796455,197866896.9081722,6390684
0,0,95,22323778.58277825,137821452.9805525,4074856
0,0,96,7509292.080188097,44884175.42912309,1488929
0,0,97,1086776.266009061,5960300.144391902,254385
0,0,98,64232.61669477303,314271.5889795641,24589
0,0,99,5456.105432839119,26019.2111686429,8642
0,0,100,4407.212313757771,22729.38608754042,8000
0,0,101,4434.455681727049,21838.25270447879,7754
0,0,102,4209.612538358684,20542.68904710651,7507
0,0,103,4145.483483827364,21758.39821402822,7035
0,0,104,4015.582476081186,19977.69864702523,6793
0,0,105,3879.07204884358,21082.761506866,6500
0,0,106,3963.760518795742,21175.55114638177,6388
0,0,107,3722.562821322208,17586.3655896444,6071
0,0,108,3665.735388869159,18063.48156132052,5834
0,0,109,3353.485162983895,18819.59228478953,5507
0,0,110,3287.262471616411,16406.86228580465,5553
0,0,111,3055.570316221375,13442.17220557342,5285
0,0,112,3065.512979420336,16162.94738431595,5119
0,0,113,3118.911977151468,18070.94459624713,5025
0,0,114,2931.124464621625,14921.76438432747,4831
0,0,115,2870.280667591839,14965.57681965358,4688
0,0,116,2886.733576347545,18703.94035615442,4559
0,0,117,2587.434136454655,13019.01119454526,4472
0,0,118,2695.201498266812,14553.16907853907,4316
0,0,119,2610.172008439901,14068.832310217,4129
0,0,120,2449.81562007022,12419.7172862913,4127
0,0,121,2389.650877412815,11031.18936638019,3991
0,0,122,2479.919410819733,12950.51760915152,3838
0,0,123,2388.372904306698,12350.44879683369,3818
0,0,124,2299.020283827309,12586.71262784449,3686
0,0,125,2327.33548615673,13550.56581856205,3584
0,0,126,2121.999222236334,11107.03622945476,3494
0,0,127,1841.516471817235,8426.683559326169,3295
0,0,128,1914.173402693909,9258.929999177712,3281
0,0,129,1744.467698128363,7793.69899373585,3268
0,0,130,1761.084989183513,8197.188814485977,3143
0,0,131,1852.09167022949,8862.199609341489,3170
0,0,132,1815.410842577664,9300.785970957957,3058
0,0,133,1877.741564249949,10012.06126237913,2963
0,0,134,1673.814589362488,9181.902159109153,2825
0,0,135,1774.435898829808,9570.586555662851,2888
0,0,136,1735.841219237741,9878.664376025259,2779
0,0,137,1715.611591405876,9151.290343994582,2703
0,0,138,1675.629410967734,8189.665813310068,2714
0,0,139,1671.828263579806,9067.697155580108,2543
0,0,140,1608.591498534668,8676.592033727942,2513
0,0,141,1538.262941751793,8758.506882556048,2427
0,0,142,1426.418730274731,9707.112749430751,2411
0,0,143,1389.125516739949,9059.610222416983,2248
0,0,144,1412.249756260956,7366.864121934322,2254
0,0,145,1394.670289549803,7436.504716044318,2234
0,0,146,1239.991325376772,5832.210538791903,2226
0,0,147,1410.598665371841,8638.814922289561,2232
0,0,148,1285.217261118825,6045.636462871709,2206
0,0,149,1420.854373302882,8037.341871768613,2095
0,0,150,1263.892395589889,6500.154669303865,2085
0,0,151,1245.626591076423,6192.872808990973,2034
0,0,152,1300.609629108355,6969.894360270862,2040
0,0,153,1140.17905354651,5433.250265462681,1923
0,0,154,1218.979370421848,6868.785441827366,1894
0,0,155,1114.138165372638,5509.505822705262,1884
0,0,156,1197.040241655877,6761.919351891332,1878
0,0,157,1074.290909534406,4843.045749055465,1816
0,0,158,1113.371602790389,5642.678419269694,1782
0,0,159,991.7531030382172,4845.640409332173,1671
0,0,160,1114.14352864335,5668.743580635934,1661
0,0,161,1113.269336064808,5743.308843739129,1695
0,0,162,1041.795508965466,5464.499572961796,1655
0,0,163,1010.395397373316,5121.537315915437,1597
0,0,164,992.8415282218909,5791.624144694725,1602
0,0,165,929.4570307330698,6106.593391881401,1553
0,0,166,1014.834054474814,5254.814537666282,1501
0,0,167,1020.515930634594,5528.236080890398,1494
0,0,168,1034.843335583274,6111.231745974372,1465
0,0,169,941.7936316268194,5140.903745695808,1417
0,0,170,965.0325379065717,4742.235933706539,1441
0,0,171,979.3521281760133,5007.213540752222,1438
0,0,172,920.8838185580283,4758.743848545029,1389
0,0,173,856.425135347929,4011.947393925107,1381
0,0,174,845.2915409148322,5096.530124272167,1292
0,0,175,805.1514378925531,4529.747062579503,1299
0,0,176,770.1083913142103,4072.579960760408,1343
0,0,177,812.3436788510145,4023.184424187732,1247
0,0,178,795.8465382018705,4203.291188355213,1205
0,0,179,876.8180036224687,5534.726786859123,1243
0,0,180,812.4271199970823,4802.510534141651,1234
0,0,181,723.1755117124828,4604.593986465516,1164
0,0,182,719.3013288853919,3799.674248394357,1198
0,0,183,640.4610658447573,2765.391074363165,1131
0,0,184,844.3425857681805,5417.002792890439,1104
0,0,185,713.0714683421387,3715.879582738793,1177
0,0,186,704.9230247368807,3128.514414632569,1158
0,0,187,723.1309373633276,4592.836565218066,1107
0,0,188,623.1064855249882,2589.531261297914,1114
0,0,189,706.4888740442561,3504.009723290003,1102
0,0,190,782.6036018654919,4358.965597506217,1103
0,0,191,686.6834734750239,3750.935537212788,1039
0,0,192,714.4597027959904,3808.985325175966,1050
0,0,193,614.054072818117,2600.491822293659,1035
0,0,194,631.8871376430579,3083.361808696596,940
0,0,195,606.0029828114089,2654.806902603761,996
0,0,196,654.5670347962176,3515.559421594447,913
0,0,197,618.5712574089977,3698.911033111786,888
0,0,198,587.7454862522311,3275.028842145085,930
0,0,199,551.5045966590378,2714.627372389307,890
0,0,200,580.2144353825707,3666.865404354207,898
0,0,201,463.4355975961262,1868.24722955885,831
0,0,202,426.9943584119693,2140.410948217237,811
0,0,203,468.8742431061488,2616.008537616212,826
0,0,204,416.6011312639016,1680.984958952635,852
0,0,205,497.6270742776684,2882.578867891705,851
0,0,206,594.2216950260172,3956.01802695921,864
0,0,207,490.8375268151314,2637.70451005522,761
0,0,208,523.7014623895128,2795.520482110233,785
0,0,209,415.3638465712764,2471.975709725576,736
0,0,210,451.5951268689273,2708.7324682777,752
0,0,211,466.5105870245083,2454.884518123907,759
0,0,212,436.111115775022,1966.723060616345,777
0,0,213,494.0205478598409,3740.210091435943,799
0,0,214,504.3913334639664,2837.416746592025,770
0,0,215,434.130395500767,2992.115607223373,744
0,0,216,414.490907850533,2515.276419930076,692
0,0,217,372.0259509250344,1687.557610615529,658
0,0,218,433.3572278587829,2884.029206379572,685
0,0,219,449.9579866866852,2313.524741213468,726
0,0,220,407.604731317181,1745.444781055234,708
0,0,221,459.228312454792,2623.885896588943,680
0,0,222,431.0760853959194,2352.643619672113,697
0,0,223,475.6541320843677,2514.700569652405,686
0,0,224,428.2986899287135,2075.073813889609,665
0,0,225,443.9984452960501,2060.784928386985,668
0,0,226,481.986759900382,2711.241781437172,666
0,0,227,463.9932470984932,2408.965382871023,640
0,0,228,445.1809086254353,2704.94888370547,653
0,0,229,401.2330138150754,1825.150125496335,641
0,0,230,414.3669700180455,1883.846313787654,668
0,0,231,419.0966882158401,1948.756614440296,678
0,0,232,345.485678213648,1287.041369586763,614
0,0,233,399.6552085129097,2008.404633370881,592
0,0,234,371.2047911513022,1778.811347340546,606
0,0,235,344.909560956747,1588.824552205961,615
0,0,236,426.8351123019937,2819.432909319057,604
0,0,237,365.2806251048679,1810.423955061618,575
0,0,238,392.9870962307869,2146.1772877355,587
0,0,239,344.702225464038,1406.633476992807,547
0,0,240,365.6039313772021,1782.903313520162,531
0,0,241,309.6423868688161,1154.380443943233,534
0,0,242,333.4531585813043,1585.649476555434,516
0,0,243,276.1851340246494,1147.538943209599,467
0,0,244,412.3811797220988,2922.535201641217,540
0,0,245,362.2372652398913,2265.568974523525,539
0,0,246,324.6702221533411,1686.522365061246,524
0,0,247,301.6963385936146,1251.48768983729,531
0,0,248,351.6986751569641,2270.65508601264,517
0,0,249,390.3841588121405,2599.414619597591,512
0,0,250,353.6028032548938,1612.586160208857,520
0,0,251,248.7911383794477,795.1336494844334,456
0,0,252,329.2618095458237,2010.657253173515,515
0,0,253,386.7502999768526,2447.527366454237,530
0,0,254,323.5438730867662,1663.124884956257,530
0,0,255,307.3268862659628,1746.75473020398,485
0,0,256,295.0274137134462,1150.199859836131,508
0,0,257,290.0597693380467,1569.169249769266,496
0,0,258,307.0178005298671,1241.021524800156,465
0,0,259,357.3688678950062,2205.765858906035,499
0,0,260,301.8902118852789,1396.426668781924,486
0,0,261,275.6836960716074,1017.2452308054,467
0,0,262,353.5361766405469,1905.175919156163,478
0,0,263,350.1891792508477,1677.446872405353,506
0,0,264,314.6192639413879,1451.409010443823,494
0,0,265,298.6996064502052,1494.601505535262,471
0,0,266,381.3794757658321,3449.261198074416,479
0,0,267,373.0134767885542,2256.351153998941,441
0,0,268,284.0689558378872,966.6083252390656,439
0,0,269,326.1890130992603,1375.402895523745,445
0,0,270,354.7208289726178,2565.03524714075,479
0,0,271,278.1052292982905,1023.43921894228,438
0,0,272,278.6268153939324,1347.872010774251,410
0,0,273,254.847016098602,991.9338583610611,415
0,0,274,290.1236747513429,1574.40428409421,408
0,0,275,214.1110315515638,637.4460580660823,422
0,0,276,242.0378370284204,1142.795342080459,399
0,0,277,273.7859135167187,1391.082661354395,398
0,0,278,261.9693938421076,1063.076920567632,390
0,0,279,278.3551359258171,1561.180122775701,406
0,0,280,288.1644929476523,1298.925646992004,379
0,0,281,248.7150288690604,985.6588736069534,376
0,0,282,245.817620425332,1011.884185737075,403
0,0,283,255.189500372578,1042.821659993902,380
0,0,284,248.1309131393254,1180.88214231057,363
0,0,285,214.4959657336057,608.9666787357836,384
0,0,286,272.441456766047,1330.076323496375,372
0,0,287,192.0695311393807,519.2566887929581,383
0,0,288,228.1574393589046,951.955075372894,388
0,0,289,261.8393465833416,1597.331593768867,351
0,0,290,263.2009674656084,2209.33895861257,352
0,0,291,234.6631768354761,944.3889964297998,362
0,0,292,244.6848656012314,1250.966168739603,362
0,0,293,216.2481076127704,833.4994213857157,351
0,0,294,209.1666814044989,1056.009234438272,334
0,0,295,222.1654424998004,1033.443619061313,326
0,0,296,169.948140786112,478.9250788087273,306
0,0,297,219.4631901819561,841.4690922954646,309
0,0,298,195.0727419334632,635.5538122853167,334
0,0,299,227.8874490393922,936.8600873394212,452
