# mesh name: boxMesh_1
# primitive scorer name: doseScorer
# iX, iY, iZ, total(value) [MeV], total(val^2), entry
0,0,0,6725393.56296353,7509296.517085308,10000000
0,0,1,6792414.843735131,8072508.905677385,9998171
0,0,2,6842410.02367006,8280657.114750924,9994607
0,0,3,6882632.893371953,8322353.223207865,9989922
0,0,4,6926455.069248985,8525352.408650529,9984506
0,0,5,6962312.265134033,8548043.882627547,9978408
0,0,6,7002426.598973302,8738807.551873805,9971723
0,0,7,7038446.815576332,8840930.141121449,9964425
0,0,8,7077569.09798984,9027536.444657085,9956583
0,0,9,7110674.185795425,9024298.523693923,9948223
0,0,10,7143153.551843786,9063952.53228496,9939334
0,0,11,7177153.485107847,9161974.794272516,9929915
0,0,12,7206779.299682376,9162153.013243839,9920130
0,0,13,7241741.958133106,9294743.733015319,9909887
0,0,14,7275553.15397315,9334826.901717976,9899406
0,0,15,7308524.801435893,9423341.954550521,9888473
0,0,16,7341065.439703146,9520182.253842305,9877022
0,0,17,7372189.782141546,9532990.15975802,9865140
0,0,18,7404618.051369162,9631092.554577492,9853079
0,0,19,7434777.826121087,9610025.052009037,9840522
0,0,20,7465315.590273046,9683490.601913631,9827556
0,0,21,7499219.134229111,9778857.533910716,9814343
0,0,22,7528469.935679324,9710652.757585512,9800665
0,0,23,7563991.683142682,9878544.606265659,9786824
0,0,24,7597918.39323877,9972977.923999291,9772599
0,0,25,7634051.077375755,10121210.95147892,9758045
0,0,26,7664117.732360426,10026622.39689425,9743094
0,0,27,7699411.955707478,10066266.7654371,9728372
0,0,28,7735723.924914136,10193160.26670519,9712922
0,0,29,7765953.714431272,10182314.20265799,9696891
0,0,30,7800906.291029423,10199157.40246036,9680859
0,0,31,7840884.115027091,10382661.17028587,9664660
0,0,32,7877124.7501262,10433197.79420417,9647862
0,0,33,7911142.087937444,10410037.92496814,9631062
0,0,34,7948289.515704467,10460388.59944818,9614089
0,0,35,7989558.841865668,10636523.80487371,9596501
0,0,36,8028172.293977044,10725297.2077057,9578503
0,0,37,8064714.51951202,10665020.54280506,9560397
0,0,38,8109555.904052611,10885679.448446,9542012
0,0,39,8151671.934293712,10960374.24682131,9523355
0,0,40,8188934.271254177,10941404.03556409,9504363
0,0,41,8218737.665677677,11005404.7576355,9485246
0,0,42,8225708.437851933,11051031.18199445,9465783
0,0,43,8238226.639681784,11012275.95763042,9446177
0,0,44,8288978.982000212,11136204.87489011,9426395
0,0,45,8356602.931766868,11262595.112747,9406464
0,0,46,8427134.812458791,11455700.5236514,9386013
0,0,47,8495419.401301537,11538346.59377086,9365078
0,0,48,8563271.44481793,11660345.21547702,9343999
0,0,49,8632481.00728951,11765250.72002064,9322720
0,0,50,8702943.547733027,11911439.98653716,9301223
0,0,51,8770379.612580186,12090067.56460387,9279198
0,0,52,8837399.014712239,12246390.61666179,9257339
0,0,53,8900551.153926093,12423489.03324385,9234694
0,0,54,8955155.596373111,12506154.80608873,9211732
0,0,55,9005852.585587071,12540458.01567083,9188741
0,0,56,9057964.49213222,12728381.98471878,9165553
0,0,57,9107588.969949666,12816022.46204151,9142027
0,0,58,9156929.976183429,12881980.83033042,9117726
0,0,59,9211940.3777244,13050009.38350966,9093457
0,0,60,9272005.772286937,13196421.57378863,9069029
0,0,61,9339750.325909842,13382971.598569,9044004
0,0,62,9415326.878644001,13536454.43072719,9018900
0,0,63,9498867.597809423,13744865.34898026,8993247
0,0,64,9590648.696737312,13902322.27446575,8967257
0,0,65,9697534.186985843,14228949.96774685,8941080
0,0,66,9810446.918796886,14519388.58879885,8914756
0,0,67,9935470.813653063,14860639.85071013,8887715
0,0,68,10068270.81084652,15160582.19380037,8860186
0,0,69,10207925.91549812,15507504.85405313,8832211
0,0,70,10354539.94638553,15853818.14441617,8804057
0,0,71,10505218.81988681,16246555.76573902,8775340
0,0,72,10658287.01811042,16745268.55434519,8746139
0,0,73,10808271.04200866,17146531.91055046,8716396
0,0,74,10953252.89904366,17453074.35577779,8686446
0,0,75,11104185.95590313,17953322.7886024,8655612
0,0,76,11266145.88001728,18482662.95159929,8624464
0,0,77,11443343.43581036,19054570.20646531,8592840
0,0,78,11647197.48509991,19760986.73365686,8560355
0,0,79,11885444.34043829,20714708.49035113,8527250
0,0,80,12157111.49135533,21912757.63180154,8493378
0,0,81,12442016.83540843,22789936.05009429,8457865
0,0,82,12755571.54553724,23845598.03711235,8421239
0,0,83,13085439.19586331,24821687.99838142,8383815
0,0,84,13438561.05730944,25901995.46651614,8345873
0,0,85,13816341.29271029,27097028.36272314,8306748
0,0,86,14250548.74981213,28606852.5136635,8267298
0,0,87,14760810.11660895,30431322.58574871,8226780
0,0,88,15378467.01161285,32849228.82411076,8184656
0,0,89,16111966.70508698,35890214.52760424,8140475
0,0,90,16984998.91442408,39843321.89666325,8093309
0,0,91,18050005.70802919,45099121.02276398,8041910
0,0,92,19400047.45361501,52270249.13053378,7983192
0,0,93,21180347.29734313,62528735.99114276,7912633
0,0,94,23699373.25035865,79200958.28498697,7820641
0,0,95,27566076.33350679,110412522.6667955,7677977
0,0,96,32536488.40906723,161837882.071518,7346486
0,0,97,33154772.21569119,192957997.639966,6334231
0,0,98,22434302.14939603,138088100.1086704,4101809
0,0,99,8052983.005528721,48389970.70909842,1578655
0,0,100,1315013.54986538,7317723.925482296,299823
0,0,101,89823.79944724095,449697.7957403461,30891
0,0,102,6677.883829587722,31202.9797963257,8966
0,0,103,4622.915295395671,22850.38108919023,8173
0,0,104,4524.573688740853,21801.74886645388,7764
0,0,105,4373.332201916395,22269.35363315957,7515
0,0,106,4180.180625575441,20783.30507754852,7006
0,0,107,3997.736775349524,19570.1028251383,6704
0,0,108,3953.713250873353,21331.02480980858,6542
0,0,109,3693.816028510209,18689.61665168146,6217
0,0,110,3584.69508928684,18641.14671682382,6107
0,0,111,3514.705758164785,16290.3115830844,5966
0,0,112,3622.52221129366,23709.3070019351,5654
0,0,113,3345.765318111712,16440.81501352336,5499
0,0,114,3241.767180804646,17556.38120678613,5415
0,0,115,3210.737745096122,16134.30656018487,5183
0,0,116,2983.924952271984,14923.89481856958,5037
0,0,117,3081.186302894007,15478.70946194125,4931
0,0,118,3238.125121850326,19233.18061381401,4867
0,0,119,3191.927747967239,19008.79563247287,4727
0,0,120,2822.859921945599,14286.60802027408,4515
0,0,121,2796.757733680619,15099.26658493736,4378
0,0,122,2627.04734141306,14513.31922166528,4309
0,0,123,2652.264681778079,14820.43500821838,4168
0,0,124,2519.741554505419,13095.53245125743,4038
0,0,125,2386.086661270047,11653.24045871365,3861
0,0,126,2451.89039393014,14867.14937971898,3757
0,0,127,2439.32839190598,14554.79847556919,3661
0,0,128,2302.203306105225,12141.78052356341,3576
0,0,129,2110.056399747132,11722.04244288993,3488
0,0,130,2012.596539025775,11104.59161589808,3521
0,0,131,2072.525152121738,12180.01645916672,3320
0,0,132,1948.669668427183,9665.927291402471,3263
0,0,133,1978.010585558886,9710.206216187193,3252
0,0,134,1809.212139363405,10324.08714808809,3225
0,0,135,1779.88894946443,8695.882510079315,3090
0,0,136,1873.916048715431,9426.70642786003,3013
0,0,137,1938.416916231525,10918.36655407386,2899
0,0,138,1693.257418197882,8049.798178353416,2774
0,0,139,1747.094139508446,9791.927362668705,2795
0,0,140,1807.102218690766,9558.923569201275,2675
0,0,141,1682.267152824041,8912.020701881285,2697
0,0,142,1724.743585155853,10261.35289592913,2542
0,0,143,1711.972096416229,9580.845311709612,2569
0,0,144,1862.912686393146,13718.89549927083,2535
0,0,145,1511.871284251824,7513.939195271754,2368
0,0,146,1613.924938454812,8284.632769841119,2363
0,0,147,1458.510822463046,6963.439099201141,2296
0,0,148,1439.815286860238,7162.890201657439,2296
0,0,149,1647.821696022694,9942.696440237694,2300
0,0,150,1450.649603606392,7757.561011711372,2311
0,0,151,1460.327402890615,7608.134835049828,2141
0,0,152,1334.630882724063,6683.959685554141,2095
0,0,153,1453.037859724948,8024.885809991098,2083
0,0,154,1191.007280522092,6155.841504011836,2002
0,0,155,1223.636319107042,5798.979681222487,2048
0,0,156,1318.092469742475,6769.41851891817,1960
0,0,157,1199.699715553992,6285.63996628535,1939
0,0,158,1184.663447749317,5989.50599884097,1867
0,0,159,1109.645992836279,6238.337180157772,1787
0,0,160,1112.964304726819,5725.910948570058,1792
0,0,161,1019.559823109958,4996.745796217845,1713
0,0,162,1027.259936310255,4508.256965388628,1700
0,0,163,1047.474833192893,6010.594311363471,1656
0,0,164,1104.042217930838,6255.977545719401,1628
0,0,165,1004.240095249237,5310.036182508035,1662
0,0,166,1018.521801340634,5897.609431740354,1610
0,0,167,1066.608107862461,7028.832615445212,1604
0,0,168,1038.635253461183,4981.631343616958,1549
0,0,169,1069.535352216718,6674.405543576549,1532
0,0,170,929.5723739647514,4285.77582113517,1480
0,0,171,966.0605846688358,5209.819993698179,1474
0,0,172,969.385000020234,4469.073122158416,1487
0,0,173,849.9536153351494,3689.642612845691,1470
0,0,174,1016.428563776407,5641.475730830009,1443
0,0,175,907.3010928768826,4381.727671932491,1357
0,0,176,905.615822781155,4403.094737048012,1325
0,0,177,971.5702775358961,6583.736938173735,1371
0,0,178,1031.763314171654,6711.808125370613,1346
0,0,179,886.4612614270359,5952.611383853571,1275
0,0,180,784.6326137342713,5893.945326092431,1255
0,0,181,722.7029867090931,3932.045851847988,1237
0,0,182,769.3773953177734,3674.664665626518,1254
0,0,183,710.4882172615045,3941.02178793635,1162
0,0,184,729.5674755005559,3896.795525267215,1147
0,0,185,767.8119415787397,3823.032282782553,1148
0,0,186,832.546779480224,5985.22288395835,1190
0,0,187,754.3048078248401,4217.958374221071,1128
0,0,188,770.7071251673667,3769.640974898402,1142
0,0,189,687.6478179445253,4903.247957350876,1099
0,0,190,645.7124361665577,3516.962744144573,1113
0,0,191,632.0952782106193,3274.649879453407,1044
0,0,192,790.2004675635371,6500.05496719359,1077
0,0,193,699.25778221246,3551.600539541761,1020
0,0,194,701.3187729942986,4333.613998989591,1047
0,0,195,669.2276681247554,3645.641089520373,1036
0,0,196,622.6174723281272,3182.563328981809,979
0,0,197,716.2714097411058,5037.029050014441,985
0,0,198,731.0445039986907,4913.451738175034,962
0,0,199,623.8658089335169,3103.424615551718,920
0,0,200,634.9257903385601,3041.07238599305,922
0,0,201,668.4867468169188,4201.715227360034,974
0,0,202,621.8341523742436,3487.287712696656,874
0,0,203,693.7150187406554,4677.694021977011,874
0,0,204,549.8059929078065,2992.475885946724,867
0,0,205,652.6004992184928,5084.639376387869,873
0,0,206,634.2230386982727,3614.632342787594,888
0,0,207,502.794060955753,2033.469299764316,841
0,0,208,538.1249905339595,2995.00005000759,919
0,0,209,532.8003770919163,2789.993739247542,814
0,0,210,545.6763056330642,3449.952436638204,802
0,0,211,525.0718666640277,2737.418284623564,836
0,0,212,463.703157778731,3823.437630684726,775
0,0,213,471.2659710529232,2163.070325388366,798
0,0,214,417.7516126751585,1827.144874243183,765
0,0,215,389.8848132655108,1670.683816257863,748
0,0,216,403.7100217771032,1536.013602817769,780
0,0,217,452.8208068203414,2203.598095348956,749
0,0,218,505.341841261315,2623.03859458159,749
0,0,219,468.9749828497402,2056.043047642041,679
0,0,220,487.006334752299,2792.166977766811,741
0,0,221,447.0386243609561,2363.937063792167,713
0,0,222,437.4145640032525,2231.55601129415,743
0,0,223,449.338782334454,1888.43844955814,712
0,0,224,501.4657575014487,2826.526258784053,720
0,0,225,453.489150183004,2113.565145703324,679
0,0,226,501.5885604716519,2790.470583836853,692
0,0,227,429.5011738079012,2017.162241535734,670
0,0,228,438.5455913556812,2007.79600196876,684
0,0,229,519.373811007105,3251.304248276332,670
0,0,230,401.7984603049305,1676.155438512189,713
0,0,231,438.2235699791548,2069.708284293995,675
0,0,232,368.3427807073339,1725.319912614912,624
0,0,233,304.8611414719513,1056.464020212808,624
0,0,234,328.2908539752768,1289.145515872915,602
0,0,235,332.3137065107757,1395.635306098178,646
0,0,236,311.3820663033158,1332.206213410047,578
0,0,237,313.0017351922376,1542.219712034563,576
0,0,238,363.6857540902238,2048.929361396878,625
0,0,239,338.5251026118448,1421.05451772491,600
0,0,240,371.730341530296,1744.11844563018,570
0,0,241,343.4400313821657,1359.438525172426,592
0,0,242,325.581890075045,1084.78093072973,542
0,0,243,385.5294894410486,2603.225141005466,592
0,0,244,362.9575944889257,1527.315539177954,556
0,0,245,400.9211700741652,3840.478721535088,558
0,0,246,346.1972102454527,1508.028984459113,509
0,0,247,328.3957371504058,1725.089975844805,532
0,0,248,378.1170595489974,1738.097610379763,546
0,0,249,375.3977065470448,2191.282525802127,531
0,0,250,386.5248836279093,2242.895802099454,524
0,0,251,381.6685704901029,2937.144730494895,513
0,0,252,404.0728594807254,2658.792974514854,527
0,0,253,366.3211582019113,2551.545150732137,505
0,0,254,293.0396649355857,1186.227869761912,496
0,0,255,361.138955868939,2551.307329397756,515
0,0,256,322.508518195354,2223.286017186178,508
0,0,257,268.7801885274348,985.1740776217455,508
0,0,258,313.0906174518194,1335.89092522606,506
0,0,259,342.9063385149421,1950.712074770743,498
0,0,260,299.0025107394308,1365.853052499557,469
0,0,261,311.5529586374233,1476.406113249275,475
0,0,262,297.6009491351319,1371.226830016286,486
0,0,263,268.5002866428484,1041.948910490249,453
0,0,264,257.0257079275499,817.4127650127737,491
0,0,265,287.3790069983677,1219.853848289883,446
0,0,266,261.2324727869338,921.8073035768596,461
0,0,267,299.4508699342751,1595.649414191685,472
0,0,268,379.4471121369871,3295.839005647052,442
0,0,269,270.5961698678777,1095.406397965378,433
0,0,270,254.6329686815621,980.525565123218,440
0,0,271,293.7874642603736,1379.960554657613,428
0,0,272,277.4540507115165,1242.978696159731,420
0,0,273,270.1899337422924,1377.386096635967,414
0,0,274,282.6167912081824,1136.424069471839,464
0,0,275,285.4808813974654,1456.353998968259,406
0,0,276,247.0199929536297,1032.883583136933,432
0,0,277,261.2867320401003,993.4140152643113,424
0,0,278,272.3252028891395,1303.228713922932,403
0,0,279,316.1885777065794,1956.054547105955,415
0,0,280,267.1979683367259,1156.713113689606,403
0,0,281,211.8978880154466,903.9065534096605,382
0,0,282,259.7439637597888,1844.730509910614,396
0,0,283,271.5173610216972,1838.839694324807,418
0,0,284,270.0039100349741,1519.35523833895,387
0,0,285,235.4879970284271,1219.248247123937,389
0,0,286,271.0525895071519,1714.464297174949,370
0,0,287,214.0102531639233,970.1017056209153,394
0,0,288,274.1709581303339,1671.943122451753,380
0,0,289,302.2520547913634,2221.235293469242,376
0,0,290,227.9023706401224,909.1967210757637,367
0,0,291,249.1458373016909,1327.37036921206,345
0,0,292,212.0191019155604,907.2130546550389,362
0,0,293,200.1306230443177,739.2516890370404,335
0,0,294,236.9692399349286,1182.537348252101,346
0,0,295,215.755226624014,836.8399094899911,318
0,0,296,241.1788645816137,1675.477363691254,335
0,0,297,184.0685502169888,622.6266583806,334
0,0,298,209.4420041792935,814.1755977581755,328
0,0,299,288.526361672853,2018.443475093706,513
