# mesh name: boxMesh_1
# primitive scorer name: doseScorer
# iX, iY, iZ, total(value) [MeV], total(val^2), entry
0,0,0,6641158.231302264,7460269.549332581,10000000
0,0,1,6705530.49731346,7950657.727750931,9998188
0,0,2,6754957.526300262,8170167.12578833,9994677
0,0,3,6794243.180776853,8222022.723394351,9990148
0,0,4,6836235.460600736,8447427.881246274,9984755
0,0,5,6872986.997993151,8515439.500900107,9978753
0,0,6,6910403.981660681,8682358.311309434,9972153
0,0,7,6943695.570527427,8731112.917477064,9964943
0,0,8,6981885.725916259,8942080.243426399,9957186
0,0,9,7013349.77785938,8928378.921158232,9949030
0,0,10,7045366.934858434,8980401.515728807,9940264
0,0,11,7078198.312382211,9091993.282280361,9930923
0,0,12,7105000.819825023,9020670.248207008,9921317
0,0,13,7138839.242665496,9173942.222723868,9911273
0,0,14,7170186.379751875,9185182.676409833,9900933
0,0,15,7203344.328502734,9313231.543884201,9890217
0,0,16,7232182.645577227,9355479.848500576,9879006
0,0,17,7263651.699638022,9386251.964265846,9867493
0,0,18,7293356.164077446,9436741.322880343,9855497
0,0,19,7322992.512763545,9471768.532782285,9843394
0,0,20,7353368.12826307,9538127.548767192,9830826
0,0,21,7386718.994775076,9694339.561785223,9817777
0,0,22,7413718.195081799,9570867.245178098,9804437
0,0,23,7448419.397900614,9772450.124640604,9790774
0,0,24,7476152.207092939,9738537.244673198,9776814
0,0,25,7512255.029232571,9899774.734758748,9762586
0,0,26,7542153.553981556,9896897.925538866,9747838
0,0,27,7573537.934936922,9877631.069154127,9733154
0,0,28,7605985.897863072,9947162.585778769,9718113
0,0,29,7638579.734750893,10043798.41627632,9702594
0,0,30,7669333.772423163,10021230.75823727,9686828
0,0,31,7705508.055190437,10194501.34083293,9670604
0,0,32,7737420.143113049,10198779.59504878,9654365
0,0,33,7768717.414362365,10123640.17477077,9637798
0,0,34,7807794.087736739,10337476.09368273,9621067
0,0,35,7844792.691830048,10394803.55750407,9603977
0,0,36,7881280.921245635,10508754.47355705,9586426
0,0,37,7914771.089643605,10449002.73096317,9568695
0,0,38,7953769.568031911,10631297.86030489,9550759
0,0,39,7992650.572440537,10675867.75861791,9532678
0,0,40,8030972.827615026,10724461.252235,9514201
0,0,41,8071431.206209438,10832761.60508753,9495430
0,0,42,8108184.277149942,10828838.20386726,9476359
0,0,43,8144573.423186332,10822078.72413103,9457191
0,0,44,8177240.868159878,10916440.49740755,9437822
0,0,45,8188934.966048912,10957210.40027055,9418401
0,0,46,8204179.086118679,11094196.44612594,9398404
0,0,47,8249885.210624496,11110915.33742585,9378267
0,0,48,8309759.645825843,11195851.58789403,9357648
0,0,49,8379609.592030387,11358527.79957545,9337009
0,0,50,8449568.703751139,11476583.56926179,9316287
0,0,51,8516856.889505647,11616747.26183472,9294644
0,0,52,8589345.939356642,11845494.84010052,9273058
0,0,53,8655079.454504095,11923695.49720311,9251139
0,0,54,8722503.021171667,12087108.42824942,9229025
0,0,55,8783952.288803056,12163098.09797055,9206561
0,0,56,8844505.063159857,12330010.16183702,9183533
0,0,57,8902273.090844337,12423314.12208943,9160955
0,0,58,8954941.995045137,12509604.41806962,9137660
0,0,59,9000595.318224968,12539544.89908089,9114082
0,0,60,9055789.578620136,12807766.28990413,9090192
0,0,61,9105746.814210726,12903125.51077531,9066227
0,0,62,9157820.086747188,13005360.8686139,9041644
0,0,63,9215753.494416183,13125457.9268413,9017074
0,0,64,9281605.914555214,13242459.69467638,8991877
0,0,65,9356970.066428574,13495991.64648889,8966622
0,0,66,9436298.944331609,13580944.64285001,8940876
0,0,67,9531013.583034951,13855409.34839235,8915174
0,0,68,9635918.925869541,14157074.35322499,8889101
0,0,69,9747158.725772418,14423100.22998149,8862181
0,0,70,9869165.231743857,14749657.66723876,8835011
0,0,71,9999348.200788308,15043318.94034598,8807512
0,0,72,10138149.97175319,15390785.9638409,8779447
0,0,73,10282986.36373531,15776492.54397087,8751329
0,0,74,10434590.31835661,16176140.54013228,8722629
0,0,75,10583107.18805603,16561322.99031537,8693335
0,0,76,10731185.63497313,16950684.69064649,8663705
0,0,77,10878916.26316049,17405680.40452575,8633498
0,0,78,11027097.66813001,17825367.28192331,8603124
0,0,79,11187049.32654155,18378461.14428758,8571794
0,0,80,11359627.49178541,18854801.35555765,8539779
0,0,81,11562843.74834049,19607271.03122357,8507937
0,0,82,11795454.77738546,20515431.58826383,8474845
0,0,83,12062787.71762807,21680648.09874444,8440823
0,0,84,12350854.5847077,22723801.3078478,8405426
0,0,85,12656311.15433644,23641689.20778475,8369060
0,0,86,12981547.65189688,24567975.47397997,8331294
0,0,87,13327178.85397299,25608500.26060043,8293480
0,0,88,13703624.51781764,26848671.48917476,8254630
0,0,89,14131736.17132854,28321721.29613162,8215108
0,0,90,14634164.78506599,30140737.2263828,8174359
0,0,91,15242814.55845603,32534366.44472588,8132517
0,0,92,15962474.0896207,35500891.56644089,8088291
0,0,93,16826147.91437093,39461585.94884983,8041706
0,0,94,17865591.50775287,44485628.64642679,7989910
0,0,95,19192892.70496972,51549010.46984981,7931858
0,0,96,20930718.81023873,61532653.35947431,7861693
0,0,97,23389287.71088739,77792418.72809052,7770386
0,0,98,27127081.60355331,107841015.4048676,7629117
0,0,99,31881577.77744807,156645826.8668028,7303820
0,0,100,32745819.42494755,188462890.6748356,6339133
0,0,101,23076708.0704316,141467226.3647566,4228108
0,0,102,9031341.04659315,54601411.61991268,1746692
0,0,103,1698323.393251491,9620705.83680027,374762
0,0,104,141452.4379033487,728375.9249346615,42830
0,0,105,8818.023397733483,42570.5961794101,9827
0,0,106,4895.357325784608,24438.65266218598,8323
0,0,107,4759.223251893982,27076.2957404204,8046
0,0,108,4654.512385144008,24454.58384373658,7659
0,0,109,4425.016487483897,21692.60607443597,7278
0,0,110,4091.040217410743,19624.56231052867,6957
0,0,111,4328.835722013979,22403.56177593845,6727
0,0,112,3976.546250673187,20696.98285625416,6474
0,0,113,3839.806759617204,20115.82203718936,6283
0,0,114,3962.634664917572,20549.90386188241,6148
0,0,115,3818.608782434396,19269.73877682075,6008
0,0,116,3540.907566500191,17745.79323739237,5710
0,0,117,3461.582242165796,17854.0566813995,5517
0,0,118,3213.159657637084,14954.04222289767,5510
0,0,119,3213.317640202279,17650.05864240214,5190
0,0,120,3235.394857549515,17379.73196586675,5117
0,0,121,3038.38369218712,14537.12187019215,4892
0,0,122,3188.630048939483,17513.19939029991,4815
0,0,123,2962.457939719312,14650.42539380917,4700
0,0,124,2818.664975995769,12876.2598769955,4580
0,0,125,2698.550496676868,13940.61158855731,4364
0,0,126,2618.726814060423,13315.53649145834,4325
0,0,127,2521.471228296135,12454.1398686948,4121
0,0,128,2545.257636249555,13043.40956656649,4026
0,0,129,2511.712347257584,13251.86079221047,3861
0,0,130,2409.86651111661,11520.22329824494,3803
0,0,131,2524.175918241719,14230.02517897932,3665
0,0,132,2301.696239464815,12107.13448451569,3540
0,0,133,2155.83917288883,11147.33182254327,3490
0,0,134,2311.118728588125,12268.19580071448,3401
0,0,135,2294.39922264324,14332.3788070251,3394
0,0,136,2144.610397065169,11695.21073070773,3282
0,0,137,2184.116444519782,14734.93683275477,3227
0,0,138,1917.002493045683,9247.199109992198,3137
0,0,139,1847.812080922085,9002.845122267812,3063
0,0,140,1781.367332020601,8465.024690499427,2930
0,0,141,1666.846855874374,7974.40367968536,2855
0,0,142,1790.11414035228,7959.074446701949,2824
0,0,143,1757.450046112169,8610.823753484816,2729
0,0,144,1816.316600281146,9550.169496427214,2657
0,0,145,1801.045234973084,10704.48043068442,2611
0,0,146,1645.335578980842,9610.62143126043,2500
0,0,147,1771.824109074816,10949.01731610903,2548
0,0,148,1474.788773127416,7186.388346339035,2424
0,0,149,1608.783641376167,9214.312468313994,2451
0,0,150,1516.428353274943,8019.753352591388,2366
0,0,151,1377.798164292079,7265.240577883313,2253
0,0,152,1390.337275017816,7298.683398449763,2303
0,0,153,1288.27933765194,6066.659545520829,2237
0,0,154,1339.108677326793,7192.756804901711,2204
0,0,155,1414.788722552519,7937.600051406163,2129
0,0,156,1258.623688682258,6489.357560307657,2085
0,0,157,1208.585234569351,5507.378110008974,2046
0,0,158,1273.240278017499,6371.234625631538,1967
0,0,159,1307.459074864268,8006.044804267931,1927
0,0,160,1230.35813470524,7562.143502891444,1922
0,0,161,1239.161524248787,6426.293847676763,1947
0,0,162,1314.222755660413,8102.772812937178,1830
0,0,163,1212.83279208116,6059.461294291591,1783
0,0,164,1039.726086699188,4430.41716339475,1737
0,0,165,1135.88735518426,6486.297262507235,1743
0,0,166,1235.836012658482,6208.940860832073,1725
0,0,167,1228.24135766276,7509.605002123234,1736
0,0,168,1141.482454205732,7000.104789684916,1683
0,0,169,1133.156221712649,5981.711237742565,1673
0,0,170,1017.579620248214,5983.703149879246,1585
0,0,171,992.7308178525662,5276.644065076927,1618
0,0,172,1035.740762873618,6230.836627094168,1572
0,0,173,980.5112593954524,4803.199933066368,1540
0,0,174,945.2462457422298,4351.426647951343,1552
0,0,175,1119.806788979516,7649.304399320702,1524
0,0,176,860.21708505092,3531.594017759133,1491
0,0,177,890.1470483437125,4156.180158943791,1384
0,0,178,883.6077011657823,4160.048783129106,1401
0,0,179,924.9639522375035,4894.404639106904,1422
0,0,180,818.1699828415142,3687.45250805079,1364
0,0,181,1042.153021432422,6193.410620833009,1359
0,0,182,928.6821586905291,5322.58184126282,1333
0,0,183,879.9066332530235,5435.265501727919,1315
0,0,184,867.5797269927602,4242.448531839409,1292
0,0,185,844.2027390447607,5115.670798652579,1207
0,0,186,775.9602161741842,3857.247327328988,1277
0,0,187,803.8083207892726,4715.173858695754,1167
0,0,188,781.5138379581961,3805.568902718016,1244
0,0,189,780.8872200934388,3942.739183158951,1189
0,0,190,781.0739970554059,3987.273987084887,1130
0,0,191,666.4437554654857,3035.454763608355,1123
0,0,192,608.5776526184666,2352.986243230375,1083
0,0,193,773.1484708070371,5883.331467007777,1089
0,0,194,688.7550001318102,3648.30791448103,1084
0,0,195,810.4678942786215,4348.338791017726,1086
0,0,196,721.0445986428668,3543.041669758546,1028
0,0,197,763.0287117376422,4095.951201230971,1081
0,0,198,799.2622036028361,4833.593287834658,1107
0,0,199,692.9778523824234,3527.091737681495,1010
0,0,200,633.6209275976432,3206.904859017479,996
0,0,201,790.5549548107947,5426.766673960067,990
0,0,202,673.1932939958523,3050.672632460186,927
0,0,203,670.1178533636963,3975.210331742368,941
0,0,204,596.8650151661028,2997.04795604015,914
0,0,205,574.9231105119853,2656.230194674014,946
0,0,206,593.4308639507348,2891.744333164781,924
0,0,207,561.1768362848579,3505.189044775233,893
0,0,208,578.7747693800682,2686.332694546764,879
0,0,209,658.5130206969968,3828.858721535549,883
0,0,210,620.5509461214048,3304.823851632761,886
0,0,211,568.8150051481553,2554.240753885103,834
0,0,212,536.1745488857155,2868.949628216743,834
0,0,213,580.8867010475371,4003.74358850706,803
0,0,214,525.0299697069664,2409.519784697224,790
0,0,215,565.0553095166927,3148.375132668702,841
0,0,216,539.3823635456769,3624.86252925214,784
0,0,217,544.7068839945515,4043.147158249396,776
0,0,218,507.6006931157841,2496.17255381522,767
0,0,219,472.6658937581415,2217.158148752912,766
0,0,220,492.7194067418453,2766.245977160926,731
0,0,221,430.8666702602369,1860.60905121378,756
0,0,222,551.0629451240072,4148.533756595783,757
0,0,223,541.235101487866,3244.739048475511,771
0,0,224,486.8942378750572,2242.584850148468,714
0,0,225,488.6476419665249,2609.212704135033,737
0,0,226,522.1664582612341,3507.713757770238,679
0,0,227,440.7057368672656,2617.397984449335,723
0,0,228,411.9343432706004,1949.947779404731,702
0,0,229,384.5724618808187,1454.078877753509,695
0,0,230,391.4863723316638,1524.491019196958,647
0,0,231,437.4406621389081,2158.924684677681,686
0,0,232,455.6819972269694,2005.36986487503,697
0,0,233,486.3305105206881,2333.334306462221,686
0,0,234,527.2739779942214,2829.427615092616,673
0,0,235,460.9740859242455,2425.015009024831,646
0,0,236,429.9728807430577,1798.487073967643,635
0,0,237,425.3503114830625,2085.491298553298,651
0,0,238,397.9055278754118,2584.38022989317,627
0,0,239,429.091717465384,2186.165049623157,628
0,0,240,412.5846682430775,2450.273031352086,620
0,0,241,383.7993528828536,2650.844832578406,600
0,0,242,353.5082825032974,1587.22474353451,602
0,0,243,401.59140418367,3253.260025141153,567
0,0,244,400.8317212169263,2537.758010173667,540
0,0,245,326.8647642255709,1993.224403445182,611
0,0,246,293.1724077476584,1330.981167686269,547
0,0,247,331.9215847813537,1479.360431859488,555
0,0,248,347.2627615817319,1747.155180618063,516
0,0,249,346.6147601768122,1823.747635854934,574
0,0,250,381.6201180802918,4472.256708487923,535
0,0,251,279.2386977718459,963.2741870448278,532
0,0,252,359.0950617820744,2329.737580882906,538
0,0,253,316.5122691763676,1471.631393996229,575
0,0,254,330.6023658265589,1576.046092207668,542
0,0,255,390.977720130022,2334.755567828504,516
0,0,256,307.3541023456527,1269.412525694718,540
0,0,257,322.2467863071973,1255.599254058545,526
0,0,258,323.2185381177373,1679.499424405792,513
0,0,259,314.6261560193329,1231.451774108648,522
0,0,260,334.4134037164951,1485.630631397331,543
0,0,261,286.3126132402998,1158.389766961588,500
0,0,262,324.9877101857627,1690.259156028412,479
0,0,263,263.9464518247055,1017.069425218653,497
0,0,264,344.8385090877492,2580.320106554443,496
0,0,265,346.948018402621,2250.468701498197,482
0,0,266,281.7869501003479,848.459094035288,514
0,0,267,322.533928261126,1465.33134380666,487
0,0,268,320.9253897727793,1443.235847289807,483
0,0,269,302.5456518115882,1571.467639601444,469
0,0,270,300.4045288605514,1355.808744933925,432
0,0,271,270.0181043760919,1131.45609089651,466
0,0,272,241.8048400058677,829.6943683035432,460
0,0,273,302.498080133575,1305.032378509546,450
0,0,274,295.3369813144441,1208.177086748594,447
0,0,275,257.9976185902101,1004.96571404419,450
0,0,276,273.2593276491272,1247.830635822642,462
0,0,277,299.0956083771317,1401.391206591377,462
0,0,278,294.7231003656663,1194.680000872974,457
0,0,279,303.6825419104429,1267.214820962389,444
0,0,280,281.5530905515301,935.7709304745019,459
0,0,281,299.3739463698025,1301.438359383812,468
0,0,282,276.0416095159621,1080.940277225572,449
0,0,283,328.1670523896959,2070.324997577702,486
0,0,284,299.2716463141125,1802.392684538512,449
0,0,285,249.457460645516,833.2801350178052,423
0,0,286,261.3202980522045,1342.900201266506,435
0,0,287,275.9938618203997,1650.38204182949,438
0,0,288,293.3465775395251,1467.71432087738,456
0,0,289,293.6892674994039,1315.466797969625,432
0,0,290,219.5016243443459,595.5622268194287,397
0,0,291,259.7732959543612,1002.62207958017,408
0,0,292,321.9698408248493,2633.127405222364,410
0,0,293,223.2469806647035,796.5865415156148,396
0,0,294,238.7660469160514,824.2727561043228,414
0,0,295,259.4068729625163,1140.526143263935,385
0,0,296,224.2247156414904,858.5451440948657,359
0,0,297,230.2706494780532,916.0628589216053,366
0,0,298,303.0150758061513,1742.669402993203,387
0,0,299,241.9190280802699,831.4960515381697,525
