# mesh name: boxMesh_1
# primitive scorer name: doseScorer
# iX, iY, iZ, total(value) [MeV], total(val^2), entry
0,0,0,6558230.039378921,7361157.443478575,10000000
0,0,1,6622077.071003785,7883083.477794321,9998249
0,0,2,6669976.411417814,8063353.282520583,9994808
0,0,3,6709567.134101865,8184066.094564905,9990338
0,0,4,6748528.530986579,8315608.325021377,9985105
0,0,5,6783858.087151233,8419762.566661607,9979135
0,0,6,6820375.274530075,8576434.391290989,9972733
0,0,7,6853686.125749918,8623711.406717174,9965656
0,0,8,6889391.095508562,8789670.603059929,9957987
0,0,9,6919618.156115882,8790907.073114756,9949939
0,0,10,6950773.015058286,8876515.796207942,9941361
0,0,11,6982483.569115313,8965617.075833572,9932160
0,0,12,7008263.663407373,8901961.342726834,9922727
0,0,13,7040390.284584795,9029621.879083386,9912752
0,0,14,7070285.703746663,9080076.69071923,9902648
0,0,15,7102262.606081614,9174825.893742815,9892069
0,0,16,7128227.697859479,9171493.186681315,9881122
0,0,17,7158000.810837808,9270876.582936998,9869664
0,0,18,7187231.421451546,9279833.644405847,9857845
0,0,19,7215311.276016516,9342375.040226074,9845893
0,0,20,7245166.305335813,9363242.604824431,9833677
0,0,21,7274933.829092042,9471513.506098749,9820810
0,0,22,7304339.631568043,9490852.094779082,9807722
0,0,23,7334456.605353564,9558942.561162073,9794199
0,0,24,7362226.354357373,9585189.21368148,9780549
0,0,25,7393958.368353456,9685375.230209734,9766517
0,0,26,7422299.743690033,9664796.581041992,9752208
0,0,27,7455716.581997395,9794754.498489963,9737751
0,0,28,7481770.643388697,9683917.084315797,9722993
0,0,29,7513157.967510968,9809843.757990742,9707651
0,0,30,7545729.800874395,9888864.867443904,9692259
0,0,31,7579221.4238538,10017459.64926595,9676368
0,0,32,7609497.007496505,10042879.54772089,9660419
0,0,33,7638321.223712055,9968872.200469961,9644203
0,0,34,7671292.974025998,10103492.4170333,9627452
0,0,35,7705411.126240271,10110035.08119108,9611050
0,0,36,7739425.892908615,10234460.61340172,9593869
0,0,37,7771878.695290047,10296398.57854522,9576450
0,0,38,7806857.726759563,10378518.30349942,9559179
0,0,39,7841435.476541156,10372712.45522334,9541390
0,0,40,7877601.450270726,10488917.3238576,9523341
0,0,41,7915005.684410178,10551588.7265308,9504969
0,0,42,7954062.49201543,10652499.16802631,9486583
0,0,43,7988364.772394617,10612377.24582521,9467632
0,0,44,8026175.730849487,10683750.73812809,9448524
0,0,45,8066839.729862962,10742423.37845207,9429340
0,0,46,8110529.144324633,10970019.0458642,9409661
0,0,47,8139855.892392562,10971365.26935081,9390132
0,0,48,8150444.80865182,10985849.1181721,9369753
0,0,49,8162044.294551039,11017826.00905891,9349470
0,0,50,8204646.772352554,11099551.2422085,9328750
0,0,51,8265269.454022337,11192955.06010301,9307928
0,0,52,8329953.86532853,11281511.08426587,9286979
0,0,53,8398815.045902679,11508178.33302843,9265568
0,0,54,8463832.166060777,11485765.58599624,9243737
0,0,55,8531637.323219897,11641524.11877942,9222126
0,0,56,8598965.988537002,11823518.76180986,9200007
0,0,57,8665885.376921311,11966253.40164345,9177662
0,0,58,8730362.28220845,12124478.49652006,9155301
0,0,59,8792626.042875545,12247823.52265252,9132532
0,0,60,8850142.811930289,12441100.6782117,9109198
0,0,61,8901154.943759061,12500512.36714316,9085696
0,0,62,8947401.515291464,12571686.98440146,9061957
0,0,63,8997217.693315849,12677952.66977314,9038093
0,0,64,9047451.623298574,12832110.8546062,9013812
0,0,65,9100847.5084089,13026095.5298036,8989171
0,0,66,9159244.375963135,13139662.87054957,8964067
0,0,67,9218778.034518836,13166203.07644054,8938971
0,0,68,9291965.503021462,13370862.96855453,8913830
0,0,69,9374387.522540769,13574273.67106618,8888108
0,0,70,9464252.014954649,13808036.87652491,8861886
0,0,71,9564079.396847595,14013381.80948281,8835686
0,0,72,9675958.469586354,14302911.76325148,8808942
0,0,73,9795324.598127678,14598420.28557296,8781422
0,0,74,9922723.457815833,14874319.87455709,8754013
0,0,75,10062415.40000593,15269849.93844291,8726288
0,0,76,10201531.29520902,15583998.52408679,8697797
0,0,77,10352330.59527492,16050847.25340994,8669029
0,0,78,10499382.98581687,16426772.20228566,8639847
0,0,79,10646479.62064314,16784554.87394414,8610239
0,0,80,10797424.58675909,17337909.72802361,8580086
0,0,81,10941784.64749618,17706254.15222252,8549398
0,0,82,11096353.99549076,18157649.66745221,8518366
0,0,83,11268254.16762935,18683656.90515234,8486732
0,0,84,11466246.77160646,19379842.65192025,8454546
0,0,85,11695412.15811981,20334438.04162324,8421941
0,0,86,11958548.56368444,21453832.09846729,8387866
0,0,87,12241462.92162849,22494226.34999734,8352525
0,0,88,12542065.44317231,23422428.63983101,8316311
0,0,89,12862559.01029404,24335226.54393247,8278993
0,0,90,13205348.27979668,25356361.97503859,8241137
0,0,91,13578244.44760261,26584686.6230346,8202473
0,0,92,13993278.48620684,27971736.13661724,8163139
0,0,93,14484185.0009436,29717994.20793386,8122592
0,0,94,15080723.56231973,32101097.37406966,8081182
0,0,95,15782760.81285191,34958855.55104852,8037298
0,0,96,16625892.15857164,38785526.83767476,7990707
0,0,97,17641834.31416599,43735863.20287205,7939594
0,0,98,18928252.6210055,50537292.44683258,7881875
0,0,99,20607387.45483604,60090808.46521659,7812593
0,0,100,22973847.42390193,75673399.70579858,7722894
0,0,101,26526144.55528652,103903515.0837022,7585924
0,0,102,31072497.34401052,149692726.6970433,7278063
0,0,103,32424743.91836135,183659244.0570201,6394616
0,0,104,24119292.36080331,146964940.896865,4436612
0,0,105,10470764.67528209,63631088.69806869,1998164
0,0,106,2309752.743627952,13324986.24537542,492075
0,0,107,234611.0729766487,1244287.311579713,63947
0,0,108,14023.75067194181,67419.17069863339,11284
0,0,109,5114.307580397671,26152.90853298577,8473
0,0,110,4692.976386757336,22632.31278937065,8086
0,0,111,4600.429374298457,21655.08191526704,7557
0,0,112,4489.889681263105,23492.70125740379,7319
0,0,113,4005.520586440233,19228.76842238786,6985
0,0,114,4009.786305524819,21706.7344897256,6808
0,0,115,3993.62205036176,20068.37690525426,6519
0,0,116,3821.39110754228,18946.44150277721,6217
0,0,117,3715.068214989315,20303.39887987978,6067
0,0,118,3698.044006401614,20056.34482055748,5840
0,0,119,3472.161067842167,18165.4197880553,5690
0,0,120,3545.887269699085,18217.96270105217,5626
0,0,121,3216.270907695332,16082.52205705177,5237
0,0,122,3684.683823233523,22712.06864119771,5158
0,0,123,3050.565944244626,14994.42622229003,4975
0,0,124,3003.674667516781,15615.85129787527,4793
0,0,125,2992.700622391458,14670.31449115143,4683
0,0,126,3050.002705845861,17005.06229502203,4683
0,0,127,2800.257134879471,15048.99695283749,4388
0,0,128,2882.374009102499,15876.47369314084,4372
0,0,129,2663.105095113933,15842.93169663949,4217
0,0,130,2632.049591118994,15134.89031470994,4141
0,0,131,2658.416793832871,16047.74058080914,3894
0,0,132,2330.24272884962,9834.545731415297,3785
0,0,133,2278.787354848859,11175.63881415325,3704
0,0,134,2144.869250803375,10152.17064535414,3675
0,0,135,2252.412983366279,10576.11685409208,3685
0,0,136,2187.805040427179,10458.67835572326,3562
0,0,137,2181.153540775319,12046.59782851471,3382
0,0,138,2024.807884427079,9785.892524831521,3371
0,0,139,2206.250333660864,12256.64220203977,3269
0,0,140,2120.673940356466,10840.11543182026,3194
0,0,141,2168.899045306975,11575.45426025349,3089
0,0,142,1972.118451997543,10140.47151498761,3083
0,0,143,2005.990853576946,11046.86170702165,2913
0,0,144,1967.040105488262,10677.73626167863,2856
0,0,145,1888.709547490864,10747.19664836307,2819
0,0,146,1810.926747334848,10393.05747410261,2748
0,0,147,1685.508345782193,7809.023710732637,2727
0,0,148,1713.063418013422,9364.646087330282,2688
0,0,149,1718.486083543349,9426.137166498222,2606
0,0,150,1866.926396893721,11582.65891688833,2561
0,0,151,1637.302406472574,8742.886499884718,2452
0,0,152,1576.182100107561,7938.218808204379,2389
0,0,153,1683.105697818262,9129.390380496876,2454
0,0,154,1561.377984427706,8197.125208346552,2285
0,0,155,1487.374933719157,7931.912474117544,2256
0,0,156,1553.419807013724,8648.466998518335,2241
0,0,157,1544.194991755367,8342.832499282951,2286
0,0,158,1467.282608943958,8446.883105764613,2114
0,0,159,1267.202133374094,6314.725122500595,2159
0,0,160,1336.868159813711,7606.234001951714,2068
0,0,161,1152.576039638741,5474.34956630203,1965
0,0,162,1254.60211184121,6322.204984670129,2034
0,0,163,1313.788803454288,6778.9406266853,1921
0,0,164,1245.752571592498,5795.230552583644,1884
0,0,165,1301.589777605242,8032.261646976789,1848
0,0,166,1330.017782699705,7386.507504500104,1881
0,0,167,1177.209791894958,5808.455287026077,1827
0,0,168,1053.158127513332,6615.386561625588,1792
0,0,169,1232.018047827603,8206.931143954775,1807
0,0,170,1236.580907844525,6628.57089646947,1784
0,0,171,1134.301942683097,5884.658763074848,1730
0,0,172,1067.202252931615,4804.413438159824,1644
0,0,173,1051.171836462075,4944.113195997329,1667
0,0,174,1189.99551605414,6312.969091726046,1692
0,0,175,1137.336338048308,5988.587547917002,1563
0,0,176,1057.14880884553,6886.273695770702,1550
0,0,177,1063.544226569344,5502.441542867411,1517
0,0,178,993.2759164276622,4546.331409987171,1590
0,0,179,968.4757587701133,4665.529214489342,1528
0,0,180,943.480917602765,4642.761182502984,1521
0,0,181,853.12015452465,4356.568529364587,1423
0,0,182,861.7083880027553,3852.833131912991,1439
0,0,183,844.3977827557312,4136.750661940216,1392
0,0,184,989.1281323358395,5675.36748714358,1395
0,0,185,881.5141343723704,4367.571893624821,1307
0,0,186,897.1368422325787,4612.3126953472,1315
0,0,187,886.5588936659371,4778.172986758173,1322
0,0,188,868.4711455544193,4838.806011095894,1316
0,0,189,848.6333092895436,3828.525980123541,1270
0,0,190,888.2666404348968,5254.485452262892,1257
0,0,191,905.4749586830681,4953.288612680088,1266
0,0,192,798.2660840520799,4012.29630606417,1221
0,0,193,864.8347748477265,5121.328999607849,1230
0,0,194,888.9124100581597,4921.995106807186,1174
0,0,195,811.4393777147229,4438.492433654049,1184
0,0,196,797.5758512001206,4492.375993710183,1121
0,0,197,764.1541375521967,4631.23422423078,1137
0,0,198,689.9412081432322,2845.993650881366,1089
0,0,199,930.5381088216147,6371.245709332028,1088
0,0,200,708.8991891839178,3263.94026920489,1019
0,0,201,762.7105450104175,5415.665486373928,1097
0,0,202,727.4227177306248,4128.215606785643,1068
0,0,203,661.4206391952999,3541.95954331404,1001
0,0,204,717.6440758488544,4316.060685027067,1019
0,0,205,615.5249310770957,3203.127469716808,973
0,0,206,661.0341987338066,3769.817767995765,968
0,0,207,617.0989820435207,3082.350050753898,947
0,0,208,603.8112035486447,3352.092503669282,906
0,0,209,583.2038625037873,2601.562205632647,950
0,0,210,653.1135947611689,3642.216148309021,903
0,0,211,673.4986926225024,3594.738582352883,901
0,0,212,657.5454283651436,3843.965139742341,881
0,0,213,674.7562401051925,4085.948570334273,929
0,0,214,591.1694068213418,3119.344129866272,860
0,0,215,617.5727971642103,3144.423824052152,846
0,0,216,617.9205975925402,3040.644353576412,890
0,0,217,630.1969485093132,3294.732627383498,881
0,0,218,506.6437257853148,2031.324485569576,842
0,0,219,600.0128624423442,3631.204449144596,826
0,0,220,548.7386955052924,2799.598370537534,836
0,0,221,529.4171524729286,2587.122747064942,784
0,0,222,527.1154971181791,2180.975151930597,829
0,0,223,478.6801376345382,2059.361958813449,766
0,0,224,480.5917383040306,2419.782495551631,766
0,0,225,546.1504598098273,2873.018280075147,742
0,0,226,475.8854421026318,2423.131344507549,722
0,0,227,547.0457346812848,4185.954583680842,698
0,0,228,468.2847261283417,2131.359645272827,696
0,0,229,436.3089572585817,2038.503373493263,754
0,0,230,505.0101768372767,2680.3769210194,754
0,0,231,512.3780421039774,3179.545016737498,697
0,0,232,399.5118745438502,1878.143337075751,698
0,0,233,434.756938935571,2366.984519862413,682
0,0,234,393.4464107207023,1614.183096719218,671
0,0,235,500.0883531846096,3534.921419399058,667
0,0,236,441.5461278079894,2397.40773806138,647
0,0,237,521.1957345916869,3827.507728475509,647
0,0,238,439.1508009972268,2208.596401303807,637
0,0,239,460.0511225709531,3019.169091338932,649
0,0,240,400.6326407501297,1861.396190720919,634
0,0,241,375.618582967386,1794.273207258501,644
0,0,242,366.5142026961012,1430.674051531514,600
0,0,243,429.7874015717444,2284.471471039942,606
0,0,244,380.9474231261227,1628.048907478444,626
0,0,245,391.1116391152558,1680.87851677196,595
0,0,246,406.1402019690673,2147.940516377099,638
0,0,247,429.5959443036811,2940.147954815937,577
0,0,248,378.1796407339798,1595.278460485341,637
0,0,249,383.8185881190581,1671.802785589287,628
0,0,250,390.4576380232868,1860.280270634623,585
0,0,251,387.4030568196157,1846.844326864092,646
0,0,252,426.5314284150165,2093.311516218138,598
0,0,253,432.3559015527979,2496.273085329177,601
0,0,254,411.5150111851093,4175.241738479229,561
0,0,255,342.0582675367039,1193.902066692406,606
0,0,256,356.545728963154,1468.834849247364,538
0,0,257,360.7212982509147,1501.394952237193,545
0,0,258,357.3390508838701,1413.479604568036,536
0,0,259,402.4455210871595,2123.37556733231,583
0,0,260,317.5908492248521,1239.86095860772,550
0,0,261,426.1413795594942,3615.748493982853,561
0,0,262,399.856732572724,2060.726487670149,564
0,0,263,403.8816657127184,2036.955266078596,558
0,0,264,387.9082337018899,2169.860276808467,552
0,0,265,452.7946339263054,2443.680747865065,545
0,0,266,455.2857663260119,2278.711043496209,518
0,0,267,363.1730263591458,2611.488341324398,497
0,0,268,400.3819780969183,2785.8315832994,537
0,0,269,394.1443336033236,2131.623644515728,516
0,0,270,352.5381805312699,2076.299735852795,512
0,0,271,306.9819733777416,1199.012801476546,493
0,0,272,339.9375133526302,1547.173934901158,479
0,0,273,358.4163211905876,1483.636446306239,442
0,0,274,297.8977136058622,1058.120298609204,465
0,0,275,294.1450415221188,1050.364001262966,460
0,0,276,340.9089679361903,1707.413643297601,446
0,0,277,300.8940285373124,1180.39061242562,435
0,0,278,302.4719116899637,1316.821589431696,460
0,0,279,353.0385436038603,1623.731463047338,454
0,0,280,291.049540995706,1193.565080283117,454
0,0,281,260.3006062449715,870.0242994655314,430
0,0,282,267.0523671159302,1015.209387385785,409
0,0,283,231.1606864898501,1010.269200783945,393
0,0,284,322.3512663630622,1978.424535109079,416
0,0,285,292.6032870736726,1566.668813037342,413
0,0,286,277.7460373396556,1249.131604797104,455
0,0,287,286.1691324515886,1134.818291392929,417
0,0,288,308.1483579703038,1676.524483716713,403
0,0,289,287.1665871666217,1157.550461236741,434
0,0,290,336.2394185002235,2210.095175687867,402
0,0,291,335.217611166347,2035.14575998015,404
0,0,292,288.8483856133921,1252.453353662803,373
0,0,293,265.6710010850338,1017.087722862387,385
0,0,294,306.6231734119024,1763.251350410708,380
0,0,295,318.0328101859367,1554.079536711368,419
0,0,296,269.3918643273373,1021.895705326336,365
0,0,297,269.5383349683395,1050.895703464272,366
0,0,298,297.195240628336,1577.788791568196,373
0,0,299,277.7582639404778,1262.329287478688,517
