# mesh name: boxMesh_1
# primitive scorer name: doseScorer
# iX, iY, iZ, total(value) [MeV], total(val^2), entry
0,0,0,6480543.569860785,7350050.090952209,10000000
0,0,1,6543038.772094284,7899904.593078493,9998265
0,0,2,6587944.407217668,8053195.985482341,9994765
0,0,3,6625374.922863671,8079904.745670613,9990262
0,0,4,6664910.173176667,8270128.762000127,9985156
0,0,5,6695117.869567509,8251594.451935787,9979289
0,0,6,6732542.750083697,8483578.451354343,9972904
0,0,7,6766701.557838148,8601646.671765065,9965895
0,0,8,6796895.003010883,8544327.285217559,9958365
0,0,9,6829362.830953714,8706466.020873416,9950346
0,0,10,6859606.027632954,8824703.464374518,9941812
0,0,11,6886599.908604403,8787841.409593934,9932934
0,0,12,6916274.175182789,8887779.026005704,9923432
0,0,13,6943827.43595903,8863624.882222883,9913970
0,0,14,6972616.099878379,8939655.091312826,9903920
0,0,15,7004436.094246505,9045658.010199072,9893429
0,0,16,7028618.146036408,8988732.508932507,9882605
0,0,17,7058511.362987414,9126884.537050063,9871608
0,0,18,7085469.509096086,9140796.225102853,9859858
0,0,19,7113954.437134102,9267396.425501853,9848072
0,0,20,7138677.944425154,9192611.938703673,9835798
0,0,21,7166822.448784326,9285445.628108844,9823233
0,0,22,7193655.311636964,9263311.068686761,9810436
0,0,23,7223854.061407018,9356383.659608826,9797497
0,0,24,7251594.582002357,9440275.028280463,9784087
0,0,25,7280549.011123598,9478050.283787273,9770548
0,0,26,7308649.995055634,9515342.822739437,9756440
0,0,27,7336625.3934594,9533902.750009723,9742153
0,0,28,7366325.613815812,9607294.114306403,9727445
0,0,29,7394586.047161618,9646845.402461272,9712561
0,0,30,7421659.086715898,9656455.347717071,9697252
0,0,31,7455257.616396058,9861556.808905425,9681936
0,0,32,7483187.117171608,9805624.040719735,9666111
0,0,33,7510319.519020611,9830337.672616379,9650055
0,0,34,7543870.770991403,9938288.202421911,9634182
0,0,35,7573996.090068913,10007457.69537074,9617680
0,0,36,7606128.975513623,10059635.25649615,9601177
0,0,37,7636107.055771088,10114357.13516019,9584190
0,0,38,7669820.982822842,10173907.62154417,9566783
0,0,39,7702728.443729604,10172782.25490971,9549537
0,0,40,7739051.644809188,10308527.28438378,9531819
0,0,41,7770856.728340027,10298471.92579947,9513956
0,0,42,7804139.102460366,10395624.17529015,9495499
0,0,43,7836019.922707895,10357085.21295356,9477177
0,0,44,7872013.305222039,10427397.99510798,9458279
0,0,45,7909050.915094836,10504642.93510159,9439382
0,0,46,7948406.526147988,10667793.57340325,9420112
0,0,47,7985655.994596002,10724907.06346002,9400517
0,0,48,8023470.634693356,10759418.60603644,9381074
0,0,49,8060699.38773406,10828729.43994258,9361037
0,0,50,8093767.387563408,10865854.08166083,9341145
0,0,51,8108633.824390989,10954617.73082964,9320825
0,0,52,8119040.371076275,10969326.86423943,9300397
0,0,53,8156688.841029475,10999478.09090362,9280031
0,0,54,8214628.975209049,11102639.18835838,9259214
0,0,55,8279414.50858762,11239470.69074146,9238014
0,0,56,8344030.373491945,11361356.27584989,9216501
0,0,57,8411825.957693355,11506001.14647315,9194572
0,0,58,8482802.268107699,11721598.8432546,9172686
0,0,59,8546873.687994698,11807100.63781901,9150237
0,0,60,8613104.732562894,11948391.0793257,9127819
0,0,61,8675521.535700422,12045274.87256676,9104933
0,0,62,8734594.540991578,12154074.08173203,9081922
0,0,63,8793517.072231028,12345769.69164404,9058892
0,0,64,8842516.739087865,12364830.66344959,9035205
0,0,65,8893667.693794748,12544647.51295199,9011312
0,0,66,8940477.035528436,12627058.01412223,8987604
0,0,67,8988511.644698985,12692171.88186201,8963263
0,0,68,9039661.210087985,12790159.6548359,8938390
0,0,69,9099629.939306036,13005814.86593383,8913836
0,0,70,9161821.090425871,13142807.99620995,8888397
0,0,71,9230843.926983874,13341458.18709137,8862769
0,0,72,9308492.482801564,13469881.39697353,8836693
0,0,73,9396931.766691048,13670434.03584442,8810506
0,0,74,9496581.247179562,14000004.43240141,8783813
0,0,75,9599320.605244542,14107382.96449654,8756733
0,0,76,9719558.581001285,14487373.19038162,8729419
0,0,77,9842254.40463816,14727649.8694916,8701856
0,0,78,9980262.193339702,15111648.12366826,8674137
0,0,79,10122813.99818593,15540672.58261142,8645961
0,0,80,10265638.85442567,15856887.44044878,8617268
0,0,81,10417041.65168066,16333358.7795286,8588069
0,0,82,10561588.43637076,16710220.55559824,8558732
0,0,83,10709274.05566321,17148949.47626333,8528662
0,0,84,10853343.00387981,17554474.21885925,8497915
0,0,85,11007852.86856795,18024574.42925405,8466862
0,0,86,11173264.93836986,18505614.54008217,8435392
0,0,87,11364872.8736569,19195412.49044028,8403429
0,0,88,11590052.18653011,20112485.14324842,8370724
0,0,89,11841883.5980813,21174216.41534589,8336776
0,0,90,12118286.14247928,22142839.34880242,8301665
0,0,91,12414745.50017271,23078997.44490338,8265441
0,0,92,12732337.85177819,24038890.15694503,8228366
0,0,93,13070466.80189832,25109443.25129796,8190484
0,0,94,13430895.25323182,26201809.76321378,8151992
0,0,95,13841469.69196414,27661763.67917954,8112628
0,0,96,14315975.46834637,29316354.43819267,8072467
0,0,97,14887285.7822959,31458640.10900582,8031057
0,0,98,15574361.15738412,34324559.15042368,7988033
0,0,99,16390337.66331469,37959747.83662757,7942050
0,0,100,17376804.83075382,42749203.32411466,7892108
0,0,101,18610817.19332839,49193504.24349639,7835511
0,0,102,20221415.88713567,58343533.00634708,7767727
0,0,103,22462391.77045979,72833578.86660622,7681113
0,0,104,25791186.73324976,98750337.13986264,7550920
0,0,105,30153880.97746583,141436737.2326196,7271583
0,0,106,32100306.80210202,177954045.8179895,6490137
0,0,107,25447795.94715846,153596633.2360775,4717405
0,0,108,12400582.15025046,75678273.41495086,2335861
0,0,109,3231925.32235845,18939282.38329182,667418
0,0,110,411253.387541171,2237443.557806324,102158
0,0,111,26607.58603441616,130556.9514094069,14501
0,0,112,5179.277837294797,24210.57329996651,8427
0,0,113,4587.265694968887,23401.56655872579,7868
0,0,114,4512.472475230014,23302.18366579536,7636
0,0,115,4674.235612377048,25179.811316265,7465
0,0,116,4483.321216162711,23596.45502402995,7206
0,0,117,4473.573849246374,24075.5969497255,6820
0,0,118,4052.024995020412,21705.32204496059,6536
0,0,119,3878.160781595518,18976.4877828644,6461
0,0,120,3731.729167377755,19097.40269079926,6104
0,0,121,3728.029020225791,19521.91296758603,5932
0,0,122,3604.677423664787,18255.99859933925,5760
0,0,123,3569.390852814527,22244.2132458359,5464
0,0,124,3538.908462846374,20595.41250970712,5506
0,0,125,3556.413949324828,18325.02785315032,5293
0,0,126,3383.703485726718,17895.55046362019,5067
0,0,127,3516.085690998723,21666.88973408106,4994
0,0,128,3109.653794809496,17542.40296321818,4794
0,0,129,3037.494256488833,16263.8977741401,4796
0,0,130,3082.128074822698,16564.45330630612,4559
0,0,131,2731.745355617225,14816.13720835255,4382
0,0,132,2694.263579473725,14068.4146466703,4159
0,0,133,2645.968917654763,14645.63400222046,4100
0,0,134,2414.494825114635,11911.85688880138,3976
0,0,135,2230.259249509209,10635.65896277495,3861
0,0,136,2485.013209970703,14717.140476681,3806
0,0,137,2184.755664354202,10883.83232369058,3706
0,0,138,2248.048637766171,11405.25322068047,3634
0,0,139,2284.729467739273,11141.9244375897,3585
0,0,140,2249.225772031945,12877.19248799571,3480
0,0,141,1957.892885813426,10003.00779010468,3303
0,0,142,2008.353678192877,11168.37567330392,3295
0,0,143,1894.894538337892,9357.863861629459,3267
0,0,144,1995.473124276945,11189.37301138382,3206
0,0,145,2009.442576661424,11433.16758615084,3140
0,0,146,1880.786580852436,10378.53270416494,2969
0,0,147,1950.467824192513,14191.35539260162,2935
0,0,148,1828.20896844195,10541.60720663874,2905
0,0,149,1754.408564269392,8923.953544361671,2760
0,0,150,1836.698177565896,10832.56032969698,2706
0,0,151,1720.262125465572,10669.00361856144,2647
0,0,152,1711.494529876827,8942.736302209825,2661
0,0,153,1640.283328955073,9768.433002186799,2536
0,0,154,1639.193609322187,9715.982341361583,2477
0,0,155,1564.723844056166,8999.717376850927,2383
0,0,156,1573.125468680259,7822.576609972026,2393
0,0,157,1435.418911432258,7242.985506717852,2333
0,0,158,1536.298157765153,8219.826340997908,2226
0,0,159,1475.224018587046,7731.638415368852,2258
0,0,160,1416.394606966354,7626.133886028033,2182
0,0,161,1330.866361876018,6483.589737549542,2112
0,0,162,1397.70077054786,7484.842231494662,2121
0,0,163,1403.476649329949,7511.390018403526,2110
0,0,164,1236.688124754067,6049.560055175432,1996
0,0,165,1195.472050591064,6260.754118558483,1937
0,0,166,1187.738344327627,5938.187820105369,1933
0,0,167,1296.770377796658,7093.520943538582,2022
0,0,168,1349.602590781755,8309.470036158034,1968
0,0,169,1263.632631027285,7296.433556802163,1844
0,0,170,1250.409573123403,6696.550433799744,1853
0,0,171,1306.250924312788,8973.147629956975,1802
0,0,172,1149.244740780798,5460.218319195827,1678
0,0,173,1177.662129023233,6050.030373255981,1678
0,0,174,1174.049099779633,7988.220763588386,1655
0,0,175,1116.247557066828,6585.688559384454,1601
0,0,176,1100.73359421316,6257.95302323561,1643
0,0,177,1103.859835544904,7016.869897190961,1528
0,0,178,1048.772503143739,6230.241244687542,1571
0,0,179,1152.778210721986,7471.798632635953,1562
0,0,180,1114.112080186821,7305.045218007468,1550
0,0,181,1002.3220457023,5119.761621205035,1438
0,0,182,1052.268022427206,5666.777567845284,1420
0,0,183,1159.5946408506,8244.898554137362,1445
0,0,184,968.5576442439487,4775.357138284446,1479
0,0,185,1075.16133221451,7297.460911067089,1413
0,0,186,921.7429173397881,5075.138195918381,1378
0,0,187,1016.980318610851,6111.929775723247,1333
0,0,188,925.186877079253,4425.129342865352,1446
0,0,189,906.7128059742829,4833.952729839843,1299
0,0,190,845.885449633813,4389.905285285504,1268
0,0,191,798.9971474560612,3654.130143960809,1213
0,0,192,834.2502404950499,4301.203740324054,1279
0,0,193,974.9782113043103,6328.909951084976,1237
0,0,194,833.5389484653268,4248.535194197811,1218
0,0,195,841.9689134060695,6320.00803980997,1275
0,0,196,733.3106472207044,3281.858683127934,1161
0,0,197,764.7806859759285,4771.565509983007,1116
0,0,198,707.2673864961803,3645.926798554566,1090
0,0,199,745.5670826733103,3397.154246129995,1107
0,0,200,698.8792924963524,2977.20578065815,1103
0,0,201,666.3875824864681,3466.308336775512,1098
0,0,202,714.4594201161211,3363.947033992616,1061
0,0,203,751.353024882641,3557.004101789442,1046
0,0,204,757.5426892800751,4592.3616467671,1098
0,0,205,780.6046198633749,4940.090907162981,1046
0,0,206,638.9390745579667,3350.980547719638,993
0,0,207,627.2707366115009,3297.302398791272,1055
0,0,208,669.5871220671044,3555.652371406249,974
0,0,209,669.0451758213622,6105.747005532519,1003
0,0,210,670.9791497303227,3515.42747055556,967
0,0,211,590.8362320699396,2705.303879587917,959
0,0,212,686.0891931559044,5724.249928404634,912
0,0,213,626.8518444921183,3309.478873531906,919
0,0,214,558.2850680683327,2905.518828862901,901
0,0,215,551.2860500440564,3081.846581695282,903
0,0,216,576.9194752302566,2986.460471074515,874
0,0,217,546.8034808735204,2363.238861255625,873
0,0,218,619.0163211917589,3975.055632698062,859
0,0,219,600.2320319599919,3694.814463243616,861
0,0,220,507.5414997029936,2421.217467891575,851
0,0,221,556.4100808209807,3918.882929560863,772
0,0,222,516.1848263629963,2921.187902086179,840
0,0,223,445.6784973930656,1951.376169552616,802
0,0,224,474.1467755646858,3134.811198537313,768
0,0,225,456.5468439209083,2154.612688111164,743
0,0,226,418.0549340175847,2352.364155323901,762
0,0,227,471.0615061581722,2820.154648286903,751
0,0,228,447.8763554675483,2164.490133162597,711
0,0,229,469.7310718682695,2744.267210492427,728
0,0,230,388.0709761676026,1341.333926331201,724
0,0,231,465.7604387426169,2258.003478969573,733
0,0,232,405.0455070560279,1789.198069679197,717
0,0,233,491.4512839264495,2832.200508300787,697
0,0,234,459.6968497591484,2219.139579189832,738
0,0,235,416.0952558019327,1888.624833717131,723
0,0,236,416.0824124683742,1728.172881468106,701
0,0,237,470.0936730956003,2342.974738303072,689
0,0,238,423.516417605497,2099.451104259214,682
0,0,239,474.4484952224499,2666.531214123557,640
0,0,240,419.0674192972467,1831.852325740143,667
0,0,241,409.3074151215064,2463.631797147152,697
0,0,242,363.0177178421353,1368.011436211996,644
0,0,243,430.6908969027868,2220.377763014415,643
0,0,244,469.221598481677,2814.741374190674,690
0,0,245,424.7594810535172,1969.205905607252,631
0,0,246,428.9864320408698,2000.349335437717,631
0,0,247,370.7765814566829,1758.936435054446,650
0,0,248,354.6340504671242,1293.134449329181,606
0,0,249,400.3968815406384,2125.77544310043,604
0,0,250,458.4984485333337,2688.753477965442,628
0,0,251,478.9467594203978,3009.340298801013,622
0,0,252,433.0116830296214,2930.845534927085,622
0,0,253,354.9384942007455,1651.592085272282,560
0,0,254,407.7417281520281,2074.908015172037,589
0,0,255,333.9646095277545,1303.197515087129,565
0,0,256,346.5900510919019,1429.226719585658,544
0,0,257,360.1772367098652,1455.248907155482,552
0,0,258,333.5278854568442,1316.507010775655,568
0,0,259,383.8799914121244,2606.093517886879,547
0,0,260,349.3685272684197,1836.297306107167,531
0,0,261,311.2349078393836,1214.282244461545,555
0,0,262,303.2012307267398,1599.423495608099,535
0,0,263,343.7454798053278,1687.485524350829,543
0,0,264,326.4477387260715,1335.371658325102,544
0,0,265,353.0849400183387,2233.994450625709,536
0,0,266,354.5577475090893,1541.020003121414,544
0,0,267,395.2911223188884,2625.351956119433,514
0,0,268,354.4401724085264,2498.390826699188,529
0,0,269,312.5598546625085,1256.22956106895,502
0,0,270,372.0550704606567,1601.137347145755,530
0,0,271,305.6622782646552,1187.096981445645,502
0,0,272,324.179538952317,1405.212469299941,520
0,0,273,340.0650685341582,1570.956169677853,496
0,0,274,429.130725313544,2582.436162619852,539
0,0,275,371.9090116771944,2272.567020809844,475
0,0,276,362.718227859509,2094.824972146739,471
0,0,277,321.3667365080815,1795.160177252197,490
0,0,278,329.2702279957329,1645.324617988468,468
0,0,279,365.8266866250928,1679.348876099853,506
0,0,280,322.2050723944971,1374.293198022667,480
0,0,281,289.3980037095131,1264.475632988864,429
0,0,282,284.6742493206868,1119.237624012037,440
0,0,283,260.7203969141583,1327.963893017728,453
0,0,284,246.1217959880958,1098.264016816918,411
0,0,285,254.7407107084893,948.3994730058566,407
0,0,286,235.4681222261896,665.5411442219904,392
0,0,287,255.3186273440759,963.6634088281673,411
0,0,288,280.3012362438901,1392.490141394949,402
0,0,289,283.5600137080289,1728.548869763624,435
0,0,290,281.5550159953768,1163.550095853636,411
0,0,291,284.8672380062659,1287.921087542437,401
0,0,292,264.3858828941989,1066.110242454799,440
0,0,293,249.4472108033953,1277.678016424577,382
0,0,294,319.9328885438798,2287.999438238849,402
0,0,295,283.5005099163484,1208.022828631595,417
0,0,296,265.3209703057038,1088.9792795686,406
0,0,297,270.201934708558,1197.525543494379,384
0,0,298,237.4354875679846,794.6826303580779,395
0,0,299,265.1852896419974,1041.091065119536,538
