# mesh name: boxMesh_1
# primitive scorer name: doseScorer
# iX, iY, iZ, total(value) [MeV], total(val^2), entry
0,0,0,6405313.874008548,7264182.721848589,10000000
0,0,1,6466431.280950842,7795371.532523708,9998276
0,0,2,6511097.935842646,8001857.420743395,9994844
0,0,3,6544390.728670333,7945444.176865846,9990405
0,0,4,6582728.834427359,8170106.658177776,9985414
0,0,5,6612778.075797275,8174728.35611905,9979664
0,0,6,6649518.127909146,8422552.519393904,9973402
0,0,7,6680818.110921173,8486558.697893489,9966472
0,0,8,6710803.279511182,8477490.015950091,9958976
0,0,9,6742711.615321096,8632414.135836694,9951124
0,0,10,6770555.949625242,8716398.296138696,9942691
0,0,11,6797001.316274993,8659487.634072926,9934005
0,0,12,6825289.193507466,8770705.140084375,9924779
0,0,13,6851523.030517582,8739635.230757153,9915198
0,0,14,6880558.50362139,8862458.013454504,9905440
0,0,15,6908935.255618094,8937053.447176695,9894992
0,0,16,6934656.907425015,8938262.567436222,9884358
0,0,17,6961827.705660959,9003693.782024592,9873462
0,0,18,6989040.197235446,9085072.807206828,9862094
0,0,19,7013375.216057764,9153406.969259463,9850393
0,0,20,7039509.731179273,9133377.419046806,9838462
0,0,21,7065991.316709723,9191882.492056459,9825998
0,0,22,7089937.271517635,9153351.288732735,9813468
0,0,23,7119156.253882152,9255762.861705292,9800755
0,0,24,7146598.314571072,9350239.556350872,9787619
0,0,25,7172623.784921054,9336953.515436063,9774046
0,0,26,7201726.254023435,9467492.109103346,9760392
0,0,27,7227580.226075375,9464761.752495134,9746234
0,0,28,7254161.178755313,9501615.770771183,9731910
0,0,29,7279696.268872323,9478235.369895833,9717191
0,0,30,7306794.595423175,9502019.08884442,9702295
0,0,31,7339146.145922542,9743342.610944331,9687105
0,0,32,7362868.260040315,9617957.005647259,9671723
0,0,33,7387967.356503502,9599373.214178754,9655969
0,0,34,7420267.855287842,9774121.886622163,9640003
0,0,35,7452647.109448986,9939429.161535094,9624110
0,0,36,7479967.926846736,9926248.926738869,9607858
0,0,37,7504599.72173943,9848129.42412412,9591169
0,0,38,7535909.898498054,9913795.829614379,9574108
0,0,39,7566976.172242226,9972852.671017025,9557171
0,0,40,7601823.514050036,10097438.92797679,9539873
0,0,41,7632140.624336879,10096220.13053257,9522407
0,0,42,7662762.33401113,10159361.90549015,9504402
0,0,43,7692477.143411383,10161849.11644894,9486231
0,0,44,7725630.257627601,10236059.89126975,9467757
0,0,45,7759655.704558585,10315703.29341188,9449346
0,0,46,7796156.988548049,10430836.3671868,9430735
0,0,47,7832643.472942493,10502145.70885105,9411587
0,0,48,7869674.536471869,10621194.86807659,9392166
0,0,49,7901938.112575355,10612129.04953279,9372617
0,0,50,7936555.172672258,10548085.07090943,9353198
0,0,51,7977223.365858394,10760208.00889089,9333420
0,0,52,8013570.467452839,10780517.36857079,9313486
0,0,53,8049453.367106822,10915086.38173355,9293451
0,0,54,8065829.182802251,10884269.76076004,9272910
0,0,55,8075956.983213175,10928354.54039906,9252552
0,0,56,8104504.627554563,10971131.94193402,9231250
0,0,57,8161635.038837126,11139520.40569192,9209996
0,0,58,8223773.429785578,11198094.0043312,9188631
0,0,59,8286042.881468784,11219064.42748599,9166789
0,0,60,8355314.043361704,11446556.70866195,9144750
0,0,61,8420114.062060399,11526847.85268928,9122864
0,0,62,8483135.306735907,11623946.07348732,9100129
0,0,63,8551333.989249568,11864083.97769495,9077502
0,0,64,8614339.188260272,11957135.5181511,9054840
0,0,65,8676229.636868699,12117897.44428264,9031816
0,0,66,8731409.490575971,12190897.99263936,9008495
0,0,67,8783704.038788509,12297380.88301588,8985023
0,0,68,8831507.760716196,12377809.73955837,8960968
0,0,69,8878470.258126209,12525869.29600536,8936857
0,0,70,8929658.517463736,12694659.76945898,8912581
0,0,71,8978145.743161771,12755077.39340103,8887501
0,0,72,9032957.632188354,12873083.65361548,8862742
0,0,73,9096063.947539207,13092849.12272023,8837567
0,0,74,9161928.570434468,13173781.49747224,8811566
0,0,75,9236558.352143429,13350682.75915297,8785639
0,0,76,9321409.68460492,13498113.37541732,8759496
0,0,77,9416603.016879845,13784668.75294046,8732949
0,0,78,9520106.993578684,13990515.29810467,8705926
0,0,79,9633664.449960897,14302311.41486378,8678345
0,0,80,9762740.070201954,14691236.83004411,8651391
0,0,81,9892094.99784271,14967870.58601294,8623290
0,0,82,10030972.74903898,15316318.07645504,8595243
0,0,83,10175629.35948133,15735247.30210072,8566407
0,0,84,10319534.54714864,16058427.33042694,8537079
0,0,85,10468016.58368247,16566816.9705776,8507628
0,0,86,10612214.89403883,16953846.38101198,8477514
0,0,87,10754673.47247175,17327016.36946618,8447113
0,0,88,10908936.15963523,17856983.97331815,8416427
0,0,89,11070324.62648434,18301800.67675659,8384912
0,0,90,11257570.25832287,18971512.26389264,8353012
0,0,91,11470864.37983997,19777042.84988774,8320286
0,0,92,11718018.33323512,20825195.51963156,8286930
0,0,93,11990732.3791977,21886811.8015518,8252196
0,0,94,12279862.72294829,22804709.88137961,8216444
0,0,95,12587963.98762126,23686680.01216719,8179539
0,0,96,12920284.92387658,24703149.96625038,8141757
0,0,97,13274498.81795117,25781230.37298576,8103586
0,0,98,13667941.46540471,27085345.85120299,8064554
0,0,99,14137333.70856854,28883513.98219356,8024704
0,0,100,14681211.3410484,30841564.05827374,7983368
0,0,101,15344181.46268962,33597735.75427739,7940522
0,0,102,16130494.94190584,37080024.08113496,7895418
0,0,103,17077571.60105662,41599540.07696819,7846110
0,0,104,18254442.6646058,47651801.4223263,7790880
0,0,105,19787648.1050033,56313792.50361709,7725523
0,0,106,21884223.24296613,69587257.11473337,7642463
0,0,107,24963106.23041407,92917752.00736104,7520931
0,0,108,29103391.03429771,132002445.7834294,7273811
0,0,109,31655287.15583245,170722110.1304877,6604494
0,0,110,26849948.21522618,159861244.6442835,5043045
0,0,111,14769197.56435251,90246482.63967055,2755954
0,0,112,4586487.291529676,27285882.85236228,918606
0,0,113,734416.2918697607,4107919.94782627,169797
0,0,114,58972.88477664896,300950.2500358823,22144
0,0,115,6688.156304575389,32391.56155816463,8937
0,0,116,4962.235225138497,24597.01681752436,8155
0,0,117,4769.151693460444,26339.57071706905,7637
0,0,118,4546.364767210327,23251.54753272742,7334
0,0,119,4326.66741624957,22134.72840922051,6960
0,0,120,4163.20482397555,21672.62241847222,6758
0,0,121,4024.765167284562,20295.29373817748,6512
0,0,122,3908.25461217807,19084.49279239186,6335
0,0,123,3920.869923102704,20551.10708483473,6127
0,0,124,3884.072958208056,22548.55612593015,5963
0,0,125,3647.549108475886,18471.981629774,5754
0,0,126,3753.289201622404,20808.0949301872,5727
0,0,127,3379.164491647437,15831.89680261836,5506
0,0,128,3523.760318335335,19774.10425590531,5263
0,0,129,3236.507390802647,18423.41066575974,5034
0,0,130,3255.583159655732,18856.01856250117,4925
0,0,131,3269.508975325245,18705.5406401442,4873
0,0,132,2831.776492289831,13850.17681379482,4699
0,0,133,2943.125636200947,14616.67357995601,4530
0,0,134,2893.224315432981,15491.52273031209,4418
0,0,135,3008.608133380317,16904.94188491152,4334
0,0,136,2756.36483402747,14866.02096398122,4214
0,0,137,2677.648632434492,14542.1740666555,4087
0,0,138,2579.221261329656,14296.08837748857,4002
0,0,139,2605.67317751065,14180.89700482401,3854
0,0,140,2372.898622035385,12803.98971023888,3703
0,0,141,2519.999797691296,15565.95661778641,3681
0,0,142,2311.152294280922,12327.10403753711,3566
0,0,143,2253.817066056453,11507.20678193814,3536
0,0,144,2149.065662434726,11365.09319642735,3423
0,0,145,2007.342180285068,10642.08842321686,3329
0,0,146,2124.790358108766,10257.9690039435,3350
0,0,147,2177.951578405921,12301.21367555185,3263
0,0,148,2059.3367598113,10763.92576628402,3126
0,0,149,2013.720303606459,9977.315681480221,3069
0,0,150,1821.951345207395,9520.101678410549,3047
0,0,151,1922.368044829346,9833.952534743423,2930
0,0,152,1710.218819444642,7963.587686717556,2824
0,0,153,1977.696929419367,13741.739007178,2733
0,0,154,1729.665550127213,9018.006246738809,2716
0,0,155,1724.438142241973,9520.21357405046,2672
0,0,156,1794.027189621908,10122.56440078327,2562
0,0,157,1664.76144957863,8296.360722684643,2549
0,0,158,1673.482026354655,9489.524067662831,2409
0,0,159,1588.430804348609,8573.518741218137,2449
0,0,160,1550.355041262354,7975.563098798989,2376
0,0,161,1650.831032141542,10902.18064621152,2389
0,0,162,1553.557439943884,8645.678372236991,2226
0,0,163,1599.043483313759,9438.798136657519,2267
0,0,164,1540.249975294699,9955.168571158545,2178
0,0,165,1399.729714557049,7090.261594562643,2123
0,0,166,1464.108828181897,7729.336277344072,2076
0,0,167,1423.513644574721,8480.866772859063,2073
0,0,168,1337.976782642267,7702.481987949399,2029
0,0,169,1256.782946226919,8347.598525054187,1952
0,0,170,1112.616103104103,5148.808324595254,1932
0,0,171,1248.785662184618,6169.067975116961,1902
0,0,172,1411.2350729481,9193.148046476155,1882
0,0,173,1328.00048907604,7447.986008618383,1882
0,0,174,1292.942108477082,6715.792617063989,1822
0,0,175,1209.406064827132,5368.442443474395,1835
0,0,176,1226.616710423621,6413.120640234811,1749
0,0,177,1176.867044213054,6262.224190044552,1715
0,0,178,1177.643671433778,5950.584720024397,1693
0,0,179,1170.618410297786,6437.404165985401,1647
0,0,180,1166.435169026971,5592.088071465148,1671
0,0,181,1230.879569574675,7521.558838880009,1686
0,0,182,1081.134124747081,5276.931897343105,1630
0,0,183,1126.740796534124,6225.360000284681,1572
0,0,184,1219.342883930545,9189.074542491497,1597
0,0,185,998.3764894105196,5561.175943147856,1525
0,0,186,1000.741549152167,5478.769536082904,1496
0,0,187,1090.19758355652,7966.885219697155,1430
0,0,188,946.4202111070674,5702.084135326833,1413
0,0,189,944.0656678871054,7469.612582881966,1389
0,0,190,901.0505566575368,3936.610669080324,1399
0,0,191,916.9788467291389,4072.763493932665,1370
0,0,192,898.5819934625447,4597.142001909106,1344
0,0,193,921.615252408068,5759.936163671865,1306
0,0,194,851.824301112179,4173.215186963945,1304
0,0,195,827.067653919788,4333.971882078581,1265
0,0,196,790.8403829432021,4925.696358677864,1275
0,0,197,928.2632020624418,7371.119349507582,1327
0,0,198,842.1956778666638,5001.811844810342,1237
0,0,199,838.4302022037359,4785.334911954284,1209
0,0,200,811.5276990691706,4105.614687856897,1186
0,0,201,724.9736100929598,3007.609186615613,1156
0,0,202,687.81548034141,3283.528051078728,1120
0,0,203,688.7159478586511,2748.185069641821,1080
0,0,204,763.1639004106244,3338.51780966539,1090
0,0,205,843.7267316993532,4963.691112315126,1107
0,0,206,767.5949816907512,3505.934938613766,1081
0,0,207,716.0437997068547,3384.618867415564,1024
0,0,208,610.4825591791496,2810.893811684794,1039
0,0,209,645.4671698451218,3488.391977179488,1039
0,0,210,695.5887221236489,4625.099091854658,1023
0,0,211,651.5651928665493,4034.88481129099,1007
0,0,212,676.9608568193348,3634.089662075069,1016
0,0,213,760.0471091516226,5152.622635868748,976
0,0,214,710.3983234136811,3665.824429390702,1010
0,0,215,649.1449087595787,3518.876693321859,980
0,0,216,751.3218495670051,4989.474683362816,991
0,0,217,653.0103365503951,3436.174637200516,962
0,0,218,613.9386271028691,3230.332450880534,950
0,0,219,584.4821118481026,3035.602642496418,946
0,0,220,559.1729328071401,3042.72208614175,930
0,0,221,564.4115326611465,2822.226632165414,871
0,0,222,569.3721452060124,3516.243888455966,867
0,0,223,522.5486749469007,2576.419805673585,836
0,0,224,569.9579780233112,3703.956218072545,835
0,0,225,519.3181862227306,2447.393625805288,854
0,0,226,539.8539158053188,2822.265819429762,887
0,0,227,549.0075681981347,3299.095083945193,859
0,0,228,516.0981465805534,2458.51609156223,848
0,0,229,647.4899143900827,4882.578862514812,803
0,0,230,559.2896679855968,3126.051369499669,789
0,0,231,522.443533642204,2693.214006919973,785
0,0,232,522.8774251584215,3507.174063312454,781
0,0,233,491.200976408194,1744.855978012848,793
0,0,234,567.4755354952655,2682.847075281446,770
0,0,235,524.9847389961471,2671.492467227304,761
0,0,236,560.8436173189045,3916.789323796194,767
0,0,237,500.1229340072123,2395.428820157138,755
0,0,238,465.3124275186639,1848.670822589853,773
0,0,239,403.7266708462298,1556.626302498824,701
0,0,240,453.2306913380414,2360.858814865592,716
0,0,241,460.9506551438787,3205.886443621868,711
0,0,242,425.3603325931941,1701.375741178769,707
0,0,243,516.3335437818411,2549.474739138781,706
0,0,244,499.8478286759596,2653.124401417455,743
0,0,245,507.3902365026632,3554.309842767598,704
0,0,246,477.7465315643519,2470.350957648895,691
0,0,247,480.6838182419778,2237.212712206003,704
0,0,248,518.2024832432,3120.289301178092,678
0,0,249,509.792148942178,2891.253101351471,677
0,0,250,468.965419729447,2461.521452304594,629
0,0,251,417.6569341213864,1553.587155718252,641
0,0,252,432.7723279372566,1889.822667110686,657
0,0,253,406.9053789827234,1783.864539276391,626
0,0,254,419.4991387329052,1870.040561653621,627
0,0,255,335.3966403103814,1084.270763743543,629
0,0,256,392.6137316598258,2254.666410154352,599
0,0,257,387.3516617620367,2239.504044508675,585
0,0,258,367.0071997725506,1463.090924764865,571
0,0,259,357.474265475266,2020.617773728183,571
0,0,260,297.9046209218035,1173.514112238303,570
0,0,261,344.9341602000279,1687.717002074753,553
0,0,262,345.3346137209839,1300.340129351183,577
0,0,263,356.3618935617941,1331.524169128171,538
0,0,264,366.6054953816459,1653.914983258272,561
0,0,265,381.6490948540957,2004.506355729344,577
0,0,266,395.8514014904526,2076.431620987391,565
0,0,267,428.4366195817137,2554.993654856988,559
0,0,268,397.4671791791982,2013.123135010596,527
0,0,269,376.4380371884287,1689.845179162459,518
0,0,270,351.04619598954,1484.522482869463,490
0,0,271,354.0329434927553,1536.303067885207,516
0,0,272,310.7427803576162,1304.888024059648,488
0,0,273,346.8604987560992,1857.745857351653,519
0,0,274,346.4359905069039,1707.913966047963,533
0,0,275,376.5395370224381,1975.501917890418,492
0,0,276,348.2212329797647,1751.575305425722,514
0,0,277,303.1127607960281,1119.072516156151,494
0,0,278,359.8374378893038,1810.713585486469,511
0,0,279,359.8164754633268,1633.493879542014,498
0,0,280,425.9536164898136,3737.622861094611,457
0,0,281,311.4922180859378,1273.994530780385,444
0,0,282,325.037467656331,1483.762066308484,435
0,0,283,352.6446356188851,1575.066751863877,461
0,0,284,350.3536755213881,1784.456313400119,448
0,0,285,305.034280165672,2134.903402888277,441
0,0,286,212.9358721137825,616.8194777212939,468
0,0,287,237.2455875612773,960.6894069698685,454
0,0,288,257.1578789023326,1045.825392465853,446
0,0,289,283.5946937635623,1322.827224649915,415
0,0,290,224.7570538058883,740.6894776689245,433
0,0,291,260.952303586103,1841.212384212549,410
0,0,292,197.941628715425,828.7410675679596,402
0,0,293,268.0748245229735,2302.513894152694,419
0,0,294,201.8302276240814,708.6185023415061,366
0,0,295,218.8413803965973,1144.117479852319,403
0,0,296,271.4593613167838,1978.83079326865,386
0,0,297,256.8489990690397,1392.487336089279,393
0,0,298,218.2395524689383,1160.387008393895,353
0,0,299,219.6455378523734,815.1710133439433,579
