# mesh name: boxMesh_1
# primitive scorer name: doseScorer
# iX, iY, iZ, total(value) [MeV], total(val^2), entry
0,0,0,6332051.215266855,7165347.267722432,10000000
0,0,1,6394123.225887517,7734114.986460539,9998319
0,0,2,6437295.423425204,7933934.931919856,9994962
0,0,3,6469953.474456709,7863008.793604979,9990590
0,0,4,6507877.37668699,8085014.098118573,9985656
0,0,5,6535079.180188354,8073645.805557299,9979995
0,0,6,6570335.870837099,8325760.610577865,9973725
0,0,7,6598791.51688497,8379086.555487964,9966922
0,0,8,6629182.587996692,8429239.593929399,9959601
0,0,9,6657623.214562649,8501796.740633599,9951774
0,0,10,6684506.191322188,8614850.905903425,9943581
0,0,11,6709949.531462023,8516660.811858103,9935010
0,0,12,6739123.397105723,8704851.341118928,9925917
0,0,13,6762340.556492857,8641889.618815206,9916443
0,0,14,6792481.328765254,8794450.42598496,9906798
0,0,15,6819285.265741421,8870408.008278923,9896588
0,0,16,6842655.570589527,8797855.867179029,9886068
0,0,17,6865972.929399835,8830958.319057526,9875344
0,0,18,6894280.815898212,8941213.754078453,9864235
0,0,19,6918412.365208218,9010696.177038725,9852748
0,0,20,6943525.809997693,9102004.269992692,9840955
0,0,21,6968617.561744001,9108802.063746881,9828844
0,0,22,6989122.711555284,9021485.45718158,9816374
0,0,23,7015347.315020414,9055665.461904189,9803832
0,0,24,7043521.050649572,9202229.390318505,9790949
0,0,25,7068475.930713829,9199439.480061885,9777722
0,0,26,7095858.774776737,9312037.159411933,9764142
0,0,27,7118324.801407523,9277503.242046518,9750204
0,0,28,7145657.729116251,9393553.06910776,9736024
0,0,29,7170911.490970402,9372198.500637824,9721721
0,0,30,7194502.787575901,9383024.332795534,9707002
0,0,31,7223011.567833099,9466148.79140952,9692102
0,0,32,7247058.621650221,9489903.676373603,9676826
0,0,33,7273391.638855144,9479513.140111694,9661690
0,0,34,7301489.528171412,9590117.789746534,9645947
0,0,35,7329807.438233258,9647305.105717437,9629951
0,0,36,7359099.265415737,9708443.38962803,9614147
0,0,37,7383473.328415196,9717811.884056006,9597916
0,0,38,7412395.761492448,9794611.57287088,9581195
0,0,39,7440373.483702261,9793499.987895532,9564462
0,0,40,7469309.988084844,9793190.56336331,9547638
0,0,41,7498561.15854618,9865342.45324089,9530414
0,0,42,7528010.747127879,9919915.900343275,9512910
0,0,43,7556486.573659612,9976062.84663423,9495245
0,0,44,7586105.090048772,9953224.109264359,9477138
0,0,45,7621028.849170648,10146324.72860657,9458985
0,0,46,7650145.795895475,10126948.54044564,9440819
0,0,47,7686215.80134555,10277042.63968376,9422095
0,0,48,7720128.499810758,10334645.39657331,9403120
0,0,49,7754044.700801986,10482057.42280637,9384130
0,0,50,7781273.912629034,10313263.72120909,9364763
0,0,51,7818852.129545849,10460353.04437919,9345633
0,0,52,7855485.57400703,10563578.23187143,9326001
0,0,53,7892982.958341108,10632754.68028416,9306368
0,0,54,7931062.205796047,10677009.28423807,9286348
0,0,55,7968537.328414042,10756642.80284253,9266086
0,0,56,8000289.62060756,10751084.7524386,9245572
0,0,57,8022225.872106328,10868285.857862,9224808
0,0,58,8031087.597416528,10849204.98646824,9203593
0,0,59,8053963.136806499,10888714.21510593,9182294
0,0,60,8102824.172372244,10950456.73704152,9160992
0,0,61,8165473.822358768,11152858.44809787,9139461
0,0,62,8226022.861883404,11166970.87850558,9117565
0,0,63,8293712.492011569,11359963.82133101,9095543
0,0,64,8361283.851736798,11544090.45465058,9073182
0,0,65,8424992.212344702,11652293.3341377,9050793
0,0,66,8488071.122236114,11768081.33450988,9028092
0,0,67,8549404.299730299,11820287.47069296,9005025
0,0,68,8610954.253167916,11965470.64943266,8982185
0,0,69,8666118.532007467,12094990.13401379,8958555
0,0,70,8721331.562427266,12230192.76840838,8934927
0,0,71,8770254.262331259,12327085.99609558,8911177
0,0,72,8814497.716325797,12346325.60558091,8886738
0,0,73,8863961.03448201,12561262.69580087,8862554
0,0,74,8909886.592052696,12606863.88373693,8837408
0,0,75,8964609.927900534,12757842.11207488,8812308
0,0,76,9021559.004208425,12847198.8076514,8787047
0,0,77,9088367.803435031,13030207.59580337,8761348
0,0,78,9160677.398035184,13148009.52928052,8735486
0,0,79,9247273.044475373,13436508.79717851,8709447
0,0,80,9339910.69058745,13663599.12445683,8683225
0,0,81,9442127.16444169,13932371.55526682,8656331
0,0,82,9552501.392130295,14179864.6560501,8629175
0,0,83,9670812.780559003,14425007.78624255,8601509
0,0,84,9800198.823790286,14780889.55136086,8573554
0,0,85,9937571.96769741,15141158.28387471,8545580
0,0,86,10081401.94381019,15575874.98105994,8516768
0,0,87,10226415.75805585,15968246.56469797,8487567
0,0,88,10367406.28721519,16289297.97479188,8458028
0,0,89,10511605.8151356,16675027.6279659,8428286
0,0,90,10657518.809406,17160529.06058964,8398275
0,0,91,10804327.88920045,17575695.66977779,8367585
0,0,92,10963719.87072519,18119698.87784607,8336030
0,0,93,11140965.55382993,18660171.54270169,8304411
0,0,94,11347705.10613031,19455349.08697265,8271646
0,0,95,11589166.63290576,20472747.92642467,8238485
0,0,96,11851544.13364761,21518877.90032538,8203672
0,0,97,12136516.98818642,22469809.93602974,8167941
0,0,98,12440296.77196614,23381590.63804918,8131305
0,0,99,12762040.33185976,24316352.60835351,8094105
0,0,100,13114146.82016696,25542020.99799108,8056159
0,0,101,13495434.99195537,26748210.37137182,8017177
0,0,102,13933465.3997797,28202203.83944821,7977574
0,0,103,14460902.3356538,30198063.99901495,7937294
0,0,104,15098276.83533512,32799075.0889417,7895365
0,0,105,15848389.45597548,36048289.40907194,7850515
0,0,106,16749252.4001279,40260569.24893707,7802374
0,0,107,17867868.71673083,45975008.46367577,7748751
0,0,108,19303657.65684859,53920826.79831968,7685729
0,0,109,21250762.32401996,66038502.37679262,7606596
0,0,110,24062522.47202365,86659933.58127476,7493807
0,0,111,27944337.89451361,121763087.6364451,7279836
0,0,112,31020834.91748198,161711494.4719095,6726630
0,0,113,28125625.77866632,164253771.4060826,5391199
0,0,114,17481754.63988471,106496213.4433622,3248827
0,0,115,6481714.931741623,39008205.90396014,1264011
0,0,116,1302801.271399041,7467565.284893405,284337
0,0,117,135320.0814764687,716368.8950671912,39967
0,0,118,10921.9552923187,52657.24747295672,10291
0,0,119,5056.07276003129,25391.95093635889,8230
0,0,120,4848.58616348086,25483.15004109527,7882
0,0,121,4612.933592003974,24308.08086047794,7451
0,0,122,4462.181677948082,23368.86269449372,7178
0,0,123,4205.495247231861,21429.23572712247,6858
0,0,124,4070.134703867829,20518.02432676085,6720
0,0,125,3751.085432168104,17386.45045787704,6377
0,0,126,3680.87310578424,17573.03175013175,6276
0,0,127,3753.983445436221,19994.08226277134,6048
0,0,128,3707.754466040152,19770.76123627402,5904
0,0,129,3546.027562305395,17768.59643077401,5642
0,0,130,3442.013413375624,17201.5518273446,5405
0,0,131,3430.580383081996,19739.6130376069,5313
0,0,132,3460.337798052894,20185.30953837997,5163
0,0,133,3178.12630157652,15801.26316737935,5035
0,0,134,3262.763715853194,17123.80741832542,4949
0,0,135,3278.135318859157,18433.09738983389,4827
0,0,136,3156.206192198068,18438.6355830349,4656
0,0,137,2981.035080904324,15173.68670475264,4421
0,0,138,2972.954090895923,17499.69495758375,4367
0,0,139,2903.244861098581,16313.62194120956,4201
0,0,140,2751.024720261659,14484.74229393556,4138
0,0,141,2707.865231534879,14832.08722627854,4088
0,0,142,2446.274054952926,12734.18471746397,3966
0,0,143,2578.458843126627,14255.63112837364,3844
0,0,144,2552.66520923148,13041.55581881161,3725
0,0,145,2387.660204292137,13684.5906379989,3579
0,0,146,2337.14734642681,12594.81923430981,3547
0,0,147,2059.143955404951,10030.78714598822,3439
0,0,148,2394.090892322262,13230.6104246262,3381
0,0,149,2342.885985877943,13382.70979729091,3315
0,0,150,2385.010521472081,12788.48412038519,3275
0,0,151,2320.066168111101,13390.92811226488,3184
0,0,152,2333.833745247629,13040.73351860147,3059
0,0,153,2035.479148535771,13081.82033293298,3015
0,0,154,2087.66050093609,10792.279635679,2945
0,0,155,2050.545850461794,13020.06634422225,2952
0,0,156,1978.383751198449,10948.48416317491,2833
0,0,157,1938.044748931922,9812.607926659924,2796
0,0,158,1857.84289064358,9544.3604003856,2733
0,0,159,1979.059411735067,11139.9093622984,2618
0,0,160,1945.216878996549,12181.44917548296,2657
0,0,161,1635.344045088796,8249.924517917529,2599
0,0,162,1693.584261360723,9812.63603491393,2439
0,0,163,1594.229324449831,8301.882936013068,2437
0,0,164,1579.297354899569,7199.56190305081,2356
0,0,165,1647.7839434671,8476.978014355531,2356
0,0,166,1685.069116324863,8818.614529461329,2246
0,0,167,1541.214560223261,8920.737819235983,2215
0,0,168,1558.676512361388,9223.688456893826,2231
0,0,169,1341.027674702416,6456.333467232075,2161
0,0,170,1458.076394954638,8245.567239029917,2140
0,0,171,1218.234357943532,4882.926314896209,2066
0,0,172,1468.182200059357,8243.54256102048,2124
0,0,173,1261.733978169811,5412.202113338342,1993
0,0,174,1370.910779594841,9526.156383935235,1926
0,0,175,1343.692076520443,8717.907425013462,1943
0,0,176,1456.19582494495,8926.414945339739,1900
0,0,177,1411.816375151968,9784.686186549994,1911
0,0,178,1437.878817125044,8446.569345845232,1902
0,0,179,1158.586878698847,5551.584794543933,1816
0,0,180,1260.199868931756,6876.325479833279,1742
0,0,181,1255.900671368029,5957.059807062084,1733
0,0,182,1179.351720364764,5807.924236269255,1691
0,0,183,1059.721247528576,4561.87476441324,1682
0,0,184,1268.13360322125,8688.099718939664,1675
0,0,185,1113.837948494421,5292.736689826095,1651
0,0,186,1222.981231339914,6650.070002334962,1640
0,0,187,1172.674021314236,6693.233100588281,1575
0,0,188,1162.89788665649,6902.855672227855,1537
0,0,189,1036.810672298865,6897.130781794771,1516
0,0,190,1007.197117739026,5158.672849563807,1476
0,0,191,975.5981636702418,5244.275933312208,1449
0,0,192,1089.617761003067,8028.608032135849,1447
0,0,193,1067.892703222177,6132.972574654356,1429
0,0,194,942.7443301198288,4546.798632471201,1465
0,0,195,946.8376106251853,5133.179850300715,1370
0,0,196,986.6142329879846,5054.249142270037,1344
0,0,197,873.3121235916851,4377.703502456408,1302
0,0,198,829.805411742796,3591.921430581172,1311
0,0,199,894.9128082160719,6358.396998445945,1255
0,0,200,881.2746664801884,4858.706394475161,1264
0,0,201,912.9978897840552,5350.214927462201,1220
0,0,202,868.0728839245483,5568.471923643382,1247
0,0,203,755.5183815914285,4232.520834304531,1199
0,0,204,741.4511598838346,4007.429441976208,1174
0,0,205,771.7390389288877,4440.603086220549,1164
0,0,206,793.5795690115591,3833.005402306273,1134
0,0,207,909.2843760575818,5138.841108921764,1161
0,0,208,856.3216426746201,4979.311824372476,1105
0,0,209,702.6511235139599,3303.702656175606,1133
0,0,210,759.5334265591249,4035.31835419696,1057
0,0,211,800.2045751890371,4604.791185051824,1050
0,0,212,674.3978525438013,2642.113375392128,1050
0,0,213,682.2352051966565,3861.114316339125,1010
0,0,214,782.3608022090377,4827.662806790384,1055
0,0,215,712.9087619339081,3358.327425976348,1053
0,0,216,723.1939537280416,4546.153228052557,1036
0,0,217,650.6173292581009,3120.203844534352,1028
0,0,218,650.0189507886671,3398.518663248027,976
0,0,219,678.3282445602099,3128.251334944287,1007
0,0,220,707.7957747012795,3021.582660112243,1019
0,0,221,597.2559743266593,2474.454660238855,943
0,0,222,621.9797029043847,3152.691085284959,950
0,0,223,629.2436459569443,3886.3485337155,916
0,0,224,641.0069411959179,3385.03343585826,945
0,0,225,614.4102365969449,3092.283010478658,888
0,0,226,523.8140149965034,2030.870044871343,887
0,0,227,601.0814377684716,3058.862892477644,880
0,0,228,599.5141890259466,2802.165764195297,857
0,0,229,608.4614387368517,2853.710486332471,845
0,0,230,618.0059214561902,3102.540600766371,887
0,0,231,669.9048890495729,3984.055930096077,842
0,0,232,592.2980924134449,3052.707648013188,861
0,0,233,675.522514380657,3966.383045073406,835
0,0,234,659.8260475973061,3702.382584915755,777
0,0,235,569.763013838827,3425.550727976373,815
0,0,236,533.1102881360553,2954.871053400914,765
0,0,237,462.7341090044459,1667.289213821752,740
0,0,238,553.0062599480709,4312.077722529161,763
0,0,239,497.3212236183614,1947.063177705563,773
0,0,240,465.1681886180573,1793.85207387419,713
0,0,241,454.5184659943317,2066.582347983046,733
0,0,242,427.429577020906,1544.011326182575,759
0,0,243,469.3924086021964,2243.469041085159,758
0,0,244,541.2209770710379,3054.734380453227,751
0,0,245,572.2643980309809,3614.456009906653,699
0,0,246,548.420565680968,3626.316505567997,714
0,0,247,474.0334330756747,2340.241885310973,751
0,0,248,534.2099304560084,2961.090662058152,728
0,0,249,471.7778740491621,2214.390726534883,714
0,0,250,471.5566758600112,1812.340937709866,669
0,0,251,514.1800731161335,2504.240618353974,718
0,0,252,576.4763387555498,3094.631787314539,689
0,0,253,484.9193857865946,2602.986344151262,644
0,0,254,511.5860109474429,2759.063567089017,659
0,0,255,500.9721015626524,2563.798335302191,649
0,0,256,489.7253001488704,3505.390616298014,624
0,0,257,469.6351433265288,3970.594580827782,599
0,0,258,409.1421268052228,2208.728382885351,599
0,0,259,413.663517090587,2095.908486788586,571
0,0,260,374.3307348874724,1460.39416390113,581
0,0,261,469.3929508350164,2282.983284915371,604
0,0,262,387.7208084206372,1664.17208234795,623
0,0,263,396.8775805594519,1767.876511288874,570
0,0,264,376.4596923497326,2067.984989194812,572
0,0,265,356.4486352460499,1695.714348506244,558
0,0,266,369.9660070779817,1846.264639145921,572
0,0,267,327.6065365960152,1837.839134400185,541
0,0,268,363.370818189819,1944.628973077093,563
0,0,269,484.4643951861236,3742.07627160152,547
0,0,270,396.7094316947443,2203.531145805179,528
0,0,271,319.4511765060101,1315.350488614996,514
0,0,272,293.1777171500274,1045.563681609823,487
0,0,273,387.6449280249889,2890.665266435796,501
0,0,274,409.1248078109093,2023.902790923559,501
0,0,275,356.0955081970859,1600.510485081361,477
0,0,276,375.0652577258106,1929.293587695186,507
0,0,277,378.988897019791,2244.411895123885,496
0,0,278,344.881054062756,1489.375368059669,516
0,0,279,354.5995540933167,2003.505576439128,496
0,0,280,325.0276237981977,2153.807231649672,448
0,0,281,317.5395688658453,1701.472943348997,461
0,0,282,335.9545950203012,1556.46018734457,485
0,0,283,397.4783852658843,3248.953413223834,432
0,0,284,310.9394836460234,1358.850932183226,463
0,0,285,336.7444599595685,1699.754789716201,463
0,0,286,334.9368435693913,1632.167308386324,468
0,0,287,324.1734911121976,1380.570434763441,471
0,0,288,308.5732527492918,1583.104305398156,460
0,0,289,246.0568961190829,1086.825804446258,432
0,0,290,280.4991717842239,1241.287788119276,442
0,0,291,254.9018420275514,873.8886626753392,452
0,0,292,242.3142431138976,798.1571092253671,408
0,0,293,223.5930622250268,667.6564861340607,424
0,0,294,272.9598000847462,1687.611892800629,412
0,0,295,226.1376583387021,877.7149513062232,399
0,0,296,297.5936465900891,1819.6943302963,429
0,0,297,256.6014993349534,994.2578996131438,405
0,0,298,321.2660672655972,2984.869295774502,394
0,0,299,261.1321986982112,938.6010020965065,593
