# mesh name: boxMesh_1
# primitive scorer name: doseScorer
# iX, iY, iZ, total(value) [MeV], total(val^2), entry
0,0,0,6260873.970771415,7069074.223596984,10000000
0,0,1,6323758.166408355,7645933.665924065,9998332
0,0,2,6366510.571208499,7904090.412723886,9995023
0,0,3,6397725.813134843,7785299.689845008,9990758
0,0,4,6433517.84963534,7997901.555869426,9985778
0,0,5,6460229.838628576,8001834.840743669,9980291
0,0,6,6494262.509296621,8241436.159751982,9974120
0,0,7,6522022.249097614,8250104.700398156,9967473
0,0,8,6552048.952112122,8368873.527025912,9960218
0,0,9,6576802.247103766,8444034.011395087,9952496
0,0,10,6602868.222513682,8518229.978469733,9944503
0,0,11,6626587.260389668,8438498.840396512,9935943
0,0,12,6653054.011123239,8567636.760130517,9926954
0,0,13,6676087.155575464,8503682.899205478,9917831
0,0,14,6706959.767133213,8729190.807668157,9908287
0,0,15,6732197.400738083,8792836.001964485,9898364
0,0,16,6757012.121434771,8813476.791487776,9887868
0,0,17,6778697.910175327,8758875.085299244,9877344
0,0,18,6804342.301415473,8823780.57740142,9866341
0,0,19,6826614.340399119,8909480.889762245,9855028
0,0,20,6850847.59798843,8934517.586263884,9843424
0,0,21,6874520.902936539,8960659.474800851,9831352
0,0,22,6894523.996695804,8897726.958299752,9819214
0,0,23,6920115.371872142,8976117.932407057,9806595
0,0,24,6945928.291227697,9113582.966835206,9793813
0,0,25,6967339.773305085,9036910.051090203,9780746
0,0,26,6995814.091910372,9207139.023152454,9767451
0,0,27,7016064.178321464,9129628.194386486,9754014
0,0,28,7040352.077415324,9187375.403917214,9739995
0,0,29,7064554.994513103,9175650.137886504,9725992
0,0,30,7088278.390400832,9225963.805274544,9711613
0,0,31,7113723.395347212,9238372.166689798,9696833
0,0,32,7138904.881489886,9365619.948519222,9682089
0,0,33,7163309.801444756,9348719.736668026,9667094
0,0,34,7189414.369536042,9419809.758852452,9651689
0,0,35,7215726.306085664,9495206.883440666,9635889
0,0,36,7243693.017775284,9568583.328245413,9620238
0,0,37,7268969.23724729,9640085.385194676,9604206
0,0,38,7292976.740493465,9587375.471162111,9588211
0,0,39,7321225.375453735,9628840.040070441,9571629
0,0,40,7348582.299705699,9665321.125677489,9554844
0,0,41,7374758.797192589,9691428.033957545,9538014
0,0,42,7403398.377794297,9765439.696555283,9521036
0,0,43,7429286.999205,9784255.300269755,9503510
0,0,44,7456832.697768368,9787880.687054344,9485987
0,0,45,7488120.158142816,9884504.571178837,9468012
0,0,46,7517643.430178437,9971024.958375689,9450368
0,0,47,7550514.82619581,10082314.60120548,9431871
0,0,48,7579798.856100561,10116901.88108388,9413450
0,0,49,7609858.422823967,10206731.37569209,9394699
0,0,50,7637459.792020229,10120536.34487675,9375642
0,0,51,7672635.135589483,10289080.16792411,9356856
0,0,52,7703403.644485178,10262277.56765763,9337579
0,0,53,7739718.095070396,10414561.09620466,9318329
0,0,54,7773607.859079366,10452488.95072298,9298706
0,0,55,7806307.847918378,10463222.40781583,9278850
0,0,56,7839175.556478151,10445717.03722902,9258711
0,0,57,7880502.28381018,10632812.2549429,9238635
0,0,58,7915133.284525102,10652093.73538227,9217981
0,0,59,7950280.079306223,10759083.42041638,9197167
0,0,60,7971934.952393965,10724331.34304316,9176248
0,0,61,7988063.57652665,10938574.84619254,9154947
0,0,62,8000387.073431976,10774639.19093117,9133395
0,0,63,8043624.771368629,10889974.92410715,9111930
0,0,64,8101742.005721832,11025549.99943809,9090083
0,0,65,8165658.030847581,11154614.80857587,9068072
0,0,66,8229261.738302512,11233447.75906256,9045899
0,0,67,8291401.816559218,11313690.48929758,9023379
0,0,68,8358633.660711964,11500298.40957569,9000902
0,0,69,8422503.120397856,11634417.87867732,8978364
0,0,70,8485773.880756661,11804141.92636353,8955007
0,0,71,8545454.876426037,11891971.41185612,8931821
0,0,72,8602762.214614013,12030509.04970523,8908078
0,0,73,8654614.438394589,12101580.59912326,8884358
0,0,74,8703530.934500238,12231769.12567144,8860265
0,0,75,8749724.734741492,12351149.78033008,8835949
0,0,76,8792907.578833895,12361337.21440595,8811225
0,0,77,8844034.774463339,12554012.76429586,8786556
0,0,78,8893767.223975599,12633692.91330703,8761636
0,0,79,8950929.702912685,12777246.95797222,8736568
0,0,80,9017976.79552255,13015031.93103621,8710708
0,0,81,9087147.24847313,13102873.5421772,8684860
0,0,82,9164736.517485607,13267380.00117896,8658527
0,0,83,9256639.823790602,13588479.50539241,8631772
0,0,84,9351499.084936466,13743794.30978383,8604834
0,0,85,9461897.755694181,14081604.25633137,8577530
0,0,86,9579920.072895393,14389842.7965791,8550547
0,0,87,9703210.531862076,14610631.32488121,8522693
0,0,88,9840209.412771933,15059613.12892746,8494713
0,0,89,9978266.781499758,15365638.68743763,8466203
0,0,90,10117898.35887717,15669245.42222486,8437367
0,0,91,10263395.0544251,16124562.61612821,8408229
0,0,92,10407165.93711615,16531676.75448315,8378443
0,0,93,10547886.12738623,16937309.6021793,8347949
0,0,94,10692103.99643389,17334743.34404948,8317419
0,0,95,10848609.56912627,17866580.21191297,8286325
0,0,96,11020011.91440373,18420513.04860226,8254648
0,0,97,11215751.07973417,19106775.49869398,8222315
0,0,98,11445337.49650298,20050538.44177972,8189335
0,0,99,11703764.01088601,21150595.83805327,8155337
0,0,100,11976472.91112123,22007820.17845982,8120023
0,0,101,12277830.00811191,23025371.08773606,8084077
0,0,102,12589592.21865251,23877339.59453325,8046609
0,0,103,12928913.2557101,24931789.54011001,8008917
0,0,104,13301872.00540587,26195576.04524077,7970646
0,0,105,13723501.51178667,27636203.86866363,7931394
0,0,106,14228713.69989878,29578663.09424172,7891321
0,0,107,14825204.33429009,31885143.79005717,7849692
0,0,108,15539034.42692414,34892165.57032593,7805827
0,0,109,16400019.87300853,38927346.04400933,7759051
0,0,110,17447607.39345587,44141486.24200764,7706557
0,0,111,18785072.5338256,51462390.40850963,7645757
0,0,112,20572865.37705673,62246644.24164102,7571528
0,0,113,23115002.30836806,80210439.56259017,7468657
0,0,114,26688268.53150263,110987312.5503019,7286388
0,0,115,30135879.20934555,150741053.4532396,6841378
0,0,116,29094084.00087895,165527735.3340838,5740213
0,0,117,20383600.1070948,123160013.788808,3798698
0,0,118,9010583.576645998,54631638.59650209,1720039
0,0,119,2275420.791654111,13331193.19827408,472160
0,0,120,307405.8900032862,1689934.211010643,77081
0,0,121,24907.38905882186,125297.5495452512,13485
0,0,122,5331.862170547712,27529.99866784171,8321
0,0,123,4710.927056950688,24409.58350142175,7833
0,0,124,4357.531862467489,20001.50607198486,7289
0,0,125,4324.509768226058,23772.31926805454,7172
0,0,126,4264.212633792559,21820.18731505697,6974
0,0,127,4045.253574972108,21221.87115949647,6536
0,0,128,3878.891640536985,18743.97762725514,6311
0,0,129,3896.325626559914,19721.13597433468,6269
0,0,130,3788.03359658699,19839.7059421127,6116
0,0,131,3683.49025536302,20387.99593429067,5779
0,0,132,3667.839183694307,21008.34145413809,5714
0,0,133,3546.504423455726,19576.26445272201,5433
0,0,134,3450.478360124799,18954.59526272011,5403
0,0,135,3364.292785931036,16534.87710791206,5162
0,0,136,3694.825687994894,19892.85322829764,5001
0,0,137,3602.457696331741,23586.393537936,5049
0,0,138,3390.339909487745,18709.94884202862,4831
0,0,139,3275.746482352687,17057.24820255768,4725
0,0,140,3152.595068188713,16422.80582319685,4580
0,0,141,2882.797733231086,15144.97945632666,4460
0,0,142,2912.818108538694,14791.97339223273,4364
0,0,143,2901.072912101834,15627.1242414436,4244
0,0,144,2915.319095678619,17534.55834890666,4135
0,0,145,2576.228206475683,13331.85007912426,3926
0,0,146,2562.480247738711,15655.93671339112,3846
0,0,147,2516.999332649124,13385.65019238621,3771
0,0,148,2248.507118095184,12404.56604497762,3620
0,0,149,2314.101272737824,11412.09521666792,3567
0,0,150,2315.011062273009,11478.87845142075,3517
0,0,151,2360.387462464972,13476.03112733772,3462
0,0,152,2190.606503608375,11985.64148490633,3233
0,0,153,2152.299533610953,11785.2119927387,3300
0,0,154,2238.168389474632,12572.56295564928,3266
0,0,155,2188.175362611439,12753.48282962193,3117
0,0,156,2192.81790002799,12043.57461051295,3130
0,0,157,2124.680388877482,11320.65593250437,3033
0,0,158,2059.347611518431,10778.83481897471,2950
0,0,159,2098.147890106666,12149.78118764411,2900
0,0,160,2016.428597866145,10354.74108043262,2878
0,0,161,1802.436220780078,8717.552692302388,2766
0,0,162,1734.649006140668,8547.510827896171,2689
0,0,163,1757.938810546569,7836.532306813317,2685
0,0,164,1683.495242814871,9081.364740742767,2545
0,0,165,1814.116740497771,10738.36922383804,2525
0,0,166,1691.239570383116,8865.789830322356,2508
0,0,167,1709.089645789811,8602.700105992482,2413
0,0,168,1708.992870900761,9418.576896702933,2370
0,0,169,1582.237965156619,8021.383762500642,2293
0,0,170,1568.924836559937,9011.845485704091,2259
0,0,171,1544.267987497193,8908.678537795717,2168
0,0,172,1488.725581291009,8718.829140890624,2086
0,0,173,1438.97104984536,7280.554898328357,2139
0,0,174,1450.652901939937,8339.852605109967,2088
0,0,175,1517.399171842951,11774.92836693573,2025
0,0,176,1320.61522027777,6851.21607093177,2008
0,0,177,1419.271913327693,8424.273885727693,1947
0,0,178,1314.944190751538,7240.20218281008,1939
0,0,179,1392.441141712501,9244.786628788128,1949
0,0,180,1270.338291704532,6398.77157004593,1904
0,0,181,1265.287652994403,6858.85378210931,1790
0,0,182,1158.042083468064,5301.151703555613,1807
0,0,183,1375.833579666233,7318.313293304971,1741
0,0,184,1306.484358917685,5606.967796555348,1794
0,0,185,1391.301640039051,7742.635234569043,1694
0,0,186,1161.704713072649,5142.352789512221,1705
0,0,187,1168.87058416151,6911.88581719512,1670
0,0,188,1067.76399960722,5121.537795874553,1622
0,0,189,1141.12522112744,5753.337255472255,1630
0,0,190,1234.89495344574,8391.329977761074,1609
0,0,191,1117.770524998961,7049.301330703653,1540
0,0,192,1065.220179642881,6078.836008158342,1524
0,0,193,1152.303681405934,10543.02744473627,1495
0,0,194,1018.725794200312,7095.860084329459,1465
0,0,195,971.3794617264232,5084.219930077527,1442
0,0,196,984.1177568970181,5402.592725453259,1449
0,0,197,1040.125907240233,6044.911327149023,1478
0,0,198,1017.016755768853,8029.169276535742,1374
0,0,199,1084.227282456073,6942.641334585927,1363
0,0,200,874.0031686491527,3965.525804474919,1329
0,0,201,977.1247562562328,4874.534033505504,1316
0,0,202,1021.273359859905,5654.860099501629,1373
0,0,203,894.8591026978366,4398.620497446592,1293
0,0,204,918.1678106951803,5285.273697163138,1333
0,0,205,852.6109604793107,5447.183718412067,1263
0,0,206,866.2543192651689,3688.12130301062,1282
0,0,207,893.7404907922102,5729.464134523914,1236
0,0,208,832.8507588428663,4390.54457169325,1210
0,0,209,867.601231425628,5257.355477572179,1186
0,0,210,722.6611581438019,2924.589045816942,1102
0,0,211,893.9708696122244,5166.542924580825,1146
0,0,212,885.6924848021654,5317.369630474755,1059
0,0,213,836.4015346540499,5285.418769207072,1102
0,0,214,814.4991325451333,4167.301044151974,1143
0,0,215,761.5519412925039,4374.867621638266,1063
0,0,216,757.7709049666526,4527.057449655719,1083
0,0,217,754.9328554411272,4463.274326760461,1058
0,0,218,718.6831209883553,4067.404863501116,995
0,0,219,823.5960893911097,4891.598119709182,1032
0,0,220,771.3335583611469,4324.369968657385,980
0,0,221,798.9293289407497,4885.023096453591,997
0,0,222,725.4065241468938,5138.177512534474,937
0,0,223,627.9702775530587,3323.225829448872,921
0,0,224,641.2708477570787,2755.677370834662,936
0,0,225,649.3127791009479,3800.157841531416,898
0,0,226,602.6886426166571,3240.432586676143,921
0,0,227,626.5950666347386,3305.090434370672,910
0,0,228,618.8880101874819,2767.893615822422,932
0,0,229,537.3686791215433,2329.187011300078,901
0,0,230,536.0334248616188,2227.773954647918,916
0,0,231,601.930973185636,3769.352843108755,909
0,0,232,625.7829362360476,3315.588080779969,854
0,0,233,580.213038060365,2579.930302918915,864
0,0,234,608.7487311276971,3014.750432125344,847
0,0,235,608.9852112847873,3635.639584007426,851
0,0,236,618.6283112933609,2932.396515642851,816
0,0,237,664.9755874350581,3876.589824086822,864
0,0,238,618.6155590646813,3748.967062051553,807
0,0,239,570.1332868835706,2945.891637200679,807
0,0,240,614.2211939991714,3162.853848200983,820
0,0,241,561.8929067218805,2670.15088333755,798
0,0,242,571.4504202817277,3205.608429971087,749
0,0,243,519.7974460576493,2413.168674180738,760
0,0,244,542.7627509581284,2616.314054175532,781
0,0,245,499.7113558079166,2351.10819656403,778
0,0,246,468.7935829132069,1960.224553601196,750
0,0,247,536.7161922404648,3374.954768511253,760
0,0,248,469.432790800665,2094.235095873211,728
0,0,249,461.3294955309062,2184.621752185165,711
0,0,250,404.9805899018576,1696.071678816843,685
0,0,251,500.7487509136957,3012.340836609725,683
0,0,252,415.1018196672053,1751.892020527988,677
0,0,253,460.2628560848211,2067.950110245658,685
0,0,254,462.7186419552397,2242.024533477325,672
0,0,255,496.238123426256,2890.900312641562,640
0,0,256,403.8319727860877,1921.919632178485,599
0,0,257,364.1024057837818,1490.480695623242,635
0,0,258,380.2861778736021,1750.399736978442,631
0,0,259,448.1326238049252,3273.632665339673,644
0,0,260,450.1831777768002,2160.899708278779,666
0,0,261,468.9108237487072,2827.352709366187,647
0,0,262,343.5064979467462,986.5162751659994,638
0,0,263,389.4704651186761,1457.360627801787,612
0,0,264,382.1139949297271,1330.097840387995,586
0,0,265,454.6982553778691,2305.705686822412,576
0,0,266,402.9326753494199,2267.539645521046,575
0,0,267,363.9849241659785,1499.482051839033,588
0,0,268,348.7584517232066,1250.090559482476,579
0,0,269,383.7918877924088,2138.055026664328,564
0,0,270,401.5596278238544,2591.903003967811,541
0,0,271,415.5515372670282,2387.636761392366,574
0,0,272,379.2527457641338,1779.45616865862,558
0,0,273,388.8099396048632,2163.151172057827,535
0,0,274,414.5097085802581,2690.076966724448,535
0,0,275,384.3314864321032,1829.081291520316,535
0,0,276,359.690633978123,1642.789490289625,532
0,0,277,366.8473975389641,1582.722860949121,555
0,0,278,388.7510960333985,2584.912929305887,500
0,0,279,351.4388680929781,1952.708123575841,520
0,0,280,396.4783466105625,2445.32271985682,499
0,0,281,364.2266838225653,2006.303489000502,516
0,0,282,349.0675168567976,1727.246250213999,530
0,0,283,352.149685881461,1772.380024091215,516
0,0,284,350.5553708026744,2411.85450378907,523
0,0,285,352.3579849385376,2203.19389056951,485
0,0,286,387.1146268192954,2286.654073497899,522
0,0,287,400.848434944827,2059.911528022739,502
0,0,288,339.0564934823218,2002.310631541963,470
0,0,289,302.2306086464953,1215.176100455144,461
0,0,290,293.2045680355027,1454.06043831439,463
0,0,291,302.5453181298727,1115.1333623145,496
0,0,292,355.0577144029271,2309.680590478716,493
0,0,293,301.8446479067915,1119.532650702911,518
0,0,294,279.1426590098706,1224.994348799952,448
0,0,295,302.5423779762482,1413.082556721176,471
0,0,296,321.0432033078172,1532.834115254539,441
0,0,297,287.2112894386966,1458.699014664204,433
0,0,298,288.9486750602372,1468.958712520531,454
0,0,299,290.1615491700358,1269.467854224501,609
