# mesh name: boxMesh_1
# primitive scorer name: doseScorer
# iX, iY, iZ, total(value) [MeV], total(val^2), entry
0,0,0,6192958.930794873,7023869.349838031,10000000
0,0,1,6255355.250298388,7561463.508051191,9998345
0,0,2,6297037.737609193,7795799.431805323,9995092
0,0,3,6328337.620178886,7733804.80651046,9990898
0,0,4,6362409.184426357,7909323.100340526,9985989
0,0,5,6388301.366629325,7907733.142648919,9980526
0,0,6,6422139.851987751,8153802.274584474,9974522
0,0,7,6449295.621273434,8210369.89420432,9967953
0,0,8,6477775.156767037,8283436.663345372,9960783
0,0,9,6501510.902171484,8336456.458019602,9953309
0,0,10,6526440.451133819,8414412.954197396,9945283
0,0,11,6549743.830996607,8345658.498516087,9936747
0,0,12,6572436.062509135,8399621.997977374,9927989
0,0,13,6596641.258797298,8477664.57926432,9918948
0,0,14,6623823.830382516,8654839.03105762,9909417
0,0,15,6647797.240409735,8713877.879523143,9899619
0,0,16,6670978.559659734,8699827.462464057,9889455
0,0,17,6691205.558957226,8600333.05257595,9879081
0,0,18,6718602.463847962,8775969.949430494,9868220
0,0,19,6738595.203690057,8815625.515927423,9856969
0,0,20,6761659.341458766,8862125.338323195,9845641
0,0,21,6783582.278206263,8859624.244930418,9833806
0,0,22,6802986.671221253,8811229.023641888,9821636
0,0,23,6826842.791341037,8869763.765495583,9809319
0,0,24,6853103.205449132,9061182.647328751,9796745
0,0,25,6872777.447558924,8896503.231843397,9783958
0,0,26,6900310.344478562,9101751.883188628,9770776
0,0,27,6919428.661710413,9048059.735589283,9757493
0,0,28,6942252.005358256,9088894.204005595,9743811
0,0,29,6964808.338841644,9112278.876544312,9729754
0,0,30,6988865.316844873,9157967.442078175,9715715
0,0,31,7013465.123323397,9223913.698025586,9701280
0,0,32,7033701.000957965,9194839.700503316,9686538
0,0,33,7054998.963421363,9172887.596430486,9671480
0,0,34,7080539.47279829,9228423.156482227,9656563
0,0,35,7106301.117619863,9337796.605692986,9641261
0,0,36,7132702.733167242,9417174.542350382,9625552
0,0,37,7156719.008311391,9488312.231677642,9609860
0,0,38,7176623.142328079,9348324.875314552,9593966
0,0,39,7205452.033957758,9534957.936060162,9577806
0,0,40,7231538.91054867,9547867.789068643,9561528
0,0,41,7258414.663133945,9580256.784760173,9544910
0,0,42,7283580.267091275,9653163.930602845,9527940
0,0,43,7308365.235267237,9670624.004827723,9510995
0,0,44,7332775.016468767,9708602.124464124,9493626
0,0,45,7362304.408417764,9757268.080410544,9476211
0,0,46,7387473.340902166,9805562.293221818,9458540
0,0,47,7417765.111085892,9885184.59566278,9440611
0,0,48,7446296.436585682,9975143.70629916,9422340
0,0,49,7473793.136474191,9979111.694971763,9404188
0,0,50,7498442.002229559,9945281.433370922,9385576
0,0,51,7530151.465911462,10006039.72027186,9366779
0,0,52,7559820.808914999,10069124.65057027,9348160
0,0,53,7590807.923847619,10097019.06757379,9329626
0,0,54,7625639.430680802,10199229.81739418,9310431
0,0,55,7657529.026802069,10251564.07411518,9290876
0,0,56,7688889.321608203,10321525.98677036,9271382
0,0,57,7722412.363160877,10361680.8147917,9251439
0,0,58,7755580.660612967,10384571.289931,9231245
0,0,59,7792243.064852374,10497838.04803733,9210813
0,0,60,7827395.063783563,10565650.82806113,9190452
0,0,61,7865289.878071014,10706551.16083524,9169586
0,0,62,7895450.671966456,10642178.07323988,9148645
0,0,63,7922575.355464622,10697211.47659773,9127547
0,0,64,7936483.226843055,10733051.99993811,9106346
0,0,65,7951440.974986058,10791041.97070313,9084813
0,0,66,7987736.487291371,10882191.97942583,9063341
0,0,67,8040540.634657337,11006202.78980493,9041338
0,0,68,8100046.54943987,11051425.51456765,9019048
0,0,69,8159599.476460027,11066222.47517918,8996774
0,0,70,8225001.205022977,11234816.24764448,8974660
0,0,71,8291548.568509469,11409459.02794358,8951706
0,0,72,8352886.230785489,11499928.14414803,8928549
0,0,73,8416308.312650116,11658446.21696153,8905627
0,0,74,8477320.72741057,11817455.32190297,8882138
0,0,75,8536331.180142896,11970813.53652781,8858471
0,0,76,8584101.084510222,11944641.79059216,8834336
0,0,77,8635669.394363817,12145171.36103719,8810215
0,0,78,8681540.38165321,12205863.37192978,8786022
0,0,79,8726336.15926511,12302177.73684101,8761482
0,0,80,8775967.582052896,12494390.42619987,8736199
0,0,81,8823273.390151467,12576774.0061356,8711082
0,0,82,8877094.740786294,12698212.07214078,8685829
0,0,83,8937631.809029382,12758863.86128491,8660431
0,0,84,9007139.731919585,12958618.12433847,8634811
0,0,85,9084198.229440538,13162648.04916429,8608787
0,0,86,9166487.762264788,13363413.36498518,8582094
0,0,87,9262290.415729914,13577634.08945555,8555443
0,0,88,9369738.439679639,13906750.05188856,8528210
0,0,89,9484066.326634977,14166654.83276115,8500826
0,0,90,9601647.923210664,14415893.59702518,8473159
0,0,91,9733990.231605142,14816547.77722129,8445043
0,0,92,9871585.647889733,15163301.20279614,8416780
0,0,93,10017254.85808191,15665023.09256716,8387875
0,0,94,10153162.60079027,15899143.06980243,8358844
0,0,95,10297599.13103393,16316561.73151645,8328931
0,0,96,10435574.2984292,16689319.38977387,8298681
0,0,97,10577225.3799405,17102594.05031069,8268058
0,0,98,10729612.21819519,17611712.40794925,8237276
0,0,99,10891632.74318101,18103893.75983731,8205608
0,0,100,11081834.89389379,18845280.27722231,8173420
0,0,101,11296513.64134506,19630164.92876279,8140759
0,0,102,11545714.43166382,20700451.58371136,8106747
0,0,103,11812137.47123589,21647232.53385116,8071808
0,0,104,12097616.84192732,22522178.56307947,8036156
0,0,105,12406289.33371709,23454834.24349178,7999593
0,0,106,12737716.21441713,24463391.29328147,7962302
0,0,107,13099003.60801528,25673997.64431817,7924445
0,0,108,13500649.46398761,27024955.28937587,7885466
0,0,109,13973337.86034193,28733572.60581002,7845938
0,0,110,14542601.19195857,30979536.27945362,7804971
0,0,111,15217313.34745801,33808616.31307323,7761834
0,0,112,16024923.88975381,37457882.05097509,7715844
0,0,113,17005437.88851169,42284360.47236812,7664770
0,0,114,18240931.5692349,48831313.26157093,7606880
0,0,115,19872197.25964707,58415392.88858245,7537326
0,0,116,22152588.67949131,73864418.80986378,7444052
0,0,117,25379984.13302587,100243935.1717678,7290124
0,0,118,28990115.90876088,138044984.2087747,6941159
0,0,119,29585810.17047181,162718104.4216014,6066425
0,0,120,23191453.54541606,138039982.8543946,4375699
0,0,121,12156339.44272661,73907320.59056613,2286898
0,0,122,3837908.725472077,22868637.52296475,766639
0,0,123,678682.2379817483,3848325.901098459,154216
0,0,124,66822.97890688744,352526.4772318637,23613
0,0,125,7630.439576399594,38128.94940812048,9162
0,0,126,5026.529093188565,27060.55986996564,8123
0,0,127,4534.232287139639,21645.54423533358,7701
0,0,128,4537.106559989994,21846.32362396129,7497
0,0,129,4164.382575488971,18545.32737252733,7245
0,0,130,4585.769389494111,25018.12221741826,6894
0,0,131,4180.838192808668,21191.80390513871,6528
0,0,132,4179.298372584866,23201.46766443095,6362
0,0,133,4140.549174280123,22335.27740791023,6235
0,0,134,4006.686495882433,22671.66661233576,6130
0,0,135,3638.514708075668,18661.35813465769,5800
0,0,136,3513.880667939864,17766.22809075319,5645
0,0,137,3479.638048300635,16761.22739753737,5528
0,0,138,3660.593193728093,22499.81756273699,5303
0,0,139,3627.931841626369,24563.53034634473,5145
0,0,140,3383.488136404368,16718.49871134076,5017
0,0,141,3442.473736551964,19781.23769613073,4923
0,0,142,3254.849698954884,16421.00327331779,4821
0,0,143,3205.744056367099,17188.45945149719,4643
0,0,144,2983.31885228771,14586.1364348589,4471
0,0,145,2755.290260896699,12757.08705638911,4390
0,0,146,2844.569397111934,13644.01811302804,4285
0,0,147,3097.514982935506,20902.27309338314,4134
0,0,148,2551.522325690991,12567.00680463588,4015
0,0,149,2680.153098414049,13353.95132474519,3989
0,0,150,2552.33291095239,11636.21971306361,3912
0,0,151,2548.915715037644,14359.7660734351,3734
0,0,152,2406.08697390417,12161.55745096706,3713
0,0,153,2432.675066645577,13396.27234437145,3660
0,0,154,2415.776598107401,12994.55802513397,3612
0,0,155,2275.816345082342,12485.10167381521,3373
0,0,156,2264.798838119788,11867.11491765074,3268
0,0,157,2114.513081684078,10255.26766426693,3136
0,0,158,2361.834847458622,13382.75192291449,3189
0,0,159,2135.234400687365,12543.82148357726,3113
0,0,160,2096.886737250941,12490.34339254753,2916
0,0,161,2040.986630031762,11654.74620832896,2876
0,0,162,1871.360015146879,9101.385842487512,2882
0,0,163,2048.351980611078,11462.39749586229,2855
0,0,164,2042.457581192359,11147.3746120956,2859
0,0,165,2002.486455151983,12908.06498838446,2718
0,0,166,1760.458172037791,10424.55032133996,2659
0,0,167,1708.786404524896,8319.087518340755,2614
0,0,168,1705.003337714261,8954.789334332942,2509
0,0,169,1768.428267905761,11359.44171067262,2451
0,0,170,1822.260021285466,11265.59565692001,2458
0,0,171,1679.030649582736,8820.752963850682,2321
0,0,172,1573.507092142426,9499.99065075659,2339
0,0,173,1623.012641201947,9180.775679532378,2314
0,0,174,1703.090279245541,11284.92169958375,2246
0,0,175,1438.565426232041,7256.438028252905,2169
0,0,176,1380.152897655101,7871.371846651282,2125
0,0,177,1463.956969378115,9711.097885254849,2168
0,0,178,1370.16150062573,6698.68821898936,2092
0,0,179,1396.149521884478,7614.690085094986,2025
0,0,180,1452.627042698159,9208.100204329607,2063
0,0,181,1267.308556520886,6738.71461251354,2006
0,0,182,1226.998385279868,6015.870184341194,1932
0,0,183,1397.730583567849,9985.408384709399,1856
0,0,184,1308.588097678309,8283.286477118436,1816
0,0,185,1285.300679390138,6414.094315038873,1866
0,0,186,1261.720277429042,6084.354432023781,1781
0,0,187,1120.140683065882,5171.137071229152,1736
0,0,188,1317.779140313944,8454.193541240005,1724
0,0,189,1261.039098624686,6658.51982683908,1729
0,0,190,1266.685499494919,8106.887018160231,1690
0,0,191,1203.747808199128,6672.431170536909,1603
0,0,192,1300.568058243285,8179.65773714587,1602
0,0,193,1153.310313769441,6339.758736497739,1621
0,0,194,1263.533913754537,7038.638240365855,1591
0,0,195,1181.636073677553,6927.092141209561,1543
0,0,196,1184.340380027804,6460.002564225367,1502
0,0,197,1323.68124780486,9227.464578972311,1504
0,0,198,1045.542942966864,5576.864027846106,1504
0,0,199,969.5764307997052,4668.104120031705,1423
0,0,200,1015.837772753704,6101.008709322446,1427
0,0,201,930.3496190480303,3913.85747956556,1445
0,0,202,1134.321704091727,6284.577012255709,1399
0,0,203,945.0090502790065,4258.852279485548,1400
0,0,204,1058.015706274061,6287.483825374185,1335
0,0,205,848.2206795279184,3762.185958316409,1303
0,0,206,893.4433277399764,3881.865658082324,1278
0,0,207,917.8189015808746,5982.288245629476,1284
0,0,208,966.3359892988072,6090.155285779982,1233
0,0,209,871.2877340778352,4643.119752095822,1219
0,0,210,937.9062027261914,5898.959587635445,1259
0,0,211,871.7904446133521,5806.286863653553,1171
0,0,212,800.7924188075391,4498.656675080394,1181
0,0,213,913.8161057551755,5246.018114709893,1158
0,0,214,822.3668372612299,4156.025801461126,1150
0,0,215,768.2029102185739,3986.366377555194,1051
0,0,216,811.4051505724444,4995.717443300553,1100
0,0,217,757.5132734442105,4440.965951331244,1104
0,0,218,849.9845665830831,4927.206715453016,1138
0,0,219,786.8099495293834,4669.3707345654,1089
0,0,220,717.1264135546021,3247.157703744593,1105
0,0,221,798.9152824062584,4223.856975994135,1092
0,0,222,863.375246258357,4621.427118385383,1123
0,0,223,770.500267301957,4314.840706612472,1039
0,0,224,768.9599021751255,4163.288513965996,1016
0,0,225,708.8843804149392,3359.970323883826,972
0,0,226,710.6401788578351,4063.090896923969,947
0,0,227,687.8181714634874,3352.234812557637,956
0,0,228,685.1393751870905,3763.284521619643,971
0,0,229,698.3972275022247,3533.273696420762,923
0,0,230,738.4983795761307,4378.672517270315,892
0,0,231,671.6326491559815,2954.572315487896,906
0,0,232,721.5828754789926,5001.843485168407,900
0,0,233,653.7529441708157,3025.744326682208,892
0,0,234,675.8958216531961,3075.837722726576,871
0,0,235,744.1381708947366,5190.207998556401,904
0,0,236,700.7147927651631,4543.811242068788,890
0,0,237,567.292248139178,2279.926006797249,865
0,0,238,686.8244567695034,4500.154803040728,834
0,0,239,595.8946955911649,3107.629724006073,803
0,0,240,607.4446415608043,3007.201672019381,794
0,0,241,608.8629130009859,3411.36005353243,812
0,0,242,588.991198355027,3447.339198731813,814
0,0,243,528.6057364852641,2265.972310439633,828
0,0,244,493.8795358466655,2163.969744707874,772
0,0,245,565.1035002884029,3272.212759299308,799
0,0,246,570.7861934309869,2572.349469730107,772
0,0,247,556.2160159266942,2251.717914502995,795
0,0,248,658.8593596281153,3514.50348835463,831
0,0,249,618.4836621586113,3275.982542873077,812
0,0,250,590.4592821369426,2603.866072522032,804
0,0,251,569.1057733034156,2634.748946794189,768
0,0,252,514.9327817003959,2163.151028929682,728
0,0,253,569.4034487226145,2927.40962256418,769
0,0,254,574.4856631641528,2463.372869336248,750
0,0,255,553.7941498473289,2361.807826331094,724
0,0,256,511.3564646438566,1888.833923997733,712
0,0,257,559.6464126633422,2729.577371727023,724
0,0,258,546.4616366292669,2588.774304157883,705
0,0,259,501.5823203615266,2460.532613374095,685
0,0,260,558.4485942681899,3614.983307328675,719
0,0,261,530.3146993494399,3261.015919195129,642
0,0,262,444.1732000483273,1810.953497096748,645
0,0,263,481.1370443182998,3591.6075684809,628
0,0,264,457.1172985848251,2180.411161812854,660
0,0,265,473.7500286691413,2239.727855399445,627
0,0,266,424.5932677147027,1885.483721644592,594
0,0,267,432.7349993451518,2202.391137700425,597
0,0,268,458.5209314223608,2686.447325507616,618
0,0,269,442.6494905761763,1839.780177588443,608
0,0,270,510.849747219045,3053.344443133258,609
0,0,271,412.4513385866865,1700.536626127347,582
0,0,272,400.9192777269747,1695.047850941818,568
0,0,273,375.8728447829253,1125.170130076963,617
0,0,274,398.6532445241147,1587.305696762363,564
0,0,275,482.0605962672957,2537.561806463304,584
0,0,276,477.1159493261708,2702.980583749837,570
0,0,277,469.0909561253835,2193.753554587463,571
0,0,278,439.4058476706779,2316.982559394316,560
0,0,279,424.6091624818476,2013.877242534276,544
0,0,280,435.7954802969178,1920.793195480805,559
0,0,281,432.1951594358338,2229.208022887985,535
0,0,282,443.7160841256045,2278.579558036231,529
0,0,283,409.611621569974,1732.887322775822,507
0,0,284,435.9277255122755,2119.150731789675,542
0,0,285,390.1076949319337,1863.705307956541,510
0,0,286,406.5673449228905,2358.046917218094,546
0,0,287,377.5341124911456,1828.473137941651,524
0,0,288,382.0869397305488,1395.323243685686,568
0,0,289,387.5716122852432,1913.60296422337,498
0,0,290,441.4512347032195,2368.090481983997,533
0,0,291,338.4623274129276,1379.189191682248,496
0,0,292,323.8746557607366,1670.360911566464,447
0,0,293,362.7721472878684,2184.454890758073,478
0,0,294,313.9387278408297,1627.140187817517,468
0,0,295,295.7740019443343,1372.237300201519,488
0,0,296,297.5412802623152,1089.366379883622,483
0,0,297,387.6700350193062,1920.726969101015,497
0,0,298,349.621134463109,2175.492026742909,453
0,0,299,332.3033085642965,1395.482381258701,666
