# mesh name: boxMesh_1
# primitive scorer name: doseScorer
# iX, iY, iZ, total(value) [MeV], total(val^2), entry
0,0,0,6126303.247885833,6949384.184467621,10000000
0,0,1,6189030.486627408,7504424.545090206,9998340
0,0,2,6228747.477542449,7664196.25867664,9995140
0,0,3,6261081.270826285,7683940.703076734,9991020
0,0,4,6293895.367217753,7879565.625175908,9986178
0,0,5,6318715.633675284,7872299.447695058,9980739
0,0,6,6351622.784228303,8084295.442425133,9974833
0,0,7,6377804.249653124,8131129.824164056,9968354
0,0,8,6405805.573266257,8240544.912668281,9961249
0,0,9,6428871.260419342,8282265.838267889,9953828
0,0,10,6453802.25697428,8368850.751981476,9946082
0,0,11,6476122.471332106,8294515.235200887,9937705
0,0,12,6497308.86640209,8345961.381094523,9929039
0,0,13,6519346.597571571,8401029.268682078,9920008
0,0,14,6545963.062536596,8544193.149213884,9910742
0,0,15,6567044.650389746,8577140.375573054,9901074
0,0,16,6589465.920254465,8581495.542792903,9891184
0,0,17,6608183.489290356,8545884.396282244,9880692
0,0,18,6633803.79624184,8743218.660290392,9870045
0,0,19,6653501.341911585,8711819.379605833,9858935
0,0,20,6673074.145928265,8697428.367627449,9847769
0,0,21,6695410.953400422,8742195.387621438,9836083
0,0,22,6714155.050598348,8712800.091230778,9824015
0,0,23,6734303.049835809,8665054.994136043,9812012
0,0,24,6760188.165919647,8892538.08742683,9799680
0,0,25,6778764.922585691,8786839.09711075,9787155
0,0,26,6805714.932246227,8959028.283316851,9774241
0,0,27,6825401.969465898,8922672.640275169,9761102
0,0,28,6846282.162250051,8926481.811316881,9747513
0,0,29,6870900.090502828,9044127.559356831,9733992
0,0,30,6890807.518994608,9033127.716720173,9720103
0,0,31,6914489.829637335,9140349.391716247,9705802
0,0,32,6933962.603307894,9036397.098358691,9691471
0,0,33,6952033.217879205,9017033.094762281,9676558
0,0,34,6976783.723547023,9103991.878247427,9661788
0,0,35,7003096.196128201,9212555.823844533,9646923
0,0,36,7025822.75321189,9234606.786312737,9631531
0,0,37,7049052.111393823,9339842.38477104,9616186
0,0,38,7071246.317907002,9273425.980375394,9600560
0,0,39,7093931.19329794,9302131.926397489,9584446
0,0,40,7121194.744903085,9388024.068585776,9568388
0,0,41,7145410.958907782,9475830.698480466,9552083
0,0,42,7167563.561458914,9495784.299616989,9535411
0,0,43,7191830.936720913,9463450.475024598,9518830
0,0,44,7215213.70094052,9431654.225785725,9501836
0,0,45,7242664.409752751,9547597.929812383,9484698
0,0,46,7266310.300004609,9632478.245109016,9467293
0,0,47,7295845.038121284,9691273.839569461,9449672
0,0,48,7320967.060487416,9774436.020622661,9431809
0,0,49,7348185.189776259,9821782.030492464,9413710
0,0,50,7371183.231100755,9797262.018264778,9395321
0,0,51,7398776.561954914,9823714.618552942,9377076
0,0,52,7426138.32336412,9849017.577710878,9358864
0,0,53,7452494.86405447,9813931.289920561,9340128
0,0,54,7487480.264409048,10040022.47502853,9321447
0,0,55,7515219.117540163,10022311.05409176,9302431
0,0,56,7544498.688222012,10074488.66317224,9283230
0,0,57,7576456.123780307,10161307.25449702,9263669
0,0,58,7607823.612664945,10222254.49401661,9243972
0,0,59,7637278.541091507,10222771.57533794,9223859
0,0,60,7672925.280259252,10384713.90973062,9203754
0,0,61,7704247.378311243,10431018.84645467,9183233
0,0,62,7736307.631702928,10441311.48223441,9162820
0,0,63,7768089.035534039,10421116.17308951,9142090
0,0,64,7804173.364068041,10480247.49142671,9121340
0,0,65,7839778.692098428,10581445.93248172,9100473
0,0,66,7869163.527255452,10627347.22349469,9079365
0,0,67,7886680.059439938,10682605.86155593,9057949
0,0,68,7901421.827015359,10709800.28246762,9036482
0,0,69,7927434.362974025,10790623.26954341,9014859
0,0,70,7975485.578882114,10859794.45814633,8992891
0,0,71,8034321.226442061,10971306.37155617,8970731
0,0,72,8095754.672265917,11086100.79985555,8948073
0,0,73,8155688.585771866,11149137.24573795,8925229
0,0,74,8218178.824865871,11286151.21654965,8902582
0,0,75,8282844.134264677,11409529.53656731,8879503
0,0,76,8343991.837663798,11605860.83326387,8856087
0,0,77,8404295.915906988,11655020.85764527,8832749
0,0,78,8460695.637800833,11786721.32234809,8809052
0,0,79,8512303.116640769,11873606.84221761,8785331
0,0,80,8569317.190725148,12112496.94897117,8761360
0,0,81,8616188.695297003,12250574.01647836,8736998
0,0,82,8657379.488025203,12234930.92106368,8712187
0,0,83,8701957.322806628,12270888.75917568,8687454
0,0,84,8753407.690720163,12487403.33529432,8662855
0,0,85,8805499.630613783,12552344.91090312,8637777
0,0,86,8862628.724812537,12660323.9914055,8612186
0,0,87,8928488.034184294,12873569.37024313,8586465
0,0,88,9000063.838332666,13001641.66387531,8560473
0,0,89,9084414.003924297,13276362.16379975,8533762
0,0,90,9173821.257696465,13465172.14812735,8506706
0,0,91,9274861.171768773,13732246.36928806,8480232
0,0,92,9381937.01749458,13956538.68439983,8452910
0,0,93,9503442.120463083,14299709.72020322,8425353
0,0,94,9628636.388920236,14617705.96981207,8397467
0,0,95,9758081.282899851,14885242.03499268,8368859
0,0,96,9900336.165573902,15369328.65335353,8340247
0,0,97,10040350.34120623,15690587.33140953,8311229
0,0,98,10182205.31613587,16092466.81270348,8281523
0,0,99,10320493.12780368,16456681.77397765,8251993
0,0,100,10461632.51128066,16927478.4024047,8221593
0,0,101,10607191.97918488,17364082.18661565,8191059
0,0,102,10762419.17007043,17787431.22436781,8159428
0,0,103,10944794.3891135,18462100.11514522,8127755
0,0,104,11150588.51950707,19242965.81285483,8095144
0,0,105,11381176.1941823,20096275.79138398,8061637
0,0,106,11644169.17030352,21183491.93639944,8027077
0,0,107,11925151.37896395,22139227.49725349,7991687
0,0,108,12224854.0132919,23046927.51090025,7955019
0,0,109,12542060.70308127,23982648.34379666,7917764
0,0,110,12886829.47344114,25064324.55212349,7880009
0,0,111,13273187.1419071,26398102.45632271,7841662
0,0,112,13716963.24291211,27985601.18979335,7802196
0,0,113,14247666.14579471,30012599.17495326,7761663
0,0,114,14879932.39742818,32614285.00570945,7718905
0,0,115,15635985.99851224,35924852.15234113,7674113
0,0,116,16553184.08764024,40343656.56280839,7625412
0,0,117,17692120.47056564,46281853.31512755,7570638
0,0,118,19164136.73133112,54613552.64066222,7504802
0,0,119,21193003.8353499,67803224.5617425,7420419
0,0,120,24074798.59861107,90113440.63831496,7290979
0,0,121,27615305.13064538,124178312.8259775,7020326
0,0,122,29500983.59123635,155424751.4002367,6351214
0,0,123,25609139.3542574,148977895.1766353,4946676
0,0,124,15742412.33061088,95328368.97650576,2947465
0,0,125,6157604.46976792,37105908.46226172,1193917
0,0,126,1422774.990379818,8277821.123319644,301655
0,0,127,185053.09729841,1012948.30544022,49637
0,0,128,16785.83115500268,87369.44375497592,11428
0,0,129,5560.52957538638,29527.30960125461,8214
0,0,130,4953.422159815354,28486.11458168366,7821
0,0,131,4767.706476821439,26203.06687070202,7549
0,0,132,4745.616653716646,25085.52466291357,7260
0,0,133,4282.860211189308,20687.02213585972,7021
0,0,134,4008.350909882323,20408.29464408976,6599
0,0,135,4089.678210313211,21276.52783127569,6553
0,0,136,4000.716990802901,20256.84484805002,6200
0,0,137,4204.997997066436,25445.62504497558,6123
0,0,138,3665.736372635151,20314.68701558527,5675
0,0,139,3633.905774510506,19937.90598388276,5533
0,0,140,3552.049700692612,22842.66173807216,5421
0,0,141,3468.296297369606,20936.82451033423,5311
0,0,142,3325.268270517599,18054.75439274557,5085
0,0,143,3414.115963248373,19276.8254843395,5081
0,0,144,3278.163987633401,16415.72314549563,4957
0,0,145,3257.897813251847,16867.61466427701,4897
0,0,146,3061.121852161445,17279.87224947116,4723
0,0,147,3051.854680219701,15162.9199152847,4571
0,0,148,2901.89254367018,14690.89982854534,4414
0,0,149,2914.931228583067,16578.7403777321,4237
0,0,150,2755.654512874872,13237.13680420057,4081
0,0,151,2910.256526766776,16487.32138693303,4068
0,0,152,2856.524095707612,17803.29253501304,4059
0,0,153,2487.275635801168,10768.69933677947,3857
0,0,154,2554.012288409313,13640.99223281347,3741
0,0,155,2700.357460989523,16433.7634092666,3719
0,0,156,2314.018212260017,11327.79015392779,3671
0,0,157,2501.722956643938,14184.02121441336,3545
0,0,158,2206.479843112388,11788.94625806257,3354
0,0,159,2263.807429650556,12129.34563169793,3279
0,0,160,2302.054636912038,11630.43093749577,3313
0,0,161,2205.094806240202,11504.08633713629,3147
0,0,162,2231.496993049785,12169.04313977836,3031
0,0,163,2009.585716355351,10529.83477059203,2975
0,0,164,2067.038940958896,11646.17676083718,2966
0,0,165,1939.734735361247,10161.49613517135,2883
0,0,166,2248.290382209715,15970.45359972216,2837
0,0,167,1896.205614681681,9481.532923208844,2786
0,0,168,1937.534322791956,11156.58161431587,2766
0,0,169,1921.870919199804,10474.54682791234,2715
0,0,170,1789.422885895761,8624.511689933624,2672
0,0,171,1668.01678123647,9419.593100629554,2462
0,0,172,1774.534281108318,9282.000080445856,2463
0,0,173,1657.074660359792,7989.14172378041,2458
0,0,174,1686.769595179815,8597.175888367759,2448
0,0,175,1657.383349265173,8942.625397417503,2396
0,0,176,1646.595742336764,9145.239033085365,2297
0,0,177,1660.562376162878,10966.02693650893,2393
0,0,178,1553.423834847007,9057.198774313969,2254
0,0,179,1382.629541574304,7880.373085585441,2197
0,0,180,1292.231579660972,5397.691813707886,2131
0,0,181,1544.949556789209,9990.841470454608,2075
0,0,182,1385.080940984491,7030.777510616665,2028
0,0,183,1572.691805695556,11504.86254208118,1950
0,0,184,1340.160990386975,7041.060437972665,2019
0,0,185,1322.595581152632,7162.378418828992,1931
0,0,186,1399.811565549152,13442.90546871284,1865
0,0,187,1319.648209067412,7494.901706954778,1858
0,0,188,1361.034116881832,7260.628417756861,1828
0,0,189,1311.278181350058,6468.101875102806,1832
0,0,190,1304.659640879771,7398.477558187421,1745
0,0,191,1325.766331880442,7333.048615857236,1717
0,0,192,1411.699803023747,8186.317757592913,1701
0,0,193,1220.121371076632,6250.025329377144,1695
0,0,194,1251.398926369067,7659.107200682227,1630
0,0,195,1210.688934403573,6861.862328853726,1641
0,0,196,1085.769933456093,5427.537589919802,1656
0,0,197,1151.335019425317,6157.847101014477,1551
0,0,198,1004.538227324017,5271.627441260268,1569
0,0,199,1064.028214700679,7663.049101259449,1511
0,0,200,1035.790016309693,5438.531115403573,1508
0,0,201,1147.154821139,6693.029411335162,1505
0,0,202,1181.793026982106,9161.313993444128,1479
0,0,203,1001.831822187837,5796.708997433179,1389
0,0,204,915.7517908447835,4384.464802190414,1369
0,0,205,984.6474910674018,4923.60744220121,1403
0,0,206,1040.260817242039,5477.572969607369,1350
0,0,207,1169.592973369707,7599.830297175067,1407
0,0,208,1005.730649465346,5144.213014605606,1310
0,0,209,1017.297692892823,6357.611450846883,1310
0,0,210,998.7339834076022,6274.953371036015,1284
0,0,211,991.3120400544988,5647.821961818224,1274
0,0,212,925.084188646186,5489.348849883049,1267
0,0,213,890.7759114489265,4415.534261844318,1251
0,0,214,980.7179259835406,5657.609246928992,1264
0,0,215,872.7246789419414,4042.198960090051,1171
0,0,216,896.3919481213564,4662.333650236365,1155
0,0,217,835.7334319560177,4124.807012626721,1185
0,0,218,852.8190169709217,4144.246963738498,1200
0,0,219,809.7563621891431,4008.018143365376,1122
0,0,220,839.0896311764614,5307.065912877183,1103
0,0,221,867.7185368435677,5078.556199434347,1125
0,0,222,800.3024224014911,4822.126117312913,1107
0,0,223,851.9580358091559,5800.162824850645,1120
0,0,224,812.7958888209544,3673.734179624565,1093
0,0,225,896.5017599320755,5369.521529098756,1061
0,0,226,839.3732520766707,4183.125597743875,1084
0,0,227,736.7140239949282,3141.853251318037,1044
0,0,228,736.06268557443,3995.298107354442,1008
0,0,229,732.4105377759734,4225.559269075515,1003
0,0,230,667.5869507746048,2723.954243998326,1011
0,0,231,712.4403929756811,3475.752528931349,990
0,0,232,787.8787638368472,5260.309141392476,1023
0,0,233,814.7402425233261,5188.114971317491,996
0,0,234,720.3800986156093,3317.77805642632,975
0,0,235,719.5634896057247,3939.621546864432,941
0,0,236,713.8490433606482,3515.747258012467,905
0,0,237,739.9896543188296,4224.84137886594,919
0,0,238,627.4118512945109,2737.239410733542,924
0,0,239,752.7346003422854,6756.306363125582,929
0,0,240,670.8503579772973,3433.070066507598,895
0,0,241,624.8132162871104,3110.416817241706,909
0,0,242,580.3622214268614,2533.882914898019,833
0,0,243,479.2234813713376,2517.244064262524,832
0,0,244,516.993886081171,2013.376741898233,793
0,0,245,580.6982401791531,2432.738575391515,833
0,0,246,580.9297065471761,2384.613420789497,851
0,0,247,590.3496923217346,2760.159425404113,819
0,0,248,572.6916130056441,3731.36403125576,818
0,0,249,659.2460747615175,4165.989465014591,800
0,0,250,492.1721540748243,1924.403892268201,761
0,0,251,538.2003641160724,2533.800654888884,769
0,0,252,582.3020500327794,3881.207301714794,746
0,0,253,570.1305719193668,2834.865972658392,768
0,0,254,568.2595189899688,3371.953991448625,696
0,0,255,492.8404608170782,2046.151314671542,698
0,0,256,476.6607958664047,1962.751467341966,705
0,0,257,476.6770694762548,2049.468953071277,723
0,0,258,534.408000319017,3707.362567947398,692
0,0,259,478.5006371258048,2587.193137260343,701
0,0,260,573.4759568022225,3166.013880627297,701
0,0,261,499.1140624913728,3446.717744828968,675
0,0,262,476.3939534601307,2255.217875297447,711
0,0,263,494.4685916466372,2075.804959382539,680
0,0,264,469.8281522242102,2325.087263553155,678
0,0,265,482.2500334939313,2288.621811059607,675
0,0,266,449.7566132088543,2012.525429056468,655
0,0,267,458.5296209563387,2494.157541735996,633
0,0,268,443.1881501717104,2177.627727322013,628
0,0,269,433.7670672696846,1883.346107953102,630
0,0,270,362.8057238988136,1199.925361438377,616
0,0,271,378.491294989992,1582.052518109858,558
0,0,272,379.9327475624674,1516.493842712167,602
0,0,273,345.3567148930396,1110.880467871287,582
0,0,274,471.1643809052857,2736.891576046498,582
0,0,275,511.8682004098357,3044.680753313961,615
0,0,276,466.358298928752,2336.708071875424,589
0,0,277,465.0762124716498,2838.575578914966,574
0,0,278,421.2965547716178,3401.354629539259,551
0,0,279,383.2810474052412,2320.383116748173,560
0,0,280,486.7118343800959,3391.569582600936,595
0,0,281,399.734606321695,2099.236529902118,574
0,0,282,434.0341845497793,2538.359747755211,535
0,0,283,372.3461325120409,1592.693745109384,508
0,0,284,467.1627525508443,3581.297880931394,565
0,0,285,395.3972154677913,1981.444980050988,562
0,0,286,385.1563499893246,1878.245331114524,527
0,0,287,358.0043994540665,2060.032440004116,526
0,0,288,345.6416281901137,1483.470044056776,510
0,0,289,391.2167861504538,2582.367888563594,537
0,0,290,354.3158863502414,1554.851101257031,537
0,0,291,344.488872015604,1475.368199001632,510
0,0,292,377.6025826008704,1493.856003681025,518
0,0,293,382.2625782558425,1978.209870732146,493
0,0,294,418.0290251143898,2264.679524946895,479
0,0,295,337.5576653180156,2290.880417971,484
0,0,296,308.0164493874678,1219.37945401063,450
0,0,297,399.873815328904,3260.736684012077,473
0,0,298,341.0884783626304,2091.936996239668,483
0,0,299,351.96883305874,3886.511616217126,614
