# mesh name: boxMesh_1
# primitive scorer name: doseScorer
# iX, iY, iZ, total(value) [MeV], total(val^2), entry
0,0,0,6061866.637017103,6878115.17860754,10000000
0,0,1,6125075.37994338,7469664.396435558,9998392
0,0,2,6163261.761518934,7552652.077259636,9995237
0,0,3,6194261.066562491,7570247.155597415,9991175
0,0,4,6228941.02250855,7848636.831725568,9986450
0,0,5,6252229.865167657,7819188.035110966,9981043
0,0,6,6283044.017769162,8004693.621784721,9975153
0,0,7,6309513.115624794,8049766.815675329,9968876
0,0,8,6337882.08945634,8200914.955124017,9961883
0,0,9,6359376.012154644,8190262.995998628,9954630
0,0,10,6382171.584828762,8242832.581626896,9946770
0,0,11,6405790.515833888,8318009.75412131,9938605
0,0,12,6425095.960041158,8286833.612185502,9929966
0,0,13,6447119.895056941,8374821.939789504,9921028
0,0,14,6469037.166858308,8402223.959686128,9911681
0,0,15,6491197.321171023,8446728.995547146,9902260
0,0,16,6513429.164550309,8544871.191893671,9892435
0,0,17,6529694.115809158,8438480.799527623,9882269
0,0,18,6552845.440799552,8607221.649674058,9871748
0,0,19,6570627.148239184,8565564.971364563,9860888
0,0,20,6589039.283858965,8546361.089379556,9849761
0,0,21,6610239.710059824,8610204.025811171,9838399
0,0,22,6628638.923251342,8568426.381497331,9826470
0,0,23,6649706.580030306,8659163.927364483,9814419
0,0,24,6674373.183289008,8859200.618017701,9802317
0,0,25,6691859.605132037,8751166.236705322,9789953
0,0,26,6715001.278942859,8827708.695264278,9777356
0,0,27,6734560.603357559,8855698.404363468,9764492
0,0,28,6754597.661713065,8785021.063960796,9751144
0,0,29,6775945.45337934,8880308.6520648,9737604
0,0,30,6794745.344564446,8871762.098671259,9723923
0,0,31,6820222.361962624,9066584.779527076,9709973
0,0,32,6838512.442545425,8976908.096366016,9695754
0,0,33,6857635.202846531,8950173.558946719,9681374
0,0,34,6877619.266290969,8969381.061678052,9666706
0,0,35,6901283.454310626,9073260.292130543,9651887
0,0,36,6924695.604919089,9169816.019823775,9636921
0,0,37,6944631.333296967,9170381.926497193,9621357
0,0,38,6965912.450123385,9140438.888392519,9606096
0,0,39,6988036.205771179,9214527.705120897,9590166
0,0,40,7011284.411487451,9273850.036115246,9574343
0,0,41,7033657.363670954,9297109.328839753,9558230
0,0,42,7056102.165700547,9336849.253096078,9541959
0,0,43,7078519.146366894,9266739.616768112,9525618
0,0,44,7099866.10100352,9279122.382554278,9508804
0,0,45,7128621.631754921,9460311.241372928,9492060
0,0,46,7150640.056869864,9492849.192353655,9474961
0,0,47,7177405.983754709,9564930.212317346,9457587
0,0,48,7198667.438573712,9479319.090105234,9439926
0,0,49,7227758.258290974,9654721.622135073,9422393
0,0,50,7251240.42919247,9710052.111523543,9404559
0,0,51,7269893.439484641,9539742.427805945,9386247
0,0,52,7301121.347283144,9798979.285155149,9368397
0,0,53,7324308.410940273,9644515.208915673,9350187
0,0,54,7354942.873133882,9837954.724579424,9331858
0,0,55,7382290.851127231,9856804.334468372,9313269
0,0,56,7408397.581809094,9903575.330286341,9294570
0,0,57,7435252.213487683,9902311.053995451,9275477
0,0,58,7465641.590998038,9983503.99351172,9256214
0,0,59,7492505.134425188,9995022.105428444,9236663
0,0,60,7525350.655466938,10110413.40512436,9217137
0,0,61,7553343.356054129,10131118.55126126,9197196
0,0,62,7583064.904517841,10140564.09537196,9176984
0,0,63,7614045.185074279,10212779.75372411,9156656
0,0,64,7646537.12669016,10268315.42071859,9136146
0,0,65,7681701.174436247,10351384.43223357,9115760
0,0,66,7713622.39618009,10326364.96688368,9095120
0,0,67,7749556.006373495,10502234.30004727,9074323
0,0,68,7783598.902530089,10506121.2653308,9053358
0,0,69,7816336.300681492,10598953.90380203,9031976
0,0,70,7840727.713830494,10685148.92864741,9010719
0,0,71,7853168.39981812,10640266.13921734,8989140
0,0,72,7873306.687662741,10774004.70185909,8966855
0,0,73,7911104.120876484,10800642.80043298,8944876
0,0,74,7961928.465167437,10777572.7079101,8922799
0,0,75,8025253.380947114,10978261.78569958,8900326
0,0,76,8086322.029331557,11041696.19261959,8877537
0,0,77,8146470.596361725,11142488.55188492,8854663
0,0,78,8211279.046597437,11365383.87696335,8831558
0,0,79,8272687.289189544,11463330.1628324,8808167
0,0,80,8334107.91687718,11614810.46760887,8784978
0,0,81,8391277.172616689,11771639.45833638,8761030
0,0,82,8443724.303811943,11815102.81024088,8737129
0,0,83,8493686.152285714,11881405.89841822,8712836
0,0,84,8545305.850067135,12106227.31261443,8688768
0,0,85,8588223.933205929,12158437.08849229,8664129
0,0,86,8632219.31858195,12187529.53034951,8639561
0,0,87,8676848.447014997,12288216.84722922,8614439
0,0,88,8727534.023574751,12426277.12740831,8588870
0,0,89,8784671.490381125,12561842.41632471,8563605
0,0,90,8847878.966273984,12796257.50432622,8537660
0,0,91,8915206.761839025,12879681.64979614,8511588
0,0,92,8991093.523849487,13061181.69463127,8485439
0,0,93,9077889.721022401,13266469.56602576,8459108
0,0,94,9175678.26095885,13567792.5785901,8432042
0,0,95,9279789.464117944,13771760.65422711,8404917
0,0,96,9395016.439137477,14068851.49336511,8377573
0,0,97,9516870.217884509,14367052.71106846,8349807
0,0,98,9649275.510666866,14749151.73212153,8321489
0,0,99,9784602.440970683,15089731.31955837,8292756
0,0,100,9921066.228247795,15461539.78332688,8263812
0,0,101,10060090.50161449,15827195.13634357,8234410
0,0,102,10199631.89247772,16239191.33992324,8204915
0,0,103,10337551.81516705,16630783.74819835,8174686
0,0,104,10481568.75810159,17059830.74520603,8144423
0,0,105,10633785.42019191,17571431.86757686,8113255
0,0,106,10796579.93584401,17967429.93326173,8081323
0,0,107,10992391.19142336,18734890.74310056,8049245
0,0,108,11217591.74758361,19674314.52914152,8016377
0,0,109,11467293.40514927,20679207.36872917,7982600
0,0,110,11737077.77502427,21616424.59872339,7947485
0,0,111,12024942.70954833,22490943.99047456,7911414
0,0,112,12338115.36082674,23472263.4750241,7875042
0,0,113,12669808.25348165,24492549.33411776,7837649
0,0,114,13039544.33391915,25746303.17348865,7799749
0,0,115,13456531.72493213,27190420.0293109,7760802
0,0,116,13951019.54185098,29063726.15352417,7720791
0,0,117,14535719.85672132,31326040.11540968,7679073
0,0,118,15242015.07643246,34368129.6794992,7635398
0,0,119,16092411.50234165,38405044.41439044,7588441
0,0,120,17130716.75590384,43589711.06310251,7535606
0,0,121,18469327.50167514,51042687.38820387,7475360
0,0,122,20262797.23290139,62160764.02302103,7398444
0,0,123,22786009.33170085,80541634.53219934,7288218
0,0,124,26120229.5364948,110260268.6771919,7081142
0,0,125,28838432.09755451,144130102.1937689,6583965
0,0,126,27326355.47184036,153815251.621952,5474250
0,0,127,19462982.76370344,116400110.9698444,3669112
0,0,128,9329497.284935985,56524251.57522565,1771442
0,0,129,2772062.222939803,16451662.56008473,559761
0,0,130,481892.0007411886,2733467.366124129,111733
0,0,131,50832.58758294623,271264.7045470085,19409
0,0,132,7084.824326805236,35865.60760274932,8984
0,0,133,4788.268772667267,24998.8054361099,7915
0,0,134,4705.669058961341,22640.01074514944,7635
0,0,135,4727.509899769841,23408.90186357404,7391
0,0,136,4584.472140799367,24078.85443606958,7057
0,0,137,4399.108256299653,22918.83751903857,6742
0,0,138,4294.001275246244,24303.58027293113,6517
0,0,139,4052.837741484977,21444.28676552232,6280
0,0,140,4030.926165287879,22138.23009795649,6126
0,0,141,3619.864733125166,17836.82391877278,5907
0,0,142,3692.348664195789,20286.60483999729,5788
0,0,143,3554.270438336003,18236.37125373229,5461
0,0,144,3644.625493348857,19880.92909596836,5510
0,0,145,3644.548251765902,18349.92675650306,5243
0,0,146,3498.851888839434,18964.64102532619,5291
0,0,147,3483.980145203145,19768.37077848031,5058
0,0,148,3414.501096744757,20170.90481991564,4862
0,0,149,3056.864970635819,15757.32082054757,4723
0,0,150,2917.158868940667,15011.76878217182,4512
0,0,151,2920.9888885943,15526.22991581763,4446
0,0,152,2872.912465202875,15156.36488141962,4276
0,0,153,2816.851273811807,14871.42253710257,4302
0,0,154,2957.844926099458,17487.10911650117,4150
0,0,155,2868.973518050333,16049.47802608084,4034
0,0,156,2688.166003260973,14699.31321357773,3905
0,0,157,2703.479766291545,16698.31513782052,3928
0,0,158,2564.71302322647,13332.6131656868,3731
0,0,159,2368.281852903356,13450.63875488539,3546
0,0,160,2320.780319755558,13332.58048808184,3505
0,0,161,2499.37960306016,16460.52018019265,3402
0,0,162,2278.365909873173,12756.54106805587,3307
0,0,163,2262.858669198446,12495.01623705325,3349
0,0,164,2212.645965027572,12079.116144629,3177
0,0,165,2171.818193139416,11512.07966281052,3226
0,0,166,2175.82818030636,12137.62925972904,3011
0,0,167,1989.617006423975,9861.535060152864,3045
0,0,168,1888.892800955383,9149.650111049386,2869
0,0,169,1982.00664024647,11445.83969083427,2954
0,0,170,2040.15176506901,11711.75185302863,2921
0,0,171,1850.47201272264,9626.507739895611,2802
0,0,172,2039.835867787974,13336.24095075981,2682
0,0,173,1829.194841535131,9393.250447575812,2689
0,0,174,1883.664571223077,10012.73592063851,2665
0,0,175,1743.534962451361,8779.538037593265,2522
0,0,176,1684.033125682273,9344.805392785964,2508
0,0,177,1589.492687257388,7484.524110082983,2474
0,0,178,1582.744268713373,8793.532472457653,2459
0,0,179,1404.613373124033,6728.738100100959,2343
0,0,180,1534.670135001058,9615.528876068125,2315
0,0,181,1451.408873335622,6927.80415593412,2218
0,0,182,1502.785199124827,8091.336228394423,2185
0,0,183,1478.38679485969,9099.435204895952,2156
0,0,184,1500.725744608174,9940.839012913548,2059
0,0,185,1402.28222050957,7493.402261334822,2052
0,0,186,1551.738641504705,12909.8106743223,2024
0,0,187,1345.706259205942,8401.557634104502,1934
0,0,188,1287.089769518772,6696.725503031407,1929
0,0,189,1459.682376374285,8507.107878698451,1940
0,0,190,1279.486590068518,7318.670182255459,1882
0,0,191,1176.631113890735,5852.679630349514,1788
0,0,192,1205.296424680923,6404.881611096944,1759
0,0,193,1280.16980855372,12291.42337287221,1767
0,0,194,1190.518569722431,7422.784325087653,1701
0,0,195,1107.171066019414,5544.515784254139,1727
0,0,196,1153.999083963429,6159.208749312066,1671
0,0,197,1182.322180074514,6419.100666623379,1656
0,0,198,1373.135458188483,9122.130958297152,1599
0,0,199,1310.996618998022,9045.765720336614,1623
0,0,200,1174.885336660721,6453.992205797758,1538
0,0,201,1112.123638197185,6180.377127287287,1553
0,0,202,1151.151187725882,6359.484554063613,1512
0,0,203,1187.738303966014,6843.253103361588,1511
0,0,204,1077.757120917664,6376.926700037313,1448
0,0,205,969.6015701386459,4879.942429371881,1427
0,0,206,1039.35893438193,5213.070055129315,1454
0,0,207,822.5883840667607,3079.125430375904,1405
0,0,208,1004.797918341365,5599.28154553845,1355
0,0,209,914.7684167117334,3888.283063264758,1356
0,0,210,986.5783657359789,4721.844538176254,1339
0,0,211,1067.997887755818,6306.142280945623,1301
0,0,212,980.2808548195059,6401.241385709069,1309
0,0,213,976.8956104026995,5181.109817829401,1261
0,0,214,1139.463178071587,8566.680701376967,1255
0,0,215,920.1432897213408,4258.744115448755,1276
0,0,216,986.4216482680292,4899.264683260787,1171
0,0,217,996.0443684641652,7238.395742119204,1163
0,0,218,946.4508543400502,5629.312797508995,1198
0,0,219,838.9102042924603,4491.10998374554,1155
0,0,220,777.8526253420123,4228.469137878015,1103
0,0,221,700.4366493184883,3622.867301979041,1129
0,0,222,923.1702535780914,6804.008804722873,1197
0,0,223,803.516004289735,5599.400486805813,1079
0,0,224,694.7758708925721,3111.018457788022,1051
0,0,225,705.90263492087,3312.589525615515,1098
0,0,226,854.0512910925505,5482.749489259325,1063
0,0,227,705.6002678338648,3569.022939079316,1046
0,0,228,654.1810471992238,2619.423549552233,1029
0,0,229,715.1360584259668,3964.305772783461,1031
0,0,230,701.0490431230221,2997.120741449251,1059
0,0,231,755.1659890756232,3916.350152627303,1037
0,0,232,728.0207467937582,3147.701203680657,1018
0,0,233,764.7895377399974,4138.068723713342,1032
0,0,234,700.0220026351229,3966.128257796325,1011
0,0,235,681.9961601478212,3789.857818628273,975
0,0,236,742.8513392052628,3700.14967619682,976
0,0,237,755.8738624698018,4464.459736339046,997
0,0,238,664.9499296640658,2891.556202157261,993
0,0,239,638.0220137782845,2645.460532983008,924
0,0,240,576.0598142557687,2094.120715493226,944
0,0,241,594.9927372040686,2473.419390057607,904
0,0,242,662.9551639620846,3702.722354659169,888
0,0,243,700.5273427502291,3422.803264672707,943
0,0,244,598.486501000601,2943.462419219529,876
0,0,245,630.5392520105726,3077.096635514395,884
0,0,246,731.3716802834269,5973.491500947761,858
0,0,247,624.1288263950098,3504.341588552906,830
0,0,248,684.4224083821741,4441.651376604766,809
0,0,249,531.5374408614109,2165.654035262677,776
0,0,250,623.5455494898038,4155.709256977741,815
0,0,251,577.7903514047705,2693.110035036167,783
0,0,252,563.292770295325,2830.654094908976,794
0,0,253,518.1153590315,3032.61190824949,770
0,0,254,582.3114847827409,3055.854969505248,735
0,0,255,546.2283421669397,2378.075848219622,731
0,0,256,618.1227088680205,4231.494996779469,786
0,0,257,573.8820482396754,3022.49465675245,726
0,0,258,516.7212207690477,2416.369640912214,712
0,0,259,510.1457420725289,2224.883700227361,693
0,0,260,575.8558893291608,2713.113210274732,734
0,0,261,509.5667928139777,2007.130361113096,709
0,0,262,640.5430456902423,4610.692596103114,695
0,0,263,527.8078214460263,2447.645623735988,728
0,0,264,472.8018576635336,2379.765812434899,691
0,0,265,437.2128788589902,1735.887367812971,660
0,0,266,487.1957024476433,2682.944128250735,626
0,0,267,500.4004179143433,2591.322360478481,616
0,0,268,422.8419126163631,2236.529930118105,626
0,0,269,454.0060642152465,3978.65442776929,634
0,0,270,439.9756130957137,2240.354294828369,633
0,0,271,431.5707836628907,2681.139965644231,623
0,0,272,403.5091810028818,1595.914383101436,603
0,0,273,401.4883998304744,1770.623875797894,591
0,0,274,384.3521277398564,1612.960343539744,578
0,0,275,393.924816328199,3059.645540873211,594
0,0,276,391.1756001777802,2087.221946247283,563
0,0,277,448.7102199394796,2166.436216659656,608
0,0,278,454.3971606872901,2320.420866234861,616
0,0,279,406.0749930387483,2106.268136484967,581
0,0,280,415.0880554378316,1954.823092778255,589
0,0,281,402.961205039411,2767.167635308298,576
0,0,282,401.6224702206942,2091.280009401534,589
0,0,283,468.4811197586049,3729.568088101021,568
0,0,284,435.9102600566926,2602.131366563187,563
0,0,285,402.6191364914968,1775.118747408656,564
0,0,286,535.2895665042372,4170.544015351281,552
0,0,287,375.042220902023,1486.76132369786,550
0,0,288,396.4819494743628,1854.357173750533,565
0,0,289,363.5205481943943,1857.945431496824,521
0,0,290,358.140146933953,1500.627064870599,504
0,0,291,389.1603374874198,1909.656482615118,533
0,0,292,379.8563587277005,1838.702638386938,529
0,0,293,409.9536427215224,2565.655085328284,544
0,0,294,401.8988779427521,2158.314209324937,509
0,0,295,418.3715028062049,2253.902358876618,509
0,0,296,415.7348524998867,1917.292020039364,532
0,0,297,386.5086605972286,1980.433888740939,486
0,0,298,321.7692289726251,1173.468121949201,498
0,0,299,388.1303363050071,3245.257790693747,725
