# mesh name: boxMesh_1
# primitive scorer name: doseScorer
# iX, iY, iZ, total(value) [MeV], total(val^2), entry
0,0,0,5938432.924193541,6797411.516126257,10000000
0,0,1,6002657.888847562,7404658.410616632,9998428
0,0,2,6037207.857531919,7386430.69737344,9995330
0,0,3,6068458.148891212,7485074.785897452,9991407
0,0,4,6100293.337804856,7691421.30071502,9986813
0,0,5,6123823.497725657,7721159.265746892,9981532
0,0,6,6151964.270448439,7862533.998933248,9975863
0,0,7,6175795.002605366,7819197.045196684,9969724
0,0,8,6204599.234866268,8053539.140913512,9962992
0,0,9,6224479.42729719,8030956.003902831,9955945
0,0,10,6247810.752690534,8153363.252255375,9948456
0,0,11,6268600.644878622,8170703.382441934,9940548
0,0,12,6287301.893524157,8211460.503898306,9932047
0,0,13,6307471.583843585,8261953.835844204,9923374
0,0,14,6326475.174189366,8240958.433221593,9914334
0,0,15,6346884.872682966,8235430.200574941,9904992
0,0,16,6369385.951084092,8438095.008839706,9895429
0,0,17,6383923.194757054,8380770.716145492,9885519
0,0,18,6404553.855644695,8434772.440909533,9875523
0,0,19,6419699.533666726,8390825.516521629,9864914
0,0,20,6439679.246146936,8484632.367140897,9854035
0,0,21,6455020.383479079,8389922.273239119,9842933
0,0,22,6470860.876186972,8444495.162803093,9831415
0,0,23,6490454.371084638,8466540.881598812,9819780
0,0,24,6512375.79334899,8677611.232431667,9808082
0,0,25,6527488.226029051,8595650.998896753,9795876
0,0,26,6547646.525150644,8677896.545587936,9783574
0,0,27,6563438.473360187,8673649.549572051,9771034
0,0,28,6579667.662139683,8627552.145449596,9758080
0,0,29,6603230.794078685,8819206.912666453,9744889
0,0,30,6617628.614981383,8712785.312607663,9731478
0,0,31,6639636.977848388,8858804.987145908,9717996
0,0,32,6656398.380195037,8825739.341192607,9703975
0,0,33,6674543.015252212,8873191.869276565,9690022
0,0,34,6690423.869375184,8799911.80184209,9675731
0,0,35,6711188.345775759,8823008.634729505,9661466
0,0,36,6731277.488694318,8932229.614220429,9646637
0,0,37,6752811.146363435,8961260.88726062,9631961
0,0,38,6767170.451047326,8836551.595703986,9617035
0,0,39,6790664.437445409,9003136.582204185,9601725
0,0,40,6807156.966317634,8926473.170112874,9586254
0,0,41,6829968.070978269,9026949.633047009,9570462
0,0,42,6849743.670270654,9074534.062796537,9554960
0,0,43,6868225.7792163,9031844.739168918,9538967
0,0,44,6888046.852467533,9065100.049392978,9522931
0,0,45,6909948.058257374,9089592.719732089,9506776
0,0,46,6929702.048044279,9154825.640762791,9490260
0,0,47,6955981.87309939,9292605.036243418,9473657
0,0,48,6976261.45953033,9222990.201339034,9456849
0,0,49,6999557.794122831,9300675.738059321,9439609
0,0,50,7020474.094949374,9319598.246365108,9422549
0,0,51,7040533.863922702,9336707.263638293,9405040
0,0,52,7063278.406557806,9409723.532774478,9387278
0,0,53,7086369.016143546,9383711.687058575,9369404
0,0,54,7112335.991984408,9517315.387461159,9351615
0,0,55,7132740.326639312,9427892.046213822,9333661
0,0,56,7159702.584033226,9567837.47816084,9315460
0,0,57,7181931.208623368,9576542.656691911,9296945
0,0,58,7205721.805902699,9614905.958573394,9278396
0,0,59,7230983.597945651,9648389.041126361,9259749
0,0,60,7256091.685621312,9705591.005226612,9240749
0,0,61,7280942.144953419,9714085.26237054,9221448
0,0,62,7306345.503601164,9760827.993949451,9202249
0,0,63,7331890.096466383,9796259.537053898,9182853
0,0,64,7359025.685564028,9862290.125299692,9163367
0,0,65,7385528.129982433,9832839.88947333,9143793
0,0,66,7412028.742252771,9844280.528254312,9123870
0,0,67,7443767.85222733,9998867.105361456,9103714
0,0,68,7474490.400277712,10051799.32225876,9083616
0,0,69,7500915.578855081,10015874.99817707,9062861
0,0,70,7534040.177366264,10193757.63714739,9042545
0,0,71,7565333.023863418,10196879.99268539,9021758
0,0,72,7598875.224918941,10266858.95225212,9000765
0,0,73,7629387.833247104,10281232.48538711,8979714
0,0,74,7663624.329441669,10371762.59960566,8958630
0,0,75,7698160.041112803,10475715.53422788,8937076
0,0,76,7729292.725803544,10533914.47355198,8915958
0,0,77,7747596.351389112,10567342.10430685,8893882
0,0,78,7761117.405494502,10643577.9394989,8871922
0,0,79,7781488.996707392,10579024.96389858,8849655
0,0,80,7824629.254864291,10712588.19612313,8827114
0,0,81,7877304.138802996,10745289.00065356,8804976
0,0,82,7934766.40510524,10847405.1987257,8782118
0,0,83,7996388.895819564,11008853.09787885,8759034
0,0,84,8055213.540586381,11122630.18620894,8736138
0,0,85,8119154.9463262,11300307.17967766,8712768
0,0,86,8177885.196650714,11370786.56668251,8689462
0,0,87,8235018.593858367,11483421.6292652,8665542
0,0,88,8286567.845796186,11475915.21078739,8641420
0,0,89,8345374.267388768,11767408.4643936,8617469
0,0,90,8393462.672761444,11840185.70276784,8593327
0,0,91,8438870.144794108,11921443.96144187,8568962
0,0,92,8482485.99434435,11980475.21690471,8544133
0,0,93,8526745.451278685,12085569.11690964,8519096
0,0,94,8572977.106065048,12224083.35664575,8494110
0,0,95,8623426.270181682,12303379.18302651,8468761
0,0,96,8677564.799060434,12459610.12843395,8443209
0,0,97,8737754.784484528,12574282.050875,8417243
0,0,98,8808865.858475136,12758604.24851545,8391355
0,0,99,8886693.205166446,12962982.86734303,8365168
0,0,100,8973035.320630401,13156465.95280602,8338594
0,0,101,9066456.282742368,13362545.48782909,8311654
0,0,102,9172535.702408452,13613408.7881264,8284605
0,0,103,9286944.092146061,13959684.86718634,8257009
0,0,104,9404990.68157297,14166923.61625344,8229189
0,0,105,9533906.913728142,14516662.1386805,8200817
0,0,106,9671070.374262201,14951802.01861733,8172425
0,0,107,9802692.912292048,15179559.98565926,8143396
0,0,108,9942395.217890874,15665747.18783699,8114014
0,0,109,10082527.864523,16107127.16811221,8084398
0,0,110,10216984.32369137,16438476.10944889,8054360
0,0,111,10361734.9312648,16951481.33956709,8024033
0,0,112,10509183.35758375,17334714.44002978,7992173
0,0,113,10680561.03554081,17934078.15674968,7960887
0,0,114,10878286.73439193,18724904.29457834,7928565
0,0,115,11102384.47859908,19618217.13216603,7895642
0,0,116,11348572.86951645,20519246.37068935,7861748
0,0,117,11620738.45335,21482811.43957566,7826983
0,0,118,11909341.062492,22384873.66829927,7791166
0,0,119,12219461.94830388,23359996.24562892,7754841
0,0,120,12554207.84388061,24432248.14693292,7717529
0,0,121,12920214.96858041,25592059.9380183,7679370
0,0,122,13346065.4420464,27117772.47312763,7640602
0,0,123,13845172.57568874,28968684.44441055,7600615
0,0,124,14446302.02678347,31412082.8559469,7558795
0,0,125,15169881.64837615,34638057.46657805,7515425
0,0,126,16035427.41353988,38728425.33462755,7467558
0,0,127,17115616.97051736,44385923.46233571,7413860
0,0,128,18503788.40888176,52231759.07979286,7349958
0,0,129,20391675.47390446,64452978.69884685,7267864
0,0,130,23009879.09345601,84515892.60120763,7141236
0,0,131,26157677.57553782,114305631.2500271,6884439
0,0,132,28044600.74685688,142947548.5622416,6285940
0,0,133,25423937.20756836,143885880.5638717,5073217
0,0,134,17420045.17329399,104018852.7253963,3297623
0,0,135,8213264.468590286,49624194.1861738,1566416
0,0,136,2496988.986064915,14839552.78804236,502839
0,0,137,467260.3532048677,2667151.06172545,107147
0,0,138,53809.81234319007,293439.0452469283,19731
0,0,139,7557.402544766305,36603.42557214996,8890
0,0,140,4756.250846977844,23115.14763916691,7801
0,0,141,4690.309144666493,24449.57211639032,7471
0,0,142,4519.754366147557,23361.09634962388,7154
0,0,143,4251.442154731205,21041.3981716972,6868
0,0,144,4471.188013169642,24541.57389895099,6834
0,0,145,4358.888412916309,23316.47545671584,6518
0,0,146,4220.432058697015,24581.75451699691,6338
0,0,147,4118.513913075483,23350.20589232427,6094
0,0,148,4094.767612888967,23459.93438864468,5895
0,0,149,3749.726213709312,20175.35849454076,5787
0,0,150,3775.24672510719,18923.95168071786,5535
0,0,151,3701.071475388511,21352.41126722339,5360
0,0,152,3495.076284303198,20676.15807232568,5160
0,0,153,3400.159499861792,18480.32449109398,5049
0,0,154,3494.092995142691,20915.8718401562,4913
0,0,155,3387.910439084095,18126.51712602371,4868
0,0,156,3285.846134725351,20924.14372409646,4609
0,0,157,3092.597839399213,16894.668921976,4638
0,0,158,3129.59465513624,18379.4090364455,4476
0,0,159,3024.130100243508,18226.18571269684,4316
0,0,160,2923.355689342846,16740.10368500334,4209
0,0,161,2823.818792707221,14095.65690767812,4122
0,0,162,2883.506196444984,16538.01020563373,3996
0,0,163,2879.013108107464,17987.992451027,3884
0,0,164,2647.454607145978,13325.39135318609,3828
0,0,165,2503.513974021496,11724.6337956285,3698
0,0,166,2695.245092682305,15167.79119703858,3580
0,0,167,2591.888590246911,14594.80235076441,3510
0,0,168,2585.221172466092,14751.5770813957,3333
0,0,169,2357.022146457567,13276.64093274063,3451
0,0,170,2395.103228009907,13445.60512167333,3268
0,0,171,2311.346565064645,13103.26647166763,3179
0,0,172,2127.23757950147,10887.66048294773,3164
0,0,173,2099.054367060554,11217.58886049377,3041
0,0,174,2085.929361211262,10603.60679625128,3094
0,0,175,2292.787425183303,16200.69318822089,2961
0,0,176,2074.456336460099,10730.35249143723,2899
0,0,177,1926.861986134706,9990.592819556219,2800
0,0,178,1828.330261898508,8427.195486884462,2742
0,0,179,2019.061500508784,11278.70537792079,2731
0,0,180,1738.742531217888,8929.461710840333,2644
0,0,181,1790.917036279984,10571.60728809529,2565
0,0,182,1876.027963744395,10405.32214909176,2516
0,0,183,1819.74483860672,10473.04958183672,2427
0,0,184,1653.985007841856,8533.842685379654,2386
0,0,185,1608.502476122935,9175.629684915806,2333
0,0,186,1576.355919230227,9643.494525891936,2313
0,0,187,1606.504336827604,9254.104789158446,2206
0,0,188,1553.035820117424,8746.94689218717,2186
0,0,189,1549.024554565205,9425.391490730291,2175
0,0,190,1534.030648874671,9797.556298231884,2156
0,0,191,1544.560801594022,9074.081339044213,2112
0,0,192,1502.746963881508,8148.219934244391,2053
0,0,193,1397.590430384005,7767.109867509683,1987
0,0,194,1381.885092101454,7312.713023327417,1955
0,0,195,1332.024064537395,6457.427466443323,1954
0,0,196,1433.292325027002,10981.17717319559,1876
0,0,197,1492.569093004458,8273.35594758546,1855
0,0,198,1362.430449488705,6929.613281697447,1915
0,0,199,1324.461884003754,6722.949665528836,1821
0,0,200,1357.42409679191,7111.522788937803,1798
0,0,201,1335.077019985731,7121.9747290665,1752
0,0,202,1354.064916894861,7572.635198822272,1755
0,0,203,1430.976698116863,7759.515162810027,1766
0,0,204,1258.927773991267,7908.920848638716,1667
0,0,205,1316.676205920944,7361.416284221537,1647
0,0,206,1262.446179088933,8444.537533846269,1604
0,0,207,1202.062787644207,6982.625263458203,1626
0,0,208,1252.193816608288,7431.323245956874,1601
0,0,209,1206.771766189086,6998.820462051059,1613
0,0,210,1081.037636226087,5820.2412930849,1512
0,0,211,1063.535725326888,5129.243814073579,1544
0,0,212,1262.45843006768,7372.21843834834,1501
0,0,213,1125.11587438286,6508.925468426951,1482
0,0,214,1010.202487864823,5889.595453535556,1470
0,0,215,1076.036301567931,6232.405182571209,1470
0,0,216,955.6631590449176,4646.401255048019,1414
0,0,217,1075.761099844294,6220.445272970601,1387
0,0,218,1099.773869194903,5511.0669207758,1410
0,0,219,1059.940504913603,5539.318467604722,1345
0,0,220,1022.207669788618,4815.175578671964,1348
0,0,221,1066.706156530599,6474.967694660319,1300
0,0,222,921.90748148838,4694.166825266727,1275
0,0,223,1020.60817741405,7616.962634012494,1309
0,0,224,1035.026946672599,6336.712955412816,1277
0,0,225,1030.626093920948,5736.70931117952,1258
0,0,226,819.5991954870404,4008.102828537555,1196
0,0,227,939.3682387187805,5317.908701065046,1207
0,0,228,908.799376631008,4678.422470290772,1206
0,0,229,1008.172355271693,5229.206573577125,1200
0,0,230,877.4499448765098,4129.894581528993,1160
0,0,231,863.3738280239072,4274.034141812097,1141
0,0,232,859.309192537941,5346.361407831148,1208
0,0,233,919.3662356848515,4675.802362173941,1138
0,0,234,807.6759409828366,3579.412200407462,1118
0,0,235,724.1964740980972,3399.916696424134,1023
0,0,236,773.4300262007297,3817.083934307076,1098
0,0,237,734.8876595880962,3335.312573067808,1029
0,0,238,757.5770556870568,3677.313198709453,1009
0,0,239,826.6106638144699,5259.477357869057,1012
0,0,240,806.4035488704212,4713.444568603534,983
0,0,241,791.4110344497288,6025.649434062028,1010
0,0,242,771.5657723997899,4917.551541065135,1016
0,0,243,762.0519321483636,3934.081404798065,962
0,0,244,690.2721806134963,4137.974736251698,940
0,0,245,724.2951475309345,3609.601870080839,940
0,0,246,804.132167598841,5213.308934830794,967
0,0,247,687.2879533908763,3173.242212327066,953
0,0,248,616.0636842640087,2564.429149130021,897
0,0,249,726.488224282796,4138.780880321904,927
0,0,250,742.9515012681941,4649.540887929489,917
0,0,251,680.4794019080272,3454.555676723433,916
0,0,252,707.3558042460462,3709.582320361535,938
0,0,253,707.8006305065563,3542.040274499816,901
0,0,254,617.8429676298967,3053.436870899873,861
0,0,255,729.4902839189175,5132.065468103926,867
0,0,256,615.5243761619012,2958.867437615906,822
0,0,257,673.2107223563811,3617.94411699488,839
0,0,258,720.6602443280119,3492.687178412591,867
0,0,259,726.0488795337199,3776.182298534218,842
0,0,260,623.397585600246,2875.346570327189,847
0,0,261,571.4724903091126,2418.225604941927,803
0,0,262,598.2768946250803,3161.864886355369,822
0,0,263,544.9058117446564,2549.85786204093,821
0,0,264,518.1591870634992,2023.816761696404,770
0,0,265,615.6448445921069,3645.891451073227,788
0,0,266,519.94621344421,2230.146906748337,762
0,0,267,483.1126328890286,1692.917824003833,768
0,0,268,507.0183532033946,2002.405949093159,753
0,0,269,547.9203668365244,2491.54524067386,783
0,0,270,579.6956377232718,3377.552952993148,754
0,0,271,607.7484708605191,3862.929115019802,722
0,0,272,559.3184668305273,2386.873096576353,735
0,0,273,506.3681301719325,1939.747967800235,766
0,0,274,561.603667414925,2727.093733702377,725
0,0,275,489.1462076623187,2551.277691749394,680
0,0,276,565.9400042542519,3166.784830016112,710
0,0,277,584.3120579887568,2877.50198272779,776
0,0,278,483.8609185532837,2222.534041305408,670
0,0,279,588.708721033114,3132.766744720958,702
0,0,280,499.0513278893002,1923.760192391358,673
0,0,281,488.6231995344285,1941.253620953783,642
0,0,282,492.6301922799764,2565.990390814566,663
0,0,283,519.2451701190547,2692.20207560238,687
0,0,284,490.7188581712589,2184.898198646908,649
0,0,285,603.5648559837033,4176.183078322567,668
0,0,286,527.8074665337133,2919.045070177172,622
0,0,287,448.7382213565368,1681.778253443354,623
0,0,288,442.2062459155464,2425.110025839974,636
0,0,289,453.5563702684593,2183.227553627236,589
0,0,290,422.938157463919,1762.211779226849,639
0,0,291,475.0857207535884,4210.498421306432,603
0,0,292,422.2380076936277,1848.489153895766,600
0,0,293,451.0240231105338,2756.651828260654,596
0,0,294,355.8598733009823,1725.734347041367,573
0,0,295,441.6160420853348,2193.441540519665,575
0,0,296,493.9862150012469,6471.262909816942,579
0,0,297,426.3425413014639,2377.338854962129,541
0,0,298,419.1870858034883,2690.319416450335,536
0,0,299,433.0416011000469,2250.66063846229,779
