# mesh name: boxMesh_1
# primitive scorer name: doseScorer
# iX, iY, iZ, total(value) [MeV], total(val^2), entry
0,0,0,5877766.711384937,6680613.90807276,10000000
0,0,1,5941693.054728289,7276936.69097108,9998462
0,0,2,5977686.399311558,7329500.111477888,9995398
0,0,3,6008088.01202265,7436049.687243467,9991480
0,0,4,6039409.322834529,7625132.871097078,9986933
0,0,5,6063204.665732305,7685861.808089085,9981796
0,0,6,6091330.72152523,7827449.467867071,9976201
0,0,7,6113949.635384521,7793168.089867925,9970067
0,0,8,6141389.948809614,8003200.865448853,9963539
0,0,9,6161283.856847811,7994230.254979879,9956467
0,0,10,6182454.623166575,8067836.384393862,9949227
0,0,11,6200957.292930667,8047362.494183349,9941350
0,0,12,6218922.564922928,8032147.112100167,9932915
0,0,13,6238596.702533725,8155258.23789549,9924430
0,0,14,6257646.677364459,8147972.26173657,9915418
0,0,15,6278565.148072593,8218797.263777897,9906353
0,0,16,6300043.099582296,8321674.486261098,9896867
0,0,17,6312781.105199429,8257662.257070586,9887082
0,0,18,6333632.264989755,8358834.928356452,9877068
0,0,19,6348774.260096045,8302333.386767559,9866931
0,0,20,6364174.178164748,8309771.248666847,9856092
0,0,21,6382465.581937755,8369664.632934535,9845110
0,0,22,6397390.309924696,8293133.541160238,9833835
0,0,23,6416832.487463182,8427921.827330077,9822350
0,0,24,6438221.14613598,8631302.366584297,9810807
0,0,25,6451208.920837303,8520112.808194684,9798728
0,0,26,6468071.899435141,8560358.370295228,9786560
0,0,27,6483883.68942569,8534927.097465683,9774000
0,0,28,6500198.956213594,8534226.976825349,9761384
0,0,29,6521541.653205637,8703082.358634919,9748480
0,0,30,6534518.497293179,8549022.739745084,9735407
0,0,31,6554927.68081212,8715384.626421468,9721947
0,0,32,6569418.823764521,8665067.236819938,9708138
0,0,33,6588126.706629791,8802689.13070637,9694379
0,0,34,6604492.96206864,8749297.984414598,9680448
0,0,35,6624355.439434124,8751530.533067295,9666467
0,0,36,6641211.972495255,8763584.699831599,9652018
0,0,37,6660360.633516015,8831454.162626928,9637140
0,0,38,6675923.801619691,8760052.938564299,9622458
0,0,39,6696259.19689403,8893849.456985313,9607166
0,0,40,6714299.886431289,8855694.913560852,9592013
0,0,41,6735867.174550189,8981066.791093813,9576642
0,0,42,6752084.085572277,8971008.689809544,9561105
0,0,43,6772185.754307364,9038447.486255638,9545147
0,0,44,6788313.677478069,8933497.681405963,9529322
0,0,45,6806971.465549165,8904323.05610081,9513456
0,0,46,6826657.1345123,9000354.655147007,9497466
0,0,47,6852054.75462351,9132534.053731345,9481216
0,0,48,6869163.127383495,9051384.185252927,9464547
0,0,49,6890199.486598065,9054483.970186058,9447659
0,0,50,6914034.698374536,9219302.597624816,9430716
0,0,51,6930417.057139065,9141968.443656188,9413591
0,0,52,6953423.04873399,9254472.039814938,9396195
0,0,53,6975824.385003646,9242315.455573298,9378749
0,0,54,7001119.026652825,9439100.873095177,9361280
0,0,55,7018294.835116844,9273354.558152508,9343709
0,0,56,7044161.1539433,9421934.537893452,9325825
0,0,57,7061494.742767365,9350201.375273831,9307550
0,0,58,7087577.594293905,9477871.887607174,9289450
0,0,59,7110686.113271688,9531679.233756486,9270837
0,0,60,7134717.505203458,9551855.002322922,9252558
0,0,61,7156911.915440548,9522575.910034552,9233594
0,0,62,7179381.071131591,9509178.29096812,9214750
0,0,63,7203500.084520556,9596061.529321384,9195672
0,0,64,7227719.730653229,9615456.538244296,9176439
0,0,65,7252608.1722732,9650041.531426683,9157079
0,0,66,7277942.180234938,9726999.586318916,9137436
0,0,67,7307310.530442107,9830865.955369342,9117967
0,0,68,7333523.698179458,9824798.913871435,9098195
0,0,69,7359673.361228142,9846638.896840772,9077813
0,0,70,7389804.068295516,10011706.40040304,9057671
0,0,71,7417071.859442773,9971464.006540457,9037191
0,0,72,7445390.845791593,9970623.363585636,9016850
0,0,73,7478527.00342137,10104439.73623127,8996054
0,0,74,7505902.590499958,10097557.97703884,8975326
0,0,75,7538489.449335182,10201019.25644837,8954294
0,0,76,7570701.52567514,10247459.71258308,8933384
0,0,77,7602136.322935772,10278137.50295658,8912285
0,0,78,7635077.405042792,10360709.43762781,8890471
0,0,79,7668055.712624451,10466762.77972427,8868818
0,0,80,7685314.922834703,10315748.92028119,8846858
0,0,81,7705053.050914113,10451369.49667534,8824739
0,0,82,7720165.397646986,10400851.80842342,8802704
0,0,83,7751719.731035544,10469042.36502638,8780201
0,0,84,7801977.479279499,10677368.93385389,8757846
0,0,85,7856310.815529515,10754872.83935961,8735186
0,0,86,7914943.78426907,10867207.195776,8712346
0,0,87,7974839.928411298,10951609.42647225,8689199
0,0,88,8034009.648511378,11028940.33454353,8666135
0,0,89,8097054.025604431,11265616.4693212,8642597
0,0,90,8153416.791336603,11294900.77359368,8619146
0,0,91,8211912.249357967,11463381.77288382,8595362
0,0,92,8267262.275367142,11617415.70346969,8571523
0,0,93,8316042.948999617,11673363.51028122,8547555
0,0,94,8364664.536350017,11807133.51577841,8523128
0,0,95,8408292.569771614,11898401.62210334,8498579
0,0,96,8451346.552320175,12006343.43864963,8473458
0,0,97,8494942.603090214,12072577.45109175,8448462
0,0,98,8543899.16028906,12216854.47273608,8423173
0,0,99,8593996.546947237,12285777.99586182,8398044
0,0,100,8652050.128542271,12417778.71663757,8372373
0,0,101,8718322.967084402,12604515.89065877,8346466
0,0,102,8788034.417639647,12694826.74228086,8320315
0,0,103,8870812.487544239,12929021.74508115,8293964
0,0,104,8962510.585177165,13225324.77917925,8266984
0,0,105,9057830.486106753,13378256.81250802,8239749
0,0,106,9169995.112463444,13740795.94487176,8212478
0,0,107,9285611.825271852,13991015.09453264,8184821
0,0,108,9411814.230916344,14345945.67265216,8156775
0,0,109,9538767.229386531,14654140.27466004,8128405
0,0,110,9675344.607751094,15043651.28325035,8099480
0,0,111,9808848.298403755,15349097.57022255,8070383
0,0,112,9947502.535493298,15787350.43197121,8041231
0,0,113,10083933.51269006,16199247.40187807,8011162
0,0,114,10217558.13101665,16509085.87197935,7980849
0,0,115,10369305.39445925,17078161.48532467,7950244
0,0,116,10527528.53900536,17549978.57838161,7919112
0,0,117,10707087.35581008,18181652.20715728,7887434
0,0,118,10913139.20127692,18963511.75359321,7854914
0,0,119,11151243.28565178,19965173.64976825,7821439
0,0,120,11410108.95248399,20893428.69439957,7787263
0,0,121,11688145.37914368,21844173.80128037,7751741
0,0,122,11981642.4869609,22670868.48581623,7715764
0,0,123,12305992.00851036,23770766.91986191,7679111
0,0,124,12650321.12717686,24810758.53886912,7641483
0,0,125,13046102.97713468,26203226.66136303,7603289
0,0,126,13510824.9593978,27937259.37196588,7564629
0,0,127,14059726.03730321,30071830.73553823,7524338
0,0,128,14719140.07843232,32906891.87383642,7481878
0,0,129,15510297.68281447,36557645.68030474,7436083
0,0,130,16469058.82361634,41269860.59060882,7385287
0,0,131,17692911.57420955,47952878.21735859,7326535
0,0,132,19317591.88203013,57865150.6538341,7254007
0,0,133,21559539.97625916,73838105.06392886,7151240
0,0,134,24484559.31400203,98943039.33309464,6967210
0,0,135,27145827.68725038,129330041.0132063,6552088
0,0,136,26884469.73014946,145334599.0407113,5652313
0,0,137,21335880.21609665,124431413.1012058,4128529
0,0,138,12335123.82133009,74280692.26893075,2332613
0,0,139,4822236.904348888,28999912.83615319,937323
0,0,140,1210083.241601794,7091325.630253552,254258
0,0,141,188902.2798146,1054145.207465409,49208
0,0,142,21025.10830659764,111530.3902580418,12142
0,0,143,5479.33608986349,25405.85348368422,8172
0,0,144,4797.292164910614,23818.13550873004,7639
0,0,145,4706.558804295474,22616.20046171038,7401
0,0,146,4508.645243318841,22831.12751726668,7160
0,0,147,4248.249459937274,21379.44944926936,7000
0,0,148,4187.804632908731,21950.06437284606,6644
0,0,149,4123.216150844718,21386.3710011875,6332
0,0,150,4060.146981283165,21462.34416259278,6285
0,0,151,3867.040075700298,20886.65452754045,6032
0,0,152,4069.884613986403,25141.294508106,5861
0,0,153,3760.543841113149,19783.31511912198,5616
0,0,154,3819.010451326168,19988.45340527486,5481
0,0,155,3717.848571299511,20012.96566207081,5351
0,0,156,3641.976875698836,20873.25286103268,5254
0,0,157,3531.80627025901,21475.55903647104,5038
0,0,158,3314.550001755247,18244.26196522549,4804
0,0,159,3175.364085082444,17114.48580498084,4753
0,0,160,3002.57593241374,15521.87118405148,4501
0,0,161,3004.667543678621,16688.83370697864,4465
0,0,162,2894.493497930508,16670.76834455228,4470
0,0,163,2815.089652211543,13081.36216293567,4260
0,0,164,2836.654319848842,15255.65375170099,4045
0,0,165,2798.851801918061,15390.82643091363,4010
0,0,166,2940.451638354775,17301.27885860758,4005
0,0,167,2770.305419902986,17227.55290107313,3887
0,0,168,2552.342833023474,13399.46915060845,3711
0,0,169,2689.690044431456,15623.82731171835,3834
0,0,170,2423.04839753734,11559.91876754969,3706
0,0,171,2599.884813786267,14746.79150518467,3598
0,0,172,2416.313123033463,13093.04628292849,3483
0,0,173,2461.916283444971,13948.394970938,3403
0,0,174,2212.261379283648,10759.2130603325,3366
0,0,175,2372.094128016887,14134.86507882636,3196
0,0,176,2432.093476915708,13415.51245714039,3202
0,0,177,2398.920175371315,13993.56558908181,3108
0,0,178,2352.566220726407,12234.11161133579,3067
0,0,179,2105.470525315834,10404.09922738097,2897
0,0,180,2068.009284445964,11593.94337428068,2879
0,0,181,1959.234838634123,11553.38849231284,2822
0,0,182,1801.469686256336,8753.974718616135,2751
0,0,183,1798.221424319751,8997.781808002725,2665
0,0,184,1691.881228982291,8566.416795946381,2600
0,0,185,1816.056825597402,11185.93604577638,2540
0,0,186,1689.484091107455,8718.138470512977,2515
0,0,187,1650.421533641853,8364.951905846963,2451
0,0,188,1912.881356055711,13316.54501290178,2392
0,0,189,1755.730809965938,10426.06150737232,2378
0,0,190,1677.332502106688,10061.07192805509,2341
0,0,191,1586.988846802627,9086.699124002424,2207
0,0,192,1541.693095262207,9218.141614831789,2294
0,0,193,1469.41457324309,7738.72338028362,2162
0,0,194,1470.787712733546,9471.4261765377,2145
0,0,195,1516.18411831093,8527.076706290865,2034
0,0,196,1272.537012976483,5606.231267521537,2057
0,0,197,1507.058486210976,8640.251462128484,2091
0,0,198,1507.569707338079,8568.752960344747,2000
0,0,199,1389.116947512419,6943.560696737643,1992
0,0,200,1591.610713242044,11484.29545205887,1945
0,0,201,1356.610569825159,7630.937957782793,1803
0,0,202,1432.042664809527,9555.259613716429,1802
0,0,203,1230.861215745406,5573.706240662978,1813
0,0,204,1284.941126482931,7311.631249541116,1739
0,0,205,1288.468366208197,6919.602433181393,1799
0,0,206,1360.18184142825,7646.945223620807,1760
0,0,207,1170.168429421189,5947.043701243413,1683
0,0,208,1278.255726821566,8249.195127626001,1717
0,0,209,1009.896760673109,4998.717351438709,1604
0,0,210,1044.197520822016,5730.70226705111,1603
0,0,211,1080.123409702326,5936.431728452877,1621
0,0,212,1074.076486072329,5158.427274798572,1550
0,0,213,1103.929462632064,6330.023306978529,1556
0,0,214,1174.12257912542,6559.396555637943,1483
0,0,215,1306.007156068319,8609.845348780875,1448
0,0,216,1218.21092362318,6254.899161676036,1483
0,0,217,1191.866670648018,7936.956007142928,1402
0,0,218,1123.636291416842,7107.842766083061,1463
0,0,219,1073.335786381568,5612.44267448796,1457
0,0,220,1060.917978495284,4911.352109873586,1406
0,0,221,1117.758648654685,6172.877416030754,1429
0,0,222,1069.282653684435,5814.449190021218,1389
0,0,223,1077.036131343355,5992.63907062529,1408
0,0,224,1098.511523224018,7037.546069722752,1381
0,0,225,1021.891058194619,5185.040237108897,1352
0,0,226,1009.113302140067,4854.54750286844,1365
0,0,227,1029.767108488639,5736.88080273318,1332
0,0,228,1110.394572694744,8097.45442902587,1289
0,0,229,981.5257966444372,4797.368324638008,1208
0,0,230,1079.251502158115,7423.498294144256,1229
0,0,231,1016.318951223681,5839.130039377236,1218
0,0,232,878.7305189619183,4093.34918241813,1186
0,0,233,779.2258330126072,3759.144187714257,1139
0,0,234,851.4382275847058,5091.061046412085,1148
0,0,235,887.2718704328505,6837.597424293311,1115
0,0,236,815.6630690432111,4230.653949012685,1092
0,0,237,823.821610421601,5435.931688457194,1070
0,0,238,855.0812921448575,5281.751116531337,1089
0,0,239,871.1079605745153,5640.577738981074,1125
0,0,240,796.5599851284488,3621.496082824519,1067
0,0,241,855.9420811998558,5477.34529632395,1050
0,0,242,702.9418565134122,3136.108414744349,1002
0,0,243,758.1318265346833,4248.186368672801,1019
0,0,244,800.3969739712827,4844.33407347546,998
0,0,245,714.7811031908,4318.842720423581,998
0,0,246,680.3166829524882,3594.268106646221,988
0,0,247,753.3958932918416,4747.359471276302,1020
0,0,248,670.2704398794572,2832.70622456745,933
0,0,249,770.8257856639384,4516.653923779562,972
0,0,250,681.5636889378221,3243.299457870206,961
0,0,251,689.8363888392347,3915.170308240842,891
0,0,252,684.4865578849563,4814.469558469676,882
0,0,253,662.0075821863667,4340.26089939439,893
0,0,254,551.819169647351,2168.157043067387,893
0,0,255,699.5949835770061,3538.953492614319,852
0,0,256,557.601066659743,2485.901645112556,836
0,0,257,585.257901429198,2839.423020536564,832
0,0,258,644.9746017250516,3576.670318095965,862
0,0,259,706.3764576618205,5156.166344795416,851
0,0,260,585.1871361922623,2812.042552451933,814
0,0,261,682.0360672198206,3552.922144355026,838
0,0,262,658.0410152450726,3646.251031020316,816
0,0,263,667.4950544347479,4213.517461294493,782
0,0,264,585.5145758263756,2589.017508987171,813
0,0,265,665.8560091141036,3566.033251031436,800
0,0,266,553.7156389047182,2887.305552428175,731
0,0,267,511.3473520606587,2313.991641248841,790
0,0,268,615.4889162271916,5087.222684232303,758
0,0,269,670.1857807206187,4872.662186890119,767
0,0,270,507.4841532935613,2423.460798228993,694
0,0,271,536.4594495476391,2795.732259699871,724
0,0,272,578.9724223182309,2937.951849522734,721
0,0,273,552.9358673011615,2768.439822577531,714
0,0,274,569.0724869409471,3638.982140377334,669
0,0,275,506.4675235132608,2409.779887880037,716
0,0,276,522.357033834024,2469.801848846293,664
0,0,277,622.376677493045,3998.329187085431,694
0,0,278,570.7745090664077,3486.574989543472,710
0,0,279,565.2664856749931,4330.299484116076,680
0,0,280,522.1891882334141,3005.609273067884,636
0,0,281,554.8547873269962,4341.389549396321,627
0,0,282,452.307143158716,2199.29842387516,639
0,0,283,439.8623909458458,2175.226345310901,643
0,0,284,474.8360368764242,2625.560306148514,597
0,0,285,359.8595068628558,1523.79087783286,600
0,0,286,517.6238449642229,4151.438318244155,609
0,0,287,435.2671828329659,2215.828297362755,615
0,0,288,393.7151927760744,2233.882540716837,582
0,0,289,399.8332084477646,1730.787896184728,594
0,0,290,447.3777563364113,2101.178901195927,577
0,0,291,455.0478151797886,2557.123117224428,546
0,0,292,390.0453405506402,1573.049871512037,552
0,0,293,419.4382258954506,4046.998609159319,540
0,0,294,409.2151044985113,2696.267512672438,527
0,0,295,427.8583187174096,2626.01289740936,516
0,0,296,452.3914056887664,3530.589780919753,540
0,0,297,346.0088837758628,1646.600913361929,503
0,0,298,376.9810249299027,2183.586913044255,522
0,0,299,334.352360408729,1796.943040768001,765
