# mesh name: boxMesh_1
# primitive scorer name: doseScorer
# iX, iY, iZ, total(value) [MeV], total(val^2), entry
0,0,0,5762943.60187242,6591373.044062232,10000000
0,0,1,5827125.18386001,7112459.084218166,9998489
0,0,2,5863759.215825185,7224515.488774976,9995569
0,0,3,5891189.191366719,7252024.239805652,9991743
0,0,4,5922518.196190856,7570387.245606361,9987297
0,0,5,5944724.231177946,7569352.721295252,9982200
0,0,6,5968813.806606145,7552068.648071988,9976756
0,0,7,5991859.989009682,7606862.841910515,9970874
0,0,8,6019936.759785286,7919637.965728985,9964499
0,0,9,6039461.882526004,7874890.002787923,9957688
0,0,10,6061096.930342842,8018830.939406193,9950479
0,0,11,6077634.130874302,7966444.292775931,9942848
0,0,12,6093893.990512642,7917796.528876377,9934835
0,0,13,6112416.028279757,8025467.334189739,9926446
0,0,14,6131568.365206506,8034269.205358599,9917733
0,0,15,6150205.388289899,8144919.874532129,9908846
0,0,16,6167278.653396711,8141544.812876676,9899794
0,0,17,6183599.554472062,8203357.006133412,9890157
0,0,18,6199882.446520148,8217867.200683992,9880389
0,0,19,6214534.059248449,8204445.793294848,9870385
0,0,20,6229965.370091374,8228570.054848799,9860110
0,0,21,6246441.216344121,8252931.038961286,9849362
0,0,22,6260767.644427403,8205475.22770663,9838527
0,0,23,6277670.961975243,8302927.249606866,9827225
0,0,24,6296051.875679037,8377264.74735415,9815968
0,0,25,6310908.340716565,8413957.979505002,9804154
0,0,26,6327545.534162122,8447939.131703276,9792349
0,0,27,6334205.014596784,8247523.053434274,9779980
0,0,28,6352470.535070155,8383951.35280478,9767685
0,0,29,6369681.97294288,8472235.345984258,9755085
0,0,30,6382380.825647448,8391188.578263439,9742300
0,0,31,6399681.636747505,8463692.564108647,9729267
0,0,32,6413753.624077984,8487569.15861346,9715870
0,0,33,6427874.197679992,8560592.219120167,9702255
0,0,34,6440947.033280914,8503593.307004107,9688662
0,0,35,6457403.127400603,8502841.938726353,9674920
0,0,36,6472864.115572126,8620046.775602594,9660886
0,0,37,6490367.580893784,8642194.412168687,9646610
0,0,38,6505830.611048552,8678464.805919401,9632245
0,0,39,6520521.200538597,8661709.642247573,9617466
0,0,40,6534563.387114455,8536515.756227218,9602742
0,0,41,6553130.618847139,8685953.700477088,9587895
0,0,42,6568800.730900235,8728576.876932021,9572644
0,0,43,6586213.172138198,8773189.171914233,9557439
0,0,44,6599932.79086291,8665681.145265119,9541931
0,0,45,6619105.535450652,8738263.429330058,9526482
0,0,46,6635554.891443136,8774616.903107692,9510800
0,0,47,6654441.438079109,8765249.020885913,9494842
0,0,48,6674534.544819056,8875815.923972042,9478503
0,0,49,6692843.016374894,8885404.564035283,9462246
0,0,50,6711646.490283091,8950314.209137177,9445692
0,0,51,6725017.111650534,8848519.291012812,9429164
0,0,52,6742358.6339052,8856950.929454952,9412214
0,0,53,6761462.540885894,8961794.700754909,9395087
0,0,54,6784501.52784455,9070605.44950483,9378361
0,0,55,6804366.048991273,9104795.727805883,9361159
0,0,56,6821646.969169222,9001249.23672992,9343585
0,0,57,6841129.227965541,9005520.071101865,9326117
0,0,58,6864241.884336026,9202183.37069992,9308599
0,0,59,6879923.623313867,9171985.928938583,9290546
0,0,60,6902492.095402564,9120770.3330005,9272850
0,0,61,6925113.494274462,9271432.76828118,9255076
0,0,62,6944959.971642602,9235581.464334084,9236548
0,0,63,6964152.141200162,9226024.657412767,9218025
0,0,64,6986201.899381226,9353582.307746377,9199410
0,0,65,7005874.072563455,9300405.934301548,9180647
0,0,66,7029765.042371945,9386172.592477396,9161917
0,0,67,7052915.475127444,9463534.279643174,9142743
0,0,68,7075510.88655936,9460555.94575876,9123570
0,0,69,7099997.680448631,9563221.984082848,9104367
0,0,70,7119971.350937445,9521726.778178092,9084841
0,0,71,7141248.339798165,9499936.545359869,9065174
0,0,72,7169011.29437172,9577974.706238678,9045683
0,0,73,7194433.976608325,9606820.017110491,9025578
0,0,74,7221939.262819061,9733014.06647058,9005904
0,0,75,7244566.423530415,9665883.866850149,8985585
0,0,76,7272149.621700675,9759760.322593095,8965021
0,0,77,7301321.671465204,9826461.350683296,8944790
0,0,78,7323816.858997282,9756776.312477645,8924246
0,0,79,7355854.228915565,9972435.577509802,8902970
0,0,80,7383666.826873947,10001193.67619013,8882305
0,0,81,7411933.945296388,9968892.313651485,8861272
0,0,82,7441221.293415999,9975625.424347125,8840183
0,0,83,7475373.959648957,10136704.86802948,8818656
0,0,84,7506620.263112092,10210306.79546066,8797620
0,0,85,7536422.011472042,10175733.44807767,8775777
0,0,86,7568962.824980483,10305595.42622134,8753857
0,0,87,7589521.665496493,10312820.40353369,8731701
0,0,88,7606085.740514579,10348251.70115802,8709476
0,0,89,7620986.625064347,10331726.48799135,8686749
0,0,90,7652654.554413808,10451722.22728529,8664392
0,0,91,7699401.707512921,10542107.29502526,8642047
0,0,92,7753863.256489578,10649474.8367314,8619196
0,0,93,7811376.30303724,10751799.51548074,8596328
0,0,94,7866609.852502429,10797097.97672644,8573268
0,0,95,7925612.438997345,10886916.28419286,8549620
0,0,96,7985196.639294367,11025845.8373785,8526378
0,0,97,8042202.750584745,11160817.06159547,8502725
0,0,98,8101786.024868181,11351132.379054,8479283
0,0,99,8153734.266925773,11446218.80595807,8455068
0,0,100,8201791.333660492,11488593.72258965,8430929
0,0,101,8251451.62977662,11736386.1589173,8406845
0,0,102,8290826.964842891,11657600.69752203,8382174
0,0,103,8332652.649606093,11689569.46695946,8357361
0,0,104,8382525.35599246,11974491.35180139,8332624
0,0,105,8427875.770982487,12051951.90842119,8307269
0,0,106,8475470.484241985,12118786.40724489,8281889
0,0,107,8534923.292391941,12310692.19129257,8256291
0,0,108,8600884.553569548,12535588.48212908,8230508
0,0,109,8666930.017224388,12571419.39611992,8204085
0,0,110,8750192.020959005,12879995.82205354,8177844
0,0,111,8834504.162129771,13010691.52944313,8150573
0,0,112,8929947.887164321,13236302.03417698,8123470
0,0,113,9035949.616528977,13487267.33303368,8096115
0,0,114,9151986.794611568,13820353.58649659,8068488
0,0,115,9273655.218850732,14124920.78247888,8040665
0,0,116,9401123.928281158,14463299.4547898,8012558
0,0,117,9532660.46089635,14815695.51291736,7983949
0,0,118,9666518.038464732,15184437.95895547,7955110
0,0,119,9803220.434267493,15606815.48059816,7925868
0,0,120,9934118.879386032,15918813.72802606,7895831
0,0,121,10067493.70870808,16307785.07494653,7865743
0,0,122,10211151.1161112,16744684.98127034,7835226
0,0,123,10369531.73157588,17282091.93725092,7803833
0,0,124,10546029.51412372,17893658.79566418,7772313
0,0,125,10754716.74117028,18842010.88546158,7740186
0,0,126,10978736.7601492,19585335.28813854,7707014
0,0,127,11231381.46604676,20486527.82816686,7673326
0,0,128,11506473.33338038,21462501.68708108,7638752
0,0,129,11799410.65314558,22370819.64232847,7603195
0,0,130,12112491.4584231,23351259.68259019,7566303
0,0,131,12458407.84884853,24480311.01968559,7529097
0,0,132,12848851.72754159,25872518.21545215,7491009
0,0,133,13296867.27317335,27484893.34500454,7451687
0,0,134,13834886.64751072,29600360.26079221,7411226
0,0,135,14479629.57782263,32346293.68147085,7368801
0,0,136,15250588.58987477,35865165.3232087,7323090
0,0,137,16198713.1933251,40636190.60529469,7272609
0,0,138,17408735.7833139,47293287.92466845,7214640
0,0,139,19002163.80229468,57110752.71382736,7141433
0,0,140,21181242.66263982,72810324.23019077,7035820
0,0,141,23933605.53979117,96691035.65905981,6843004
0,0,142,26315745.88712477,124451300.2908896,6422579
0,0,143,25995806.09057608,138956499.2606817,5548118
0,0,144,20977235.54123242,121045183.9157579,4112178
0,0,145,12725019.25516715,76163549.30620116,2417426
0,0,146,5432472.256340399,32701227.07717548,1047758
0,0,147,1550582.135946273,9176273.428851467,317435
0,0,148,287303.6576896843,1640186.281855457,68613
0,0,149,36849.90464023655,203041.9419261643,15580
0,0,150,7013.725957265528,35669.85048341147,8528
0,0,151,4948.735309123958,25217.07685006422,7746
0,0,152,4810.680055315246,24363.70193805727,7496
0,0,153,4697.96793024451,25179.60026174876,7138
0,0,154,4552.908478899226,22815.82924604631,6858
0,0,155,4475.02950249502,24569.66216482485,6714
0,0,156,4216.813320604324,20067.43681178113,6473
0,0,157,4078.306752070249,22785.08490696923,6136
0,0,158,3769.688884844225,18801.3674797883,5976
0,0,159,3618.610526286449,18904.31369438533,5788
0,0,160,3736.898771851161,19509.77947754872,5677
0,0,161,3522.929908782984,17959.86067788091,5526
0,0,162,3632.556219440485,19081.72738770912,5408
0,0,163,3550.616030956952,21025.3445529294,5186
0,0,164,3287.272172443959,16554.21470853165,4949
0,0,165,3222.732705093185,18019.85033680288,4845
0,0,166,3331.397815779429,19271.33263666452,4718
0,0,167,3412.210603484204,19603.72204481355,4643
0,0,168,3307.786544021676,19277.40653836136,4548
0,0,169,3086.761077095292,16918.04824578529,4450
0,0,170,2959.083583777513,16595.48178606591,4331
0,0,171,2861.17677704244,14974.54433124287,4311
0,0,172,2758.184287779539,14039.73512346648,4101
0,0,173,2887.413185569926,15211.95651153437,3989
0,0,174,2798.004932804785,14882.68205922277,4023
0,0,175,2713.957983594427,16555.69648284461,3696
0,0,176,2554.837542360094,13618.42649499654,3666
0,0,177,2848.548251724293,18914.65763531957,3769
0,0,178,2573.634616850417,13356.07195530728,3536
0,0,179,2339.822124896155,10850.65459750888,3463
0,0,180,2658.661797346126,16242.78125131069,3448
0,0,181,2444.988513743292,13088.44180346382,3361
0,0,182,2418.558501853824,15672.54896775867,3238
0,0,183,2347.889893235225,13872.65623372804,3142
0,0,184,2366.486508032283,13992.19860478629,3074
0,0,185,2158.906278503228,12212.52888363664,2960
0,0,186,2115.257578331776,11335.64051417149,2965
0,0,187,2168.874057358551,12303.26878200474,2913
0,0,188,2141.514162708837,13264.82394788325,2872
0,0,189,1962.378059594348,9935.087678111389,2818
0,0,190,1985.620059655201,10480.93387000105,2666
0,0,191,1894.36653294799,10546.33798683836,2666
0,0,192,1761.253864258741,9611.726900751219,2566
0,0,193,1873.259950075992,11778.69265630113,2538
0,0,194,1903.070546061496,12300.85734250014,2469
0,0,195,1972.435954638309,16176.74673995085,2440
0,0,196,1852.563942311072,11659.07325691132,2419
0,0,197,1513.879785234191,7460.912927257619,2350
0,0,198,1666.238033845564,10117.15265531836,2203
0,0,199,1680.024646767591,8619.582717357218,2259
0,0,200,1613.109556860198,8329.032714983008,2190
0,0,201,1532.632877308321,8391.727677946237,2107
0,0,202,1462.966290525419,8199.886716849596,2003
0,0,203,1513.033166718033,8151.164394095795,2052
0,0,204,1597.134712788424,8667.19397834538,2007
0,0,205,1524.855089262979,7505.494645608864,2049
0,0,206,1576.076263774003,12387.17375917418,1951
0,0,207,1493.707577127073,7968.512978971281,1993
0,0,208,1517.979222666632,10185.31464740511,1882
0,0,209,1497.035452607305,7662.115324024546,1867
0,0,210,1396.737713018749,6620.989639861867,1841
0,0,211,1389.126663343918,7059.989650728558,1822
0,0,212,1476.124868450723,7790.780551771752,1877
0,0,213,1318.440435586362,6559.892186234963,1812
0,0,214,1237.200569762553,5875.651884253679,1790
0,0,215,1327.796552683129,8031.82602400016,1704
0,0,216,1251.704099159053,6018.499002077597,1641
0,0,217,1425.050598452245,8965.976298031317,1706
0,0,218,1290.763825244734,6995.885735240328,1599
0,0,219,1144.911541747051,6234.58891915496,1622
0,0,220,1172.84231916867,6412.333677561351,1573
0,0,221,1221.571551639415,8533.771410750378,1559
0,0,222,1097.163667310075,5567.093602695418,1524
0,0,223,1109.488345690199,4827.886006630144,1552
0,0,224,1205.929615404348,7675.08718971158,1536
0,0,225,1154.120197312479,7381.703469953747,1462
0,0,226,1030.802601375648,4246.085131283367,1465
0,0,227,1135.668276280629,6850.400737785292,1389
0,0,228,1112.597023428805,6218.876621849102,1404
0,0,229,1005.464919191588,4651.698157685789,1384
0,0,230,1051.747726001414,6051.737557661425,1324
0,0,231,1052.375255893258,5121.763212769514,1395
0,0,232,1086.959741965592,6764.273651330803,1324
0,0,233,1095.088415987489,6921.633151450184,1330
0,0,234,1046.747152973983,5767.550536400034,1312
0,0,235,1021.193305487779,5360.291369433224,1277
0,0,236,970.6575954998285,5865.968983942172,1276
0,0,237,984.4490492959792,5008.006465497599,1250
0,0,238,993.6870006279991,4749.859655213146,1227
0,0,239,975.3448365255547,5164.950049012979,1196
0,0,240,922.8586435678328,4087.282294872275,1184
0,0,241,1004.470168196517,6212.197354863356,1176
0,0,242,1004.115242220322,6127.33729263312,1141
0,0,243,820.0184675917999,3808.496554739017,1149
0,0,244,815.4625347918684,3615.988730451755,1096
0,0,245,885.5596598442237,5687.25892396885,1082
0,0,246,925.7237721689395,6744.11013829038,1063
0,0,247,843.6540772176303,4255.003233797464,1099
0,0,248,865.8559880540505,4767.242571638897,1045
0,0,249,834.4399975109154,4353.653461632104,1054
0,0,250,761.4892437014026,5509.048669148179,1011
0,0,251,735.4600867654492,3685.544425743651,1007
0,0,252,725.5281017795947,4710.539223618272,1018
0,0,253,711.8185013244255,4401.803301594504,970
0,0,254,757.3359804629833,4098.127742917601,965
0,0,255,655.8119082692199,3868.120301933663,937
0,0,256,723.590045259548,4570.87980256208,958
0,0,257,796.6130647139619,4462.391701207092,954
0,0,258,779.6794282331234,4702.878480104151,976
0,0,259,716.4451201043631,3293.756076131432,899
0,0,260,701.0392625233001,3619.307246971798,917
0,0,261,726.4398997314659,5369.30657300136,921
0,0,262,777.1417929174695,4928.466707694293,936
0,0,263,690.0992035980672,3393.15193713487,875
0,0,264,605.5857414454395,2157.176405894596,856
0,0,265,626.9440639616357,2595.479508905377,835
0,0,266,630.785382036711,2399.555127515121,870
0,0,267,698.4132412629307,3146.622023721118,884
0,0,268,752.9211913217418,5158.51573069742,825
0,0,269,623.6951358699889,2729.518461323089,814
0,0,270,661.4600106010702,3641.617176647313,812
0,0,271,632.1194370122868,2882.815117936074,841
0,0,272,636.9272795193463,3047.392504569704,810
0,0,273,731.2942249874811,6324.430029593618,798
0,0,274,663.2201300227752,4703.864499731127,814
0,0,275,581.379695592267,3250.313895463334,758
0,0,276,522.6557221631896,2613.553456343807,739
0,0,277,519.7677063900354,2375.714233720118,735
0,0,278,519.7444893041669,2007.962968751652,747
0,0,279,616.7610256378147,3823.716538461656,758
0,0,280,580.2292026971719,3113.465211238472,713
0,0,281,536.3127471754071,2975.375736648326,728
0,0,282,458.328338020358,2037.308960449365,698
0,0,283,518.604012454049,2818.167385802949,711
0,0,284,607.1476968063932,5793.853194948478,673
0,0,285,453.0247597352733,1617.034069788409,701
0,0,286,568.1526253546547,3792.286457194846,682
0,0,287,522.7925206192787,2493.634473379939,654
0,0,288,478.7854507360265,2351.039885356167,646
0,0,289,484.1199018251936,2681.002667167638,636
0,0,290,489.9394192332696,2412.021465558249,659
0,0,291,389.1101448663634,1296.28064486259,673
0,0,292,451.7147445908364,2179.184442090611,624
0,0,293,440.025485801055,2046.650434659133,619
0,0,294,406.3028138089743,1579.59298810586,582
0,0,295,478.6694011898583,2454.308116570377,645
0,0,296,449.1059576361432,1768.818921082408,602
0,0,297,405.561412068758,1972.461506817747,597
0,0,298,438.46630074495,1619.953366787347,595
0,0,299,491.1555970638569,2766.822933173551,820
