# mesh name: boxMesh_1
# primitive scorer name: doseScorer
# iX, iY, iZ, total(value) [MeV], total(val^2), entry
0,0,0,5707336.868631702,6517468.532077508,10000000
0,0,1,5772656.615096319,7035630.826463839,9998514
0,0,2,5808461.647758672,7164513.46179411,9995618
0,0,3,5836683.086485438,7220664.156688522,9991870
0,0,4,5865921.377497235,7490634.140087563,9987461
0,0,5,5888217.443056189,7518142.675327448,9982524
0,0,6,5911188.868212399,7503738.405505523,9977069
0,0,7,5933571.839077086,7553624.009941261,9971257
0,0,8,5962884.557640694,7906859.157335654,9964975
0,0,9,5979393.89681615,7762772.772898687,9958231
0,0,10,6000431.633121605,7924226.096954663,9951103
0,0,11,6016784.24982735,7883368.781802355,9943602
0,0,12,6033711.382294035,7851492.297293632,9935684
0,0,13,6052499.430578473,7999687.596731943,9927480
0,0,14,6069735.733886357,7972467.497860543,9918787
0,0,15,6089444.913729801,8192639.278963555,9909990
0,0,16,6103535.230011185,8074286.458968836,9900874
0,0,17,6116608.211370463,7974854.258720004,9891486
0,0,18,6134061.581307009,8100777.874921802,9881775
0,0,19,6149445.884362827,8120709.296970532,9872012
0,0,20,6164696.890108506,8135969.130206691,9861990
0,0,21,6179878.808756836,8163009.65438276,9851477
0,0,22,6191703.078513004,8089133.167482389,9840557
0,0,23,6209526.263503375,8233404.547790065,9829563
0,0,24,6225647.922467513,8261271.950410379,9818228
0,0,25,6238342.077531699,8228912.304145196,9806759
0,0,26,6256549.247155871,8339267.472195633,9795087
0,0,27,6267543.285751567,8282152.59165742,9783041
0,0,28,6280025.331915889,8243544.632433903,9770896
0,0,29,6297709.106658207,8366862.880035344,9758445
0,0,30,6308341.419923293,8283519.342729486,9745818
0,0,31,6325000.638911104,8300562.475097517,9733123
0,0,32,6341510.88527167,8408799.90669585,9720045
0,0,33,6359307.311668409,8667212.302327782,9706893
0,0,34,6366564.140981394,8410310.336460246,9693552
0,0,35,6384397.019541673,8484738.955995895,9679912
0,0,36,6396071.149865419,8480151.697612444,9666023
0,0,37,6412490.853499752,8545011.92858962,9651923
0,0,38,6425883.377230674,8517025.997972699,9637656
0,0,39,6442617.003199777,8654695.99125715,9623103
0,0,40,6453272.009038193,8510669.976988237,9608496
0,0,41,6468923.55856606,8592503.191744199,9593529
0,0,42,6486813.961717797,8649234.018362608,9578862
0,0,43,6501668.815869428,8657920.87904549,9563715
0,0,44,6514739.781433121,8572814.326868972,9548535
0,0,45,6528007.308644088,8504327.736639317,9532885
0,0,46,6546309.071863564,8648388.452762008,9517328
0,0,47,6566698.529190117,8705886.304739835,9501740
0,0,48,6584507.022087089,8809131.299137352,9485684
0,0,49,6599816.263392331,8799441.922087742,9469692
0,0,50,6617086.820763966,8832251.404528931,9453328
0,0,51,6632487.824920828,8812902.54270431,9436890
0,0,52,6648649.897252994,8824178.912908062,9420208
0,0,53,6665012.236528625,8877162.626166616,9403301
0,0,54,6684775.675944688,8927364.29817313,9386554
0,0,55,6702221.352173302,8896843.783856411,9369692
0,0,56,6720225.223502219,8921556.028064732,9352710
0,0,57,6735461.555057671,8834985.480803506,9335398
0,0,58,6757581.855247213,9012399.839660941,9317924
0,0,59,6774069.703781472,8966971.435354332,9300579
0,0,60,6796255.475178602,9094923.128707904,9283037
0,0,61,6815054.959772659,9097806.253164569,9265327
0,0,62,6833623.060510937,9051832.965779359,9247302
0,0,63,6856467.869125731,9204917.04852258,9229106
0,0,64,6875182.365961077,9201404.845007751,9210921
0,0,65,6892144.521875116,9121582.763038889,9192224
0,0,66,6916306.930619653,9295357.981108511,9173914
0,0,67,6934783.240094215,9267628.396009102,9155022
0,0,68,6956625.535845759,9278195.746337678,9136118
0,0,69,6979267.375812383,9351133.210654113,9117239
0,0,70,6997006.917878613,9308718.233218938,9098046
0,0,71,7019576.686866146,9418981.564435678,9078861
0,0,72,7042384.896275278,9419835.769594204,9059328
0,0,73,7068758.183493838,9573714.879099881,9039793
0,0,74,7087811.712161837,9457893.748382878,9020108
0,0,75,7109101.112194875,9404347.056347292,9000344
0,0,76,7132757.738045337,9418543.904899869,8980487
0,0,77,7160894.943205939,9516735.950032549,8960519
0,0,78,7184707.466455526,9628565.500941116,8940468
0,0,79,7211944.000476821,9689324.217973279,8919908
0,0,80,7238976.734318415,9786731.974811316,8899375
0,0,81,7259175.181138311,9618145.06159333,8878771
0,0,82,7292571.561173867,9859760.571125485,8858287
0,0,83,7319041.883103166,9805503.367657542,8837242
0,0,84,7348736.456345866,9866792.543383531,8816475
0,0,85,7377008.584550157,9865737.594309673,8795142
0,0,86,7408106.38028151,9950963.722495712,8773712
0,0,87,7438392.387147309,9994694.243866146,8752123
0,0,88,7471109.444189068,10111448.65107528,8730384
0,0,89,7500957.473566277,10171210.7563535,8708625
0,0,90,7527183.859244868,10219258.63027059,8686472
0,0,91,7547525.877219734,10246263.32572297,8664550
0,0,92,7563242.37921623,10294123.4142177,8642200
0,0,93,7585973.838508903,10359273.98649629,8619896
0,0,94,7619675.951435982,10304059.67078204,8597566
0,0,95,7668623.387523174,10383285.47471056,8574823
0,0,96,7724644.168728398,10556707.10513574,8551903
0,0,97,7784964.347569441,10726617.36929093,8528795
0,0,98,7843659.727653129,10863189.50789239,8505683
0,0,99,7900250.017549257,10911585.69916397,8482432
0,0,100,7960411.35481401,11103197.9654315,8458748
0,0,101,8017126.592015434,11220108.32918003,8434967
0,0,102,8071076.53760373,11370340.8417329,8410963
0,0,103,8117125.621997172,11324109.46923137,8387022
0,0,104,8166487.795503704,11466887.19468371,8362889
0,0,105,8212302.540174995,11586204.2515499,8338464
0,0,106,8255329.420944843,11715234.02077491,8313944
0,0,107,8296872.226777521,11774281.23128695,8289092
0,0,108,8343278.09164461,11917945.67392454,8263794
0,0,109,8389850.130985415,12022082.33504532,8238505
0,0,110,8440565.727918144,12103017.84027549,8212666
0,0,111,8500190.189874392,12211251.1935415,8187379
0,0,112,8567528.455527777,12442242.82691736,8161164
0,0,113,8639805.662356053,12602947.7971105,8134909
0,0,114,8723477.679453788,12838123.40622113,8108176
0,0,115,8815044.182437073,13088510.47295268,8081219
0,0,116,8913241.734183282,13291297.75761397,8054221
0,0,117,9020364.597783282,13495642.93433119,8026961
0,0,118,9139203.099136652,13869051.4320645,7999136
0,0,119,9262289.366658615,14169194.25079119,7971167
0,0,120,9390648.718103724,14509234.75332626,7943235
0,0,121,9520891.054217402,14862672.13202325,7914269
0,0,122,9653131.338030782,15204487.98423655,7885009
0,0,123,9785127.846046196,15593070.02808865,7855762
0,0,124,9922024.176957099,16090966.32360535,7825682
0,0,125,10052228.38743388,16323006.86251797,7795483
0,0,126,10203361.07178334,16865477.47414639,7764871
0,0,127,10367949.19026136,17429506.61047572,7734202
0,0,128,10554254.79381279,18128400.88913945,7702572
0,0,129,10769426.07562054,18972626.88274868,7670315
0,0,130,11006038.51364,19892638.56439449,7636863
0,0,131,11266029.40821764,20793850.60005878,7602346
0,0,132,11545232.34269426,21668256.53170769,7567256
0,0,133,11843864.2198052,22596914.69082673,7531115
0,0,134,12167742.35788266,23671224.74760322,7494373
0,0,135,12520998.21288569,24775616.73246135,7456663
0,0,136,12936519.68922052,26305688.83693854,7418922
0,0,137,13423532.46011444,28194831.52773448,7379584
0,0,138,13996698.71898125,30484021.28849031,7338257
0,0,139,14687415.77915047,33521133.61700096,7294998
0,0,140,15529211.19206571,37590180.71837147,7247727
0,0,141,16570603.94560075,42993309.16843442,7194632
0,0,142,17918980.66389999,50800860.30680549,7130661
0,0,143,19738004.39418164,62863560.59712239,7046024
0,0,144,22153947.91367051,81775750.8167643,6909995
0,0,145,24829660.45714337,107690915.1087349,6634921
0,0,146,26248094.38486182,131254793.8019114,6042059
0,0,147,24002701.42371985,132736833.4842442,4934273
0,0,148,17435902.26786293,102274626.8306754,3365362
0,0,149,9362690.975147493,56228345.22756752,1783688
0,0,150,3518077.308508425,21078838.65614212,689614
0,0,151,892043.8429314122,5237136.664364102,188569
0,0,152,148305.7852182272,834219.2069096949,39662
0,0,153,19584.24762504315,103172.4476970235,11566
0,0,154,6055.242190431477,31805.4729608785,8092
0,0,155,4918.271033243263,26676.53605666343,7631
0,0,156,4709.404760941719,26094.66245713735,7304
0,0,157,4687.106460712277,26649.60568993635,7044
0,0,158,4311.542969862604,22617.55520938978,6728
0,0,159,4391.205263100769,22921.44334419227,6649
0,0,160,4245.586010427378,23092.9198082747,6417
0,0,161,4161.650618340889,23547.76555739551,6099
0,0,162,3871.773308313238,18992.21289818881,5895
0,0,163,3917.682975984655,21031.92892314948,5874
0,0,164,3724.500001394937,19451.20485420948,5658
0,0,165,3608.334032958523,17666.89323146885,5411
0,0,166,3630.226020248716,20670.16224066219,5231
0,0,167,3675.168087414208,21605.89117724871,5186
0,0,168,3610.525030062925,20737.52124645189,5056
0,0,169,3514.043533206348,18686.85946734236,4908
0,0,170,3597.911723648714,20676.42387793493,4769
0,0,171,3479.584175805585,18918.58030078969,4587
0,0,172,3374.608482119523,18765.66582641513,4440
0,0,173,3360.698103312626,18660.45836371644,4423
0,0,174,2973.496132608388,14513.72825561534,4294
0,0,175,2952.238899037471,14802.37155867087,4037
0,0,176,2981.239207529507,16567.72957573818,4098
0,0,177,3032.634288275323,17964.47407109277,3986
0,0,178,2745.982783650151,13313.91825458319,3909
0,0,179,2841.623042566971,16954.52651421132,3805
0,0,180,2695.386704862371,15213.99885293126,3658
0,0,181,2692.532849610643,13635.12986899898,3655
0,0,182,2605.520680589886,13524.59596290696,3482
0,0,183,2630.20030454891,14119.98623643467,3375
0,0,184,2497.656814457946,14172.09044052691,3353
0,0,185,2404.234497592229,12433.76209026068,3258
0,0,186,2456.152646186946,14158.43698908402,3234
0,0,187,2295.051950031387,12657.87790899286,3127
0,0,188,2094.212793494814,10153.66664233088,3031
0,0,189,2094.151347421023,11011.76890760196,2970
0,0,190,2121.147681482672,11617.04401055208,2946
0,0,191,2034.224495588127,9468.839701185658,2853
0,0,192,2269.161755089138,14765.13580338561,2850
0,0,193,2149.016482975431,12175.23379831172,2825
0,0,194,2010.910351394957,9531.780868978132,2702
0,0,195,1922.736279304499,9930.637449094102,2636
0,0,196,1902.968120667255,11185.88860458726,2611
0,0,197,1815.699963418692,10420.33928848207,2570
0,0,198,1788.907401695884,8622.964777483565,2491
0,0,199,1775.161459605984,8868.527517213348,2419
0,0,200,1767.480957856537,9074.135322454025,2403
0,0,201,1808.92212205284,10858.00401298735,2371
0,0,202,1773.803981838778,9308.043042352951,2341
0,0,203,1689.003713740587,8483.504224494256,2244
0,0,204,1835.176299237771,13222.3257986711,2220
0,0,205,1656.538420842425,7940.611606806506,2192
0,0,206,1682.905255890904,12030.1070196519,2115
0,0,207,1611.384838073207,9105.813986630972,2104
0,0,208,1548.659996085366,8092.730048773252,2110
0,0,209,1635.526847880254,8379.991570906219,2069
0,0,210,1628.071719309091,8916.682788889644,2071
0,0,211,1566.412106218134,9505.890439116038,1931
0,0,212,1539.325571395293,9441.969656781121,1910
0,0,213,1545.859510948613,8808.969723228656,1895
0,0,214,1509.015947565185,8786.008940264725,1850
0,0,215,1392.935153928589,8331.153548051809,1831
0,0,216,1365.291563689926,7952.458632025014,1756
0,0,217,1313.918137027672,7671.321812814471,1791
0,0,218,1273.811425994224,6752.951574799914,1756
0,0,219,1399.452476638755,8264.106410292277,1739
0,0,220,1397.673037741207,9324.201926267668,1706
0,0,221,1136.955160232875,6151.529901460591,1570
0,0,222,1106.776295489447,6010.776803826219,1561
0,0,223,1172.554173804865,7117.692429411065,1568
0,0,224,1103.633799715397,5525.265463091581,1525
0,0,225,1003.556560018134,4702.238565719413,1489
0,0,226,1081.070955083143,5277.412989573175,1502
0,0,227,1098.823259738506,5554.775742204695,1448
0,0,228,1055.656401387911,4908.598005230845,1505
0,0,229,1116.692044481245,5373.845706427471,1504
0,0,230,1058.874266904587,5449.00690319402,1422
0,0,231,1069.660118669325,4673.566119910461,1446
0,0,232,1153.861105425369,7546.753218213847,1378
0,0,233,1015.041244412724,4957.089604902849,1403
0,0,234,1028.823835043548,5256.48119186138,1343
0,0,235,1031.739377975062,6131.780583900674,1391
0,0,236,1066.556094203462,5600.20184728831,1362
0,0,237,1026.587973493426,4478.98198863562,1306
0,0,238,1057.545056496664,5282.014102726574,1308
0,0,239,1032.124995321064,5343.911965318021,1277
0,0,240,1033.867314707783,6388.832644920577,1289
0,0,241,947.2412549495639,4763.887249964133,1265
0,0,242,890.9468089234871,4278.374308552538,1182
0,0,243,884.4680634165483,4853.375486851315,1215
0,0,244,862.4084769603364,4398.210990717142,1205
0,0,245,834.0202383808601,3770.793079909205,1148
0,0,246,825.4142859926931,4443.127018137287,1108
0,0,247,815.0800240407916,3499.785743623881,1147
0,0,248,867.9558388876781,5802.783880097309,1075
0,0,249,836.800324128658,4501.919248518308,1061
0,0,250,797.9572721928841,3857.004213495937,1102
0,0,251,837.9619119454529,4435.97128694183,1109
0,0,252,883.3627496833567,5900.803970055244,1084
0,0,253,790.0731240060016,5620.774245674327,1000
0,0,254,708.3262224333953,3092.597862828587,1026
0,0,255,807.1078662292796,5146.803259134736,1034
0,0,256,733.9196780867852,3084.870527074714,1028
0,0,257,778.6271091854426,3970.226056829595,980
0,0,258,761.7419460553997,3875.179161050156,976
0,0,259,749.8974537710247,3643.026568491257,981
0,0,260,677.5765294760383,2802.518823086763,946
0,0,261,634.7467643223208,2333.680304648011,932
0,0,262,682.3462220324661,3813.645316117565,924
0,0,263,786.6635401132871,3888.357897279656,969
0,0,264,764.0587564870368,5137.212863318881,924
0,0,265,766.6148103385714,3971.363573619346,926
0,0,266,694.8112263968782,3924.852261872657,886
0,0,267,704.2207741782649,3783.354396519125,901
0,0,268,633.6215636224958,2743.430777392376,872
0,0,269,675.491459157086,3406.436220110952,896
0,0,270,633.5965218860659,4340.729365667123,844
0,0,271,686.6915031920737,4101.182823268255,854
0,0,272,687.5885114331338,4176.716122852791,805
0,0,273,621.3005490175065,3212.40993658653,802
0,0,274,684.0749201198252,5151.805855263502,853
0,0,275,675.3272858199299,4272.421333254655,801
0,0,276,612.600066286825,3393.269351640857,799
0,0,277,681.3735102975962,4056.777204941451,763
0,0,278,537.2175419167985,2234.612376841034,754
0,0,279,581.2318067507695,2739.328764254298,754
0,0,280,689.9101089071906,4029.252809511034,795
0,0,281,619.7293138120128,2786.159338776365,760
0,0,282,575.7533966500403,2577.892340639905,733
0,0,283,582.1549987181374,2835.936170169879,721
0,0,284,625.710241512271,3696.589660260323,766
0,0,285,605.6611609191591,3439.124089384243,762
0,0,286,587.356846094972,2817.282618460523,743
0,0,287,529.8414713253362,2300.129877804976,680
0,0,288,533.4053014926355,3159.622199268664,672
0,0,289,568.4926648198636,3524.422222691304,703
0,0,290,527.7381178074701,2662.119505438636,690
0,0,291,492.3428541946627,1784.420486779502,660
0,0,292,592.3987647198605,3404.637783986231,707
0,0,293,514.8644286823987,2599.307186216862,669
0,0,294,520.0926214835745,2156.724827773055,648
0,0,295,544.2890981176937,2867.538912917058,646
0,0,296,518.2164968563987,2842.626887612408,664
0,0,297,568.118901220226,3471.082963310023,636
0,0,298,510.6634176792252,3096.117459687926,604
0,0,299,458.8076063998023,1729.161117745403,874
