# mesh name: boxMesh_1
# primitive scorer name: doseScorer
# iX, iY, iZ, total(value) [MeV], total(val^2), entry
0,0,0,5652577.507361643,6442155.141903663,10000000
0,0,1,5719547.772642655,6996784.598092169,9998529
0,0,2,5755477.513254191,7160728.392729938,9995642
0,0,3,5783435.434184387,7207878.391746881,9991955
0,0,4,5812928.146946297,7492577.107579852,9987626
0,0,5,5834384.027128628,7525308.869388592,9982711
0,0,6,5857739.722743476,7496721.73733919,9977373
0,0,7,5876575.227514112,7440659.159843894,9971595
0,0,8,5904635.986242115,7782109.087143437,9965361
0,0,9,5922475.470235056,7709928.654868115,9958777
0,0,10,5943547.152362729,7855744.292714448,9951688
0,0,11,5960439.97667115,7842682.604338439,9944402
0,0,12,5975776.762002953,7810045.820698484,9936544
0,0,13,5991496.269832987,7859808.407906116,9928362
0,0,14,6010008.948571162,7964863.859062976,9919895
0,0,15,6029648.184521984,8107092.119806342,9911161
0,0,16,6042475.505203827,7958196.449162934,9902207
0,0,17,6057843.908139821,7997777.899987062,9892928
0,0,18,6075433.623063752,8110505.793959937,9883317
0,0,19,6083803.562847767,7967415.893441115,9873440
0,0,20,6100516.514873877,8093228.782801818,9863547
0,0,21,6116265.038809193,8067458.695221918,9853093
0,0,22,6128725.46816199,8102956.965789584,9842567
0,0,23,6145817.728293682,8182492.951981602,9831535
0,0,24,6160788.205641777,8183496.348996958,9820354
0,0,25,6172984.841063449,8210954.041137788,9809021
0,0,26,6191025.11327306,8323451.972188787,9797517
0,0,27,6199549.558240117,8184580.195991902,9785508
0,0,28,6212374.973748975,8189785.894965046,9773558
0,0,29,6226548.233200386,8214637.183003131,9761295
0,0,30,6240577.121205783,8275696.50643391,9748883
0,0,31,6257718.96068924,8385189.940788027,9736304
0,0,32,6272282.614598347,8398303.761071833,9723363
0,0,33,6283012.034053436,8425739.917642757,9710293
0,0,34,6293503.408185901,8331500.424641689,9697070
0,0,35,6309000.900466179,8367401.125449605,9683615
0,0,36,6321770.783633813,8374414.664587977,9669943
0,0,37,6335504.96226321,8402739.83604419,9656119
0,0,38,6348533.177211345,8403649.306866504,9642133
0,0,39,6367943.515835665,8581904.582252644,9627993
0,0,40,6378818.163001548,8519144.321501318,9613660
0,0,41,6391868.484943385,8523914.097236047,9599082
0,0,42,6406843.928197767,8556684.825276801,9584249
0,0,43,6418375.135228801,8478038.62524936,9569414
0,0,44,6430246.796398113,8508825.648483168,9554252
0,0,45,6444728.347691734,8555936.907943394,9539089
0,0,46,6462463.476792226,8610151.526871752,9524037
0,0,47,6478894.654221405,8596861.88034541,9508603
0,0,48,6497447.13917127,8706293.025689289,9493099
0,0,49,6511870.738805551,8732504.463229204,9476973
0,0,50,6526788.618523398,8730219.419400826,9460827
0,0,51,6541536.155353823,8699708.117534343,9444635
0,0,52,6557264.44294207,8783667.107379019,9428214
0,0,53,6574930.376425687,8794615.6302872,9411712
0,0,54,6590960.962415714,8780538.344432136,9395042
0,0,55,6608704.637473911,8922080.708159316,9378053
0,0,56,6627057.318712119,8957009.225142337,9361227
0,0,57,6638773.091155602,8780254.759216661,9343944
0,0,58,6658877.92584236,8877859.598296581,9326904
0,0,59,6674428.565980929,8889697.951360658,9309410
0,0,60,6690827.377295276,8895208.220663369,9291871
0,0,61,6709974.349057898,8919206.569889745,9274432
0,0,62,6728922.828843272,8962302.970488856,9256753
0,0,63,6749000.026860934,9058164.36616537,9239068
0,0,64,6764229.397072327,8971381.100082759,9221320
0,0,65,6785368.166587729,9090977.877766471,9203182
0,0,66,6801828.131418776,8974387.383340018,9185017
0,0,67,6822546.597842247,9128716.497315798,9166476
0,0,68,6844314.678906828,9121595.63481896,9148075
0,0,69,6862348.732245568,9097583.890160892,9129611
0,0,70,6882228.262889165,9156429.618388832,9110636
0,0,71,6903309.201995583,9240912.493388111,9091771
0,0,72,6926990.106222984,9308445.993715415,9072599
0,0,73,6949272.772390238,9362436.510051187,9053584
0,0,74,6966648.069580488,9328070.054197419,9034153
0,0,75,6985781.677846838,9290115.067337748,9014677
0,0,76,7005902.322196269,9306047.470276447,8995334
0,0,77,7031661.378091823,9399180.099927446,8975602
0,0,78,7053290.24656518,9404919.839263353,8955756
0,0,79,7077693.538214661,9480903.276846031,8935800
0,0,80,7103541.177304717,9516144.691111632,8915728
0,0,81,7123345.856261386,9421363.379076701,8895723
0,0,82,7153557.062288546,9593467.598584857,8875296
0,0,83,7177185.712330325,9573798.183070624,8854856
0,0,84,7204655.625408504,9681377.977902647,8834023
0,0,85,7229606.719364981,9651524.371516166,8813267
0,0,86,7257954.234217051,9740640.715910157,8792307
0,0,87,7285099.05843677,9773091.237745764,8771559
0,0,88,7317004.416865704,9945212.772540115,8750180
0,0,89,7343534.602442161,9911084.410958868,8728443
0,0,90,7373704.851137835,9998397.901909173,8706901
0,0,91,7404409.648468329,9994198.537688319,8685020
0,0,92,7435462.367114026,10073029.612109,8663243
0,0,93,7460124.051703518,10054333.61292635,8641076
0,0,94,7483681.362421528,10119417.82487189,8619363
0,0,95,7501499.149403814,10127827.14290361,8597294
0,0,96,7518707.059229678,10158375.01562601,8574979
0,0,97,7551098.096178601,10358421.85707623,8552292
0,0,98,7593067.671606838,10436397.01381239,8529734
0,0,99,7640637.227770003,10393374.73027752,8506825
0,0,100,7697985.660373094,10586058.49359409,8483664
0,0,101,7753530.861131841,10639170.64005523,8460396
0,0,102,7814548.251175264,10850450.3078614,8437026
0,0,103,7870562.419505408,10933177.83494765,8413560
0,0,104,7924435.547549989,10993811.07075145,8389841
0,0,105,7980833.242447034,11118877.84823412,8366678
0,0,106,8034519.816503486,11243900.6898465,8342789
0,0,107,8083000.106249717,11376411.20056412,8318685
0,0,108,8130343.188269682,11460638.90065059,8294283
0,0,109,8172468.896067379,11563406.13746271,8269701
0,0,110,8213740.039317093,11658648.02101889,8244882
0,0,111,8255139.299380522,11697902.23593216,8219362
0,0,112,8299591.32409703,11787904.78746411,8194398
0,0,113,8349335.495151991,11927710.04337385,8169034
0,0,114,8403469.259453965,12072380.51346304,8143716
0,0,115,8466459.848637132,12274788.66894419,8117842
0,0,116,8535023.349702697,12494034.75416426,8091841
0,0,117,8607312.558525547,12556859.8798162,8065285
0,0,118,8695198.591452708,12794092.74171606,8038918
0,0,119,8788530.420075435,13024446.14644426,8011918
0,0,120,8892247.558267336,13330427.95608615,7984707
0,0,121,9000104.575237324,13496514.33524717,7957165
0,0,122,9120706.761214364,13875626.8894097,7929617
0,0,123,9244908.403395023,14194247.67326774,7901397
0,0,124,9373581.081259353,14548888.97589963,7873091
0,0,125,9504760.309153602,14914417.45230181,7844142
0,0,126,9631412.408677358,15214961.04978466,7814848
0,0,127,9766075.042069396,15690425.6193781,7785760
0,0,128,9897387.466294799,16006947.50709267,7755781
0,0,129,10037886.93386485,16454175.43837742,7725735
0,0,130,10191491.52942322,16970153.62771421,7695072
0,0,131,10360155.48758598,17494155.15920844,7663580
0,0,132,10559244.91217837,18334350.02385768,7632121
0,0,133,10782530.3907851,19213749.57167462,7599330
0,0,134,11024097.66606632,20087651.18283034,7565659
0,0,135,11293105.25518263,21054363.89630399,7531490
0,0,136,11574600.3035497,21895078.56696921,7496194
0,0,137,11877213.85183249,22791532.71803831,7459968
0,0,138,12214990.12769252,23984156.38262574,7423059
0,0,139,12585038.71194476,25157928.94258381,7385456
0,0,140,13020206.7028201,26762155.22742338,7346980
0,0,141,13538467.82505546,28845966.13147275,7307298
0,0,142,14155039.56950348,31425588.77791531,7265511
0,0,143,14896759.38938337,34839919.55094244,7221001
0,0,144,15804089.62315092,39341484.40584794,7171645
0,0,145,16947970.39935365,45583631.63650678,7114499
0,0,146,18450025.469249,54746191.20009755,7043438
0,0,147,20485437.34218882,69269807.19447565,6942010
0,0,148,23028693.74793826,90871208.83952869,6761173
0,0,149,25326148.24943305,116630331.9488972,6377706
0,0,150,25441381.50431073,132633297.1205361,5598129
0,0,151,21482761.81870732,121628059.8000289,4306509
0,0,152,14138572.45331573,83710340.44609109,2710417
0,0,153,6820367.628202541,40994906.54286229,1306725
0,0,154,2303805.468903193,13744405.494897,458805
0,0,155,528426.1070275012,3075151.607790504,116419
0,0,156,81424.25913560673,453328.2292453084,25078
0,0,157,12436.01115698086,67067.02502865333,9765
0,0,158,5593.391044050153,31196.1830647913,7844
0,0,159,4857.527171216871,26458.80164972576,7530
0,0,160,4667.43870175791,23014.76409304654,7332
0,0,161,4490.80920286662,23434.66903431137,6964
0,0,162,4523.265132525985,26028.54512634825,6760
0,0,163,4307.143439460504,24033.1366091012,6558
0,0,164,4204.272140181163,22294.92648350611,6350
0,0,165,3988.963768471501,22303.67039093975,6186
0,0,166,4082.667421911189,22204.96793276865,5802
0,0,167,3894.152497115502,19704.51020582207,5757
0,0,168,3728.145001332758,19223.96372475491,5582
0,0,169,3602.886773851431,20196.77983607045,5388
0,0,170,3571.51915594111,17248.17703050397,5357
0,0,171,4001.421022222379,27136.43322027963,5159
0,0,172,3547.014524145563,21221.26897894309,4950
0,0,173,3459.31673520321,16613.75035604242,4847
0,0,174,3361.597115941226,16797.34525986205,4680
0,0,175,3206.64361586074,15870.41818108098,4549
0,0,176,3433.515270061209,19689.21044815798,4459
0,0,177,3102.435970890528,17246.78122620189,4335
0,0,178,3020.66861814792,17340.34839184564,4236
0,0,179,2877.50983055036,13805.27014763968,4213
0,0,180,2803.388394767194,14641.49153849474,4055
0,0,181,2740.315534984406,13692.53585413102,3858
0,0,182,2767.919159832943,13652.34289424868,3875
0,0,183,2605.713698089824,12726.72726358445,3658
0,0,184,2510.762763910563,12377.47893024121,3552
0,0,185,2640.213359805361,16493.47503629286,3623
0,0,186,2578.286668051549,14365.17124907826,3518
0,0,187,2460.65927052286,14211.090709301,3440
0,0,188,2367.230357722053,13234.97913987999,3287
0,0,189,2376.383979814233,12032.98346111848,3260
0,0,190,2245.129096510877,10978.45998474053,3224
0,0,191,2233.810028087133,13859.46846709458,3077
0,0,192,2364.42645845522,14583.66459193598,3077
0,0,193,2161.154998064977,10613.0317050876,2990
0,0,194,2165.227321420934,12803.62289768391,2889
0,0,195,2105.209877922307,11929.33013028563,2833
0,0,196,2064.071218556954,11192.34622876989,2770
0,0,197,2000.071299714544,10094.43909681269,2774
0,0,198,2025.363588273383,10915.5122311024,2662
0,0,199,2035.616612721215,11845.06361842541,2650
0,0,200,1856.16341498585,8717.92484084745,2568
0,0,201,1967.591320094656,12305.14481371866,2554
0,0,202,1828.115535081019,10327.49910301638,2426
0,0,203,1829.795130187512,10008.08173674367,2421
0,0,204,1758.469726638938,10046.11581326398,2369
0,0,205,1793.870279389319,9021.389492874041,2342
0,0,206,1786.697965496116,10183.77398617142,2256
0,0,207,1691.714960198882,10411.75441684718,2213
0,0,208,1591.976274724365,8356.701756545863,2167
0,0,209,1696.601486650632,9121.493227403309,2124
0,0,210,1623.339212860925,8244.731160873525,2073
0,0,211,1631.27183511841,8560.280027372033,2012
0,0,212,1596.117707650884,10042.0747535796,1989
0,0,213,1503.808756618382,7170.202864474165,2045
0,0,214,1621.746072253752,8366.942018417258,2061
0,0,215,1582.242213979817,8615.203524227549,1965
0,0,216,1503.008298467736,7441.817890258606,1939
0,0,217,1491.303629811853,10531.80407972535,1892
0,0,218,1511.946974045048,8992.892271841114,1851
0,0,219,1316.106280099107,5954.345992215383,1826
0,0,220,1298.290213742915,6866.456857254391,1825
0,0,221,1330.83435255084,7910.237320547698,1794
0,0,222,1306.021445789393,8616.51265788166,1687
0,0,223,1231.277433068943,6755.299943415788,1701
0,0,224,1376.133649551585,7086.847641040896,1763
0,0,225,1314.659466453011,7049.693453728682,1664
0,0,226,1235.778433482667,6140.674535585866,1634
0,0,227,1203.498456214487,6552.29547743546,1568
0,0,228,1039.084960974483,4282.627948769367,1533
0,0,229,1126.833115537302,5675.64626936403,1565
0,0,230,1154.268637527479,6186.397927095434,1545
0,0,231,1081.234429827162,5034.217126810472,1468
0,0,232,1260.535167317,8576.02016681518,1417
0,0,233,1176.724156250121,6129.723885268675,1410
0,0,234,1141.774971699582,5970.14340304362,1397
0,0,235,1108.042294117669,5792.783305700006,1361
0,0,236,1070.574341801228,5602.628350183859,1361
0,0,237,1173.167022709902,8533.186436456088,1284
0,0,238,1029.973209475758,5471.189826085071,1316
0,0,239,1036.76151533214,5294.657224393359,1326
0,0,240,1061.802816805695,6182.574116073161,1340
0,0,241,1030.19179042707,5635.027042370352,1305
0,0,242,1104.360554766341,8363.994546452333,1296
0,0,243,997.9150421282153,4880.100322404387,1245
0,0,244,1084.812088716357,8192.194048339918,1172
0,0,245,825.8581540826452,3582.99441573591,1228
0,0,246,905.4881987074955,4792.258288463455,1194
0,0,247,960.6126136659152,5143.039876226551,1188
0,0,248,897.503053260467,4971.454955626141,1147
0,0,249,859.3952076320497,4246.650473329802,1145
0,0,250,917.9824601064623,5194.383051831825,1159
0,0,251,803.754165703274,3916.90911843574,1084
0,0,252,799.4931527860273,4428.75206507358,1084
0,0,253,833.6874338138095,4783.360888831286,1096
0,0,254,930.9284394427502,6915.41595134903,1099
0,0,255,877.8571101936832,5083.051810681892,1080
0,0,256,850.2572116090743,5165.42339452774,1023
0,0,257,791.5297418045516,4467.008652492632,1030
0,0,258,779.8103319701167,3972.664527253975,1046
0,0,259,696.2513395040386,2977.718588764692,999
0,0,260,745.3982173824419,3511.807244143974,965
0,0,261,668.2276886144668,2693.793138693179,946
0,0,262,767.3377816268905,4462.96461639936,957
0,0,263,773.4806757476654,3880.873396533269,938
0,0,264,801.956699476578,4358.749033359292,975
0,0,265,808.864418075607,4365.907011451919,967
0,0,266,715.9290374418822,3028.164139152573,916
0,0,267,755.8921640810928,4197.597357430162,905
0,0,268,775.6833030516398,4130.289438806049,887
0,0,269,721.3960220927395,3910.201244747756,925
0,0,270,672.9176794021334,3078.971792054936,852
0,0,271,732.2955416978996,3551.819114722905,866
0,0,272,807.8620375757694,6783.68052102068,879
0,0,273,688.7567530562402,3422.340264484653,829
0,0,274,682.8428901208702,3618.245541034024,801
0,0,275,668.5054249051765,3465.640056438875,851
0,0,276,643.4201432199695,3212.459685697417,805
0,0,277,766.6978410307063,5660.014776445642,817
0,0,278,741.0686582872576,4661.768441216977,833
0,0,279,639.8453839183569,3823.798984776991,809
0,0,280,667.8062109870932,3571.315678472743,821
0,0,281,663.3706907185009,3945.105941720742,788
0,0,282,597.9199097807983,2303.173044521684,786
0,0,283,633.3691260021345,3392.484030088326,786
0,0,284,565.77724560907,2744.314450604565,757
0,0,285,512.6491401560005,2146.221930587633,757
0,0,286,570.7082818742416,2925.260463288968,739
0,0,287,565.6566276471926,3378.330147001428,741
0,0,288,516.1422950104501,2059.979039590858,731
0,0,289,546.1733571227006,2437.018329498003,708
0,0,290,561.557913362842,2879.82184380297,767
0,0,291,562.8385151825789,3426.751716468356,696
0,0,292,570.2244526091224,2787.657567239775,719
0,0,293,543.8432602545881,2964.077809994197,706
0,0,294,573.5973744905533,3111.34572197652,709
0,0,295,522.6025457247897,2131.709515148017,697
0,0,296,517.0640341797797,2450.367175164982,674
0,0,297,595.0271857925609,2848.190181681326,663
0,0,298,594.4353561084304,4030.304781701903,665
0,0,299,512.9417164456461,2149.265041020963,940
