# mesh name: boxMesh_1
# primitive scorer name: doseScorer
# iX, iY, iZ, total(value) [MeV], total(val^2), entry
0,0,0,5599410.538130542,6364281.399976563,10000000
0,0,1,5668468.31758556,6977613.042872104,9998564
0,0,2,5703097.845410067,7126515.615506891,9995706
0,0,3,5729191.584791671,7083829.658497224,9992074
0,0,4,5760521.960992167,7473040.025207694,9987850
0,0,5,5781108.821659667,7481424.507957089,9983006
0,0,6,5804169.775179022,7499152.756042926,9977686
0,0,7,5824687.310945377,7518332.89535116,9972015
0,0,8,5851642.445144879,7809740.969632434,9965806
0,0,9,5867891.780135256,7680809.544715117,9959274
0,0,10,5887954.790849179,7808480.422409538,9952389
0,0,11,5904533.906279938,7813173.76451814,9945072
0,0,12,5918498.654003084,7752152.79719364,9937245
0,0,13,5932052.527223064,7768960.536401417,9929103
0,0,14,5953403.45513742,7886717.77901365,9920850
0,0,15,5970520.670531729,7998984.818018574,9912117
0,0,16,5984804.795114286,7967833.161905255,9903191
0,0,17,5998582.784762436,7983229.770819233,9893985
0,0,18,6014692.654961644,8086519.780885555,9884515
0,0,19,6023130.158785671,7879549.870811651,9874932
0,0,20,6040801.136304529,8078020.552933616,9865077
0,0,21,6056100.925074397,8058950.529597605,9854790
0,0,22,6068229.662988191,8065630.470285596,9844303
0,0,23,6082694.032127014,8179857.061158644,9833389
0,0,24,6095948.213169243,8090264.861308711,9822291
0,0,25,6110443.159050088,8218447.872971127,9811262
0,0,26,6123954.856675945,8157518.005427319,9799635
0,0,27,6136307.062655305,8223599.920700382,9787883
0,0,28,6148236.817867754,8164071.038502373,9776056
0,0,29,6163229.121230619,8230613.910923788,9764099
0,0,30,6174715.759086434,8184526.728047858,9751709
0,0,31,6189516.994068619,8265568.411435053,9739191
0,0,32,6202140.266049821,8246657.527295281,9726490
0,0,33,6212936.544570167,8331285.596654564,9713478
0,0,34,6222557.959154968,8210664.203059889,9700292
0,0,35,6238350.694077015,8233844.723772828,9687081
0,0,36,6251623.196346758,8372520.648174557,9673514
0,0,37,6265334.381884753,8407140.868324984,9659621
0,0,38,6276756.963205055,8354600.562890356,9645873
0,0,39,6292344.443954314,8523869.649353262,9631811
0,0,40,6306365.836825526,8471136.749759307,9617703
0,0,41,6316390.878376206,8446819.607960703,9603072
0,0,42,6331016.272328119,8478570.976516219,9588692
0,0,43,6345072.945011816,8527501.717216613,9573852
0,0,44,6356652.650765184,8528776.421991134,9558881
0,0,45,6365784.860949509,8416854.724140272,9543666
0,0,46,6379620.454521444,8462046.751178849,9528533
0,0,47,6396778.491376755,8572682.749052059,9513368
0,0,48,6409980.372149611,8493274.806776192,9498226
0,0,49,6425405.731393861,8580770.956250399,9482443
0,0,50,6443020.103573606,8726845.499846185,9466680
0,0,51,6451411.603052437,8574821.356792081,9450432
0,0,52,6467252.689898673,8603116.789722364,9434409
0,0,53,6481785.305187734,8572946.961574297,9417997
0,0,54,6498460.43321492,8703527.249234647,9401849
0,0,55,6517305.820126563,8786210.848183455,9385525
0,0,56,6531450.837266294,8734189.258394042,9368857
0,0,57,6544109.444016576,8727266.158223204,9352032
0,0,58,6561289.616079608,8692611.976258967,9335086
0,0,59,6578742.865405777,8798372.935304554,9317983
0,0,60,6592785.25185271,8747066.152909255,9300606
0,0,61,6610610.247998832,8775331.667610813,9283596
0,0,62,6627997.459482983,8833998.041601714,9266226
0,0,63,6646383.393623011,8904662.55477421,9248607
0,0,64,6662794.199282534,8874795.919872293,9230975
0,0,65,6680358.776508522,8905710.991447547,9213320
0,0,66,6699034.232258705,8974348.329081479,9195272
0,0,67,6715642.046748379,8970325.103334893,9177136
0,0,68,6734226.367077873,8964415.212973729,9158759
0,0,69,6752409.866986478,9003944.865349434,9140344
0,0,70,6770222.317961376,9006840.828357901,9121950
0,0,71,6789548.748532697,9045973.735492215,9103556
0,0,72,6809776.932220768,9129335.774424523,9084681
0,0,73,6828969.284057327,9063562.313699512,9065840
0,0,74,6853081.823982934,9238278.19945698,9046826
0,0,75,6867278.41420453,9086762.346684089,9027338
0,0,76,6887782.289094526,9090601.685165949,9008155
0,0,77,6911398.1281077,9244632.865778428,8988923
0,0,78,6928726.159560854,9214366.940729911,8969164
0,0,79,6952660.092638956,9303341.16767589,8949490
0,0,80,6975387.213691671,9312920.083156096,8929876
0,0,81,6993528.385272647,9241819.494899698,8910134
0,0,82,7019918.880124749,9359724.589185538,8890164
0,0,83,7047334.676819629,9562091.519856494,8870385
0,0,84,7066720.037352459,9468433.332169201,8849881
0,0,85,7090804.704902866,9490459.965740673,8829229
0,0,86,7115390.699058746,9553541.810124107,8808911
0,0,87,7140579.312936033,9577616.36806789,8788153
0,0,88,7166509.854077662,9638984.911503524,8767177
0,0,89,7195109.780843707,9690279.86045118,8746390
0,0,90,7216833.052916296,9632976.281381529,8725287
0,0,91,7248476.403316725,9780282.625697954,8704030
0,0,92,7278214.939956134,9889328.977919975,8682807
0,0,93,7304001.78848092,9827896.575736087,8661326
0,0,94,7337797.801232532,9973199.68400904,8639887
0,0,95,7363192.006052579,9873429.151978549,8618081
0,0,96,7394211.08148946,9926027.054522833,8596122
0,0,97,7421312.117980846,10019203.66156876,8574016
0,0,98,7446976.727440367,10171695.94725541,8551913
0,0,99,7460990.255835062,10170521.57252171,8529659
0,0,100,7481486.665937554,10234169.00203898,8507357
0,0,101,7512580.213437996,10227019.70977228,8484565
0,0,102,7558423.387948292,10385953.54111489,8462018
0,0,103,7611317.429299912,10497908.58627092,8438896
0,0,104,7665280.698498143,10520482.07105203,8416056
0,0,105,7721384.324234216,10642992.79415379,8393102
0,0,106,7779934.860745933,10766453.31412064,8369493
0,0,107,7835638.410466423,10879016.83846121,8346158
0,0,108,7892520.7693726,11015922.41997383,8322365
0,0,109,7946610.292988577,11154828.68228471,8298670
0,0,110,7996089.628613777,11280505.0092217,8274562
0,0,111,8040590.411458274,11277451.98743842,8249880
0,0,112,8083261.129572558,11313163.24645778,8225858
0,0,113,8131063.126450259,11546837.66699385,8201488
0,0,114,8171344.666263821,11612197.89048097,8176614
0,0,115,8215208.480475838,11701944.32566236,8151619
0,0,116,8261968.16977998,11898595.60278536,8126313
0,0,117,8306454.573047634,11833291.07368192,8100617
0,0,118,8364112.544983937,12102946.11048308,8075008
0,0,119,8427803.396245901,12248601.42898215,8049324
0,0,120,8498969.836389991,12415905.56638194,8022994
0,0,121,8575498.711174201,12562086.90943297,7996420
0,0,122,8664862.693708377,12806673.47686995,7970005
0,0,123,8759026.564100318,12995826.7856638,7942953
0,0,124,8865233.774140103,13314072.97190039,7915854
0,0,125,8979745.527063936,13639221.32204867,7888189
0,0,126,9097366.247791536,13892536.80702624,7860550
0,0,127,9221514.877160534,14249620.94037135,7832561
0,0,128,9350737.163620505,14606536.18590336,7804102
0,0,129,9479922.427781012,14904385.42072749,7775568
0,0,130,9609098.932863174,15296290.31183858,7746205
0,0,131,9738735.253871119,15618436.92849614,7716616
0,0,132,9876413.640103662,16115822.2219092,7686868
0,0,133,10015734.33301444,16497236.25318702,7656325
0,0,134,10175665.10892567,17081831.31819482,7625801
0,0,135,10352389.39172844,17688586.37912177,7594164
0,0,136,10558678.82321469,18539145.05349191,7561993
0,0,137,10785132.50203254,19375940.33261632,7528977
0,0,138,11032703.82908199,20244805.0551859,7495093
0,0,139,11298471.72173162,21062825.73864174,7460673
0,0,140,11593964.83635624,22087042.33418369,7425622
0,0,141,11903774.68886903,23035236.74022102,7389278
0,0,142,12247114.27155962,24147897.84803552,7352527
0,0,143,12645394.99958462,25648022.7572001,7314986
0,0,144,13101845.30547547,27305387.39247726,7276077
0,0,145,13647936.58249785,29516513.20865532,7235655
0,0,146,14301944.77913903,32365763.53710425,7193142
0,0,147,15092955.35070536,36123384.59274518,7147058
0,0,148,16071494.57557639,41145830.73247682,7095564
0,0,149,17327196.50776235,48291884.32554899,7034535
0,0,150,18999471.63197803,59132733.03242584,6954864
0,0,151,21205225.43302434,75978456.34475459,6829501
0,0,152,23707060.20650448,99282939.30241103,6585955
0,0,153,25345949.09087569,122429723.1929188,6077145
0,0,154,24071570.92346383,129373366.099237,5122109
0,0,155,18817533.96176918,108247637.2647764,3711040
0,0,156,11334139.56818526,67498022.58902825,2167483
0,0,157,4986521.609170492,29944627.93795316,963174
0,0,158,1545042.103148611,9170620.982183723,313560
0,0,159,327777.940866799,1899970.660994019,75397
0,0,160,49519.7826920324,273137.0109739713,18254
0,0,161,8845.332268617596,46298.23980480572,8842
0,0,162,5313.141874329622,28923.25094924017,7723
0,0,163,5034.293957603271,26601.0296435413,7369
0,0,164,4710.775035017242,26934.64491013793,7028
0,0,165,4491.308855584637,25044.19365022986,6869
0,0,166,4433.903799176141,22839.84566797555,6534
0,0,167,4417.408327288955,22654.21623723721,6415
0,0,168,4247.087941156233,22796.47503300908,6275
0,0,169,4207.62397147735,22419.37271340869,6044
0,0,170,4002.788962426231,22914.7812843369,5738
0,0,171,4038.752735329258,22166.70874036012,5606
0,0,172,3823.249366455546,21339.63562331012,5457
0,0,173,3725.163251552433,20311.76980753738,5259
0,0,174,3555.466384311026,21015.89945190769,5153
0,0,175,3586.83135402586,18211.85706153786,5133
0,0,176,3453.079493868149,17542.89319815702,4900
0,0,177,3445.093849736013,19338.18494296053,4692
0,0,178,3081.354434270647,16885.36958008793,4519
0,0,179,3114.722139951078,17931.53388602681,4473
0,0,180,3187.457100401773,17193.26795874807,4486
0,0,181,2968.746683469781,14924.05032007856,4232
0,0,182,3157.971739148627,18275.3820465607,4292
0,0,183,3081.739424965662,18010.34839410288,4108
0,0,184,2866.974961421993,16946.14008533553,4006
0,0,185,2784.054335179123,16044.314667465,3879
0,0,186,2705.141148874302,14615.17391223811,3865
0,0,187,2667.819958828156,15245.84816416032,3763
0,0,188,2626.016740801806,14389.16328780467,3618
0,0,189,2420.665207801447,13264.76087179687,3617
0,0,190,2367.728236029527,10826.09178448828,3638
0,0,191,2286.101457279009,11481.05450219875,3354
0,0,192,2371.401398820899,13395.26270476334,3377
0,0,193,2435.452333064564,13814.30310645133,3268
0,0,194,2234.118490734679,14837.5266023543,3123
0,0,195,2302.747797278293,15437.17017014965,3044
0,0,196,2019.72247201517,10195.79099176856,3035
0,0,197,2198.652413565462,11748.44684063278,2931
0,0,198,2228.452981444163,14490.07950486227,2978
0,0,199,2089.026830739577,10568.82958888467,2863
0,0,200,2140.975910881228,13003.62620289884,2853
0,0,201,2051.989428025879,10571.71462322528,2828
0,0,202,1939.637881212284,10402.83160520951,2746
0,0,203,2121.709064802975,14491.10961963927,2627
0,0,204,2022.342118529125,12870.58057252172,2575
0,0,205,1971.422073027591,12371.54249612985,2586
0,0,206,1627.745233227882,6875.761464847379,2430
0,0,207,1687.786839673761,8981.850023909359,2384
0,0,208,1931.818991305068,12754.26676629724,2374
0,0,209,1908.178747710479,11966.86349263349,2292
0,0,210,1834.730431235585,10258.39045539849,2264
0,0,211,1731.385199051905,10281.46245582947,2235
0,0,212,1697.687575476958,9624.614969784279,2170
0,0,213,1603.837739187541,8458.794386613848,2107
0,0,214,1550.931884237836,8236.527652218399,2107
0,0,215,1600.315416204665,8708.878716448042,2060
0,0,216,1431.485954228211,8009.75208952371,2019
0,0,217,1628.080832387268,10222.85751142923,2015
0,0,218,1500.719318508051,7885.792154022493,1922
0,0,219,1468.82938602797,7775.347043671001,1920
0,0,220,1591.062851441271,9974.050833726498,1901
0,0,221,1589.825756619379,9102.83731944704,1892
0,0,222,1503.334546089412,8307.866030189753,1817
0,0,223,1354.580011809917,7896.646814354965,1769
0,0,224,1479.461690687502,7979.392618772423,1786
0,0,225,1470.639475239877,9985.600496419393,1790
0,0,226,1280.700166861743,7392.806272348089,1750
0,0,227,1246.295420275497,5314.439466266385,1727
0,0,228,1316.848360991759,6899.459589782549,1730
0,0,229,1227.515014383955,6398.041296545136,1656
0,0,230,1261.674998478326,6885.209979727843,1643
0,0,231,1208.595049404635,5810.062678720964,1602
0,0,232,1339.027472868288,9345.306982212891,1558
0,0,233,1175.807879904735,5326.930723332469,1496
0,0,234,1236.530564379786,6971.994252968772,1520
0,0,235,1180.212873241882,5856.544419638353,1522
0,0,236,1138.882108881732,6131.996037159075,1438
0,0,237,1015.941758477255,4592.102146776078,1437
0,0,238,1106.152041387544,5605.832770658431,1420
0,0,239,1028.858939528516,4529.45138758758,1423
0,0,240,1040.291244517773,5695.592792983155,1426
0,0,241,997.9685776433016,4483.394540979277,1410
0,0,242,1051.698189548606,4873.592773599859,1392
0,0,243,1099.791399619974,6189.432249116076,1333
0,0,244,1061.089699167588,5243.033028264814,1303
0,0,245,988.7901420190124,5454.830383917064,1239
0,0,246,1035.141622156475,5495.624112361324,1285
0,0,247,1081.469533174116,5377.535577893506,1271
0,0,248,979.3694028516099,5846.624179696996,1237
0,0,249,824.879333609061,3186.918442952605,1199
0,0,250,1072.097661922093,6513.844609640279,1229
0,0,251,957.4318448848501,5523.671138705649,1205
0,0,252,971.0199011480269,5082.683694212019,1202
0,0,253,999.9995737697161,5247.484621977803,1173
0,0,254,902.8373066690617,5600.892592853596,1098
0,0,255,803.0748793854264,4678.992195783496,1102
0,0,256,830.1615086537339,4604.061471575407,1096
0,0,257,828.0902876399334,4891.458469619072,1078
0,0,258,740.5019193107307,3078.462572717043,1060
0,0,259,920.5962313740382,5859.524152091013,1083
0,0,260,958.519543078726,5959.292592174756,1056
0,0,261,833.8646062781114,4682.76653428416,1069
0,0,262,743.4886103692177,3484.800409231882,1059
0,0,263,795.3997563566591,3873.958756283687,1037
0,0,264,774.052386130182,4207.113039496518,1010
0,0,265,727.0958395593275,4331.687450757257,988
0,0,266,793.268118784564,4417.275799358557,1004
0,0,267,776.9202286748824,5004.839513128886,937
0,0,268,818.9980762788381,4315.324149271099,986
0,0,269,784.5799671440629,5102.927101126964,969
0,0,270,824.5104638035108,4591.70759416948,932
0,0,271,841.6432558555844,4965.052634687216,971
0,0,272,790.370251452426,4715.49415081872,916
0,0,273,717.2065661067704,3721.264114241039,894
0,0,274,826.2773570914916,4574.676001326656,922
0,0,275,776.7726351147173,3689.080155576758,879
0,0,276,812.64887568491,4583.147789172842,872
0,0,277,779.4179623067658,5323.506370728372,823
0,0,278,746.7745689735674,3987.159398252251,823
0,0,279,773.1164795077583,4487.317790176427,860
0,0,280,712.0944265721273,4546.734885576896,794
0,0,281,736.940822105328,4636.751110724278,801
0,0,282,644.6534093564253,3234.190331211818,786
0,0,283,735.2709761126417,5704.483523758719,798
0,0,284,706.3287143512205,3855.977001347653,801
0,0,285,606.4420052149366,3001.491173567554,773
0,0,286,623.3737603527003,2993.22572474295,734
0,0,287,697.4895954204869,4217.209942856018,764
0,0,288,583.7504110411433,2678.826310790314,725
0,0,289,526.0825214086216,2260.176686960314,715
0,0,290,622.4994992051868,3847.939399092826,721
0,0,291,586.0219825525465,3567.17921343747,685
0,0,292,514.3852523823455,2335.469077742086,672
0,0,293,520.2504783895279,3271.608419126813,657
0,0,294,507.8740446586245,3270.492940502921,668
0,0,295,478.6933031316127,2549.883278280796,693
0,0,296,461.5600533829796,2098.659149454685,650
0,0,297,486.7264482960403,2548.6086250476,665
0,0,298,514.4788529727132,2402.191820911617,639
0,0,299,559.4964185997976,4014.706194123497,939
