# mesh name: boxMesh_1
# primitive scorer name: doseScorer
# iX, iY, iZ, total(value) [MeV], total(val^2), entry
0,0,0,5548677.4871583,6350995.983188282,10000000
0,0,1,5616679.458575975,6870926.400972681,9998577
0,0,2,5652614.565174796,7101163.300239949,9995771
0,0,3,5677983.46011692,7060533.63906587,9992156
0,0,4,5708682.93343886,7449779.096578084,9987967
0,0,5,5727800.140849735,7409532.695235193,9983172
0,0,6,5752203.707813622,7443950.718873293,9977867
0,0,7,5771832.816145649,7472931.571607816,9972241
0,0,8,5797401.71844879,7731942.101710192,9966144
0,0,9,5814654.750712867,7693218.174229953,9959785
0,0,10,5832565.576762067,7763426.644146683,9952779
0,0,11,5848290.225891543,7746462.412272636,9945704
0,0,12,5864643.256692119,7740945.1485228,9937963
0,0,13,5877630.357436537,7728903.082508374,9929869
0,0,14,5897789.258998591,7859194.312106978,9921638
0,0,15,5913674.791197026,7892105.783433731,9913021
0,0,16,5927407.147580456,7958075.805216745,9904305
0,0,17,5940131.311811356,7858313.560359927,9895195
0,0,18,5957761.968183885,8059944.041683743,9885796
0,0,19,5966849.107846179,7909126.401033431,9876341
0,0,20,5980851.99893453,7967482.227030655,9866610
0,0,21,5997937.214528312,8105233.524544988,9856458
0,0,22,6008018.245838946,8028285.181530203,9845931
0,0,23,6021428.349214244,8034107.051797349,9835400
0,0,24,6037313.308986157,8133339.791747945,9824483
0,0,25,6048549.42292937,8129010.832220959,9813450
0,0,26,6063361.47544576,8167354.56275871,9802093
0,0,27,6073431.133670744,8142454.666585751,9790257
0,0,28,6083694.333379939,8094067.965465254,9778356
0,0,29,6099263.297795145,8230068.236204889,9766506
0,0,30,6109555.715898604,8197163.620687567,9754335
0,0,31,6123695.53137228,8242039.033714745,9742009
0,0,32,6137315.485942324,8260796.398082474,9729532
0,0,33,6148025.846509045,8298831.262626555,9716656
0,0,34,6156662.618129537,8210911.5923797,9703594
0,0,35,6172181.052208466,8249434.893042894,9690492
0,0,36,6181716.254184283,8202776.261869757,9677009
0,0,37,6196050.004567697,8320925.989802973,9663381
0,0,38,6206848.16439729,8291061.014826907,9649670
0,0,39,6219913.465797541,8383241.878367022,9635631
0,0,40,6233676.556327831,8429366.112343727,9621748
0,0,41,6245147.736144311,8390574.948216621,9607474
0,0,42,6255774.559396852,8326654.755548432,9593247
0,0,43,6266923.209354861,8309606.316119504,9578823
0,0,44,6280844.40552458,8394960.885870177,9564045
0,0,45,6290360.245142272,8364552.855904847,9549057
0,0,46,6303694.914559621,8391342.143147197,9533980
0,0,47,6318843.24870217,8457202.79315041,9519345
0,0,48,6332950.492278351,8505437.161306929,9503877
0,0,49,6348143.182126101,8586098.3672096,9488540
0,0,50,6359798.235487513,8520426.818419527,9472742
0,0,51,6372089.821942213,8569231.735767342,9457107
0,0,52,6385367.562607748,8599653.864924818,9441093
0,0,53,6397865.030097879,8545621.683499714,9424947
0,0,54,6411613.355205042,8529014.26307394,9408933
0,0,55,6429803.751853753,8709351.547026293,9392641
0,0,56,6440946.007164911,8557588.935216509,9376186
0,0,57,6455511.566430118,8628233.836100686,9359510
0,0,58,6471089.786970153,8603298.390711987,9342968
0,0,59,6486639.724414216,8679158.317311078,9326185
0,0,60,6501193.611850481,8705276.664368166,9309274
0,0,61,6515473.271223513,8661946.508794166,9292094
0,0,62,6533285.835197547,8704444.768021682,9275143
0,0,63,6550539.535908164,8832277.476316936,9257531
0,0,64,6565506.472763306,8817490.069685096,9240014
0,0,65,6579218.689221245,8775491.011139989,9222511
0,0,66,6595741.832842773,8830981.08667659,9204748
0,0,67,6615374.057356451,8925263.536024662,9186937
0,0,68,6630938.934273731,8858082.654539349,9168952
0,0,69,6649355.683879256,8903295.212346809,9150848
0,0,70,6664962.926478139,8926608.191586971,9132882
0,0,71,6682563.193894253,8962742.903175987,9114093
0,0,72,6699299.114036255,8930860.603361905,9095968
0,0,73,6719428.550252916,9020247.400477305,9077278
0,0,74,6737431.604891838,8931923.653558509,9058619
0,0,75,6753474.692920566,8971169.41798427,9039617
0,0,76,6772628.698241413,8933079.622078583,9020880
0,0,77,6795018.988857431,9126608.423895778,9001681
0,0,78,6810790.715317733,8998443.760541528,8982369
0,0,79,6832805.548912531,9182374.230528649,8963099
0,0,80,6853102.81237897,9107999.351175576,8943599
0,0,81,6871773.179739921,9095551.945762187,8924522
0,0,82,6892221.858208155,9129529.373964692,8904933
0,0,83,6915717.561677345,9255903.725284033,8885116
0,0,84,6934197.129631288,9232617.797623897,8864986
0,0,85,6958370.712388101,9360496.801697696,8844970
0,0,86,6978671.67746819,9258999.74721428,8825059
0,0,87,7005229.812753765,9396727.635773456,8804773
0,0,88,7027050.708370939,9404110.940218363,8784303
0,0,89,7051108.493337655,9440895.595949765,8763598
0,0,90,7075028.845114954,9453464.036961164,8743125
0,0,91,7100700.902258575,9515856.429930788,8722241
0,0,92,7127254.488608241,9618030.619479112,8701281
0,0,93,7153479.275218064,9610962.700849183,8680327
0,0,94,7181877.614323654,9717947.692933101,8659056
0,0,95,7207793.416937135,9678238.136550292,8637829
0,0,96,7236067.382426284,9743681.812329652,8616649
0,0,97,7263884.182678059,9720641.84055976,8594954
0,0,98,7297311.019311223,9884315.088245712,8573309
0,0,99,7329438.998945145,9990238.546275478,8551649
0,0,100,7354967.278532412,9983427.985716587,8529669
0,0,101,7379596.963784973,10000511.566586,8507726
0,0,102,7400045.036335859,10091706.98369264,8485314
0,0,103,7415532.046861948,10104711.74469525,8462859
0,0,104,7437482.842855821,10136690.99955612,8440102
0,0,105,7473104.651764615,10170344.94555668,8417379
0,0,106,7520949.762106141,10272504.67342388,8394554
0,0,107,7572337.837229857,10363420.01284249,8371831
0,0,108,7626909.779995182,10390028.80771665,8348721
0,0,109,7687993.223305624,10612221.14533965,8325403
0,0,110,7745295.810446614,10785538.77705781,8302153
0,0,111,7798288.025198862,10817154.78950079,8278417
0,0,112,7851582.088251005,10940489.9884101,8254826
0,0,113,7903513.437429104,11077711.49532554,8230574
0,0,114,7952830.736301496,11173015.61282163,8206487
0,0,115,7994207.320858087,11180725.33724695,8182357
0,0,116,8043620.996434201,11420934.26877503,8158172
0,0,117,8084376.039093032,11453068.08392499,8133689
0,0,118,8126760.486461735,11576945.79915198,8109023
0,0,119,8170603.846180363,11718683.93498782,8084146
0,0,120,8216059.961478811,11782389.89549179,8058768
0,0,121,8265583.639605,11846319.34116488,8033624
0,0,122,8324887.884219839,11999659.17027442,8007966
0,0,123,8389112.33484718,12167048.67264481,7982287
0,0,124,8462180.478534702,12354122.47702864,7955995
0,0,125,8543651.260141112,12559708.68099649,7929695
0,0,126,8638351.199630706,12896331.85224448,7903343
0,0,127,8733853.124777459,13052652.56039913,7876176
0,0,128,8837713.415334437,13289118.18083268,7848920
0,0,129,8949961.028135927,13576947.30863636,7821440
0,0,130,9069746.119288458,13864469.12852838,7793703
0,0,131,9195057.926626667,14220679.01560284,7765393
0,0,132,9323245.031296305,14564777.00493281,7736745
0,0,133,9452386.248922922,14953382.49831281,7708173
0,0,134,9580920.069709495,15334879.93450881,7678936
0,0,135,9712964.598026495,15720922.78499966,7649441
0,0,136,9846993.363337021,16099578.4009885,7619351
0,0,137,9991739.334920788,16558588.43486662,7588810
0,0,138,10155498.84823246,17151344.23443883,7557681
0,0,139,10338060.7303714,17788560.33037629,7526259
0,0,140,10549591.6537141,18641282.83355558,7494198
0,0,141,10781431.0496343,19494100.55523583,7461152
0,0,142,11037722.9649317,20425476.56681461,7427285
0,0,143,11309687.32594513,21271587.23123401,7392465
0,0,144,11605041.95495339,22251288.08478068,7356692
0,0,145,11923262.13626824,23224764.13026416,7320195
0,0,146,12280930.87703963,24443519.70298855,7283658
0,0,147,12687650.48331784,25879284.71425071,7245542
0,0,148,13172837.59929595,27813081.88370135,7206587
0,0,149,13745186.77470997,30154161.10640792,7165690
0,0,150,14435351.64074522,33229225.51942655,7122460
0,0,151,15282299.31423116,37402530.64780475,7075504
0,0,152,16335615.33483563,43005132.65969129,7020908
0,0,153,17709166.32829996,51222895.61155519,6954957
0,0,154,19528156.42838579,63729618.29388304,6862231
0,0,155,21840150.73381627,82585329.86436802,6705076
0,0,156,24127975.02642005,106228780.0718596,6387403
0,0,157,24915007.68963415,124820349.6569254,5745910
0,0,158,22368529.41852098,122886052.0154571,4645945
0,0,159,16299153.47702051,94779251.69779779,3181465
0,0,160,9083270.2837932,54244084.44328227,1738910
0,0,161,3705147.297411775,22215517.76772474,721631
0,0,162,1070711.178176165,6340968.594775185,220791
0,0,163,214449.6274808777,1232896.412746433,52344
0,0,164,32859.95044163056,184434.9597746456,14231
0,0,165,7546.044012185453,43951.84385769907,8348
0,0,166,4918.825140426801,25080.14323631448,7577
0,0,167,4500.115829183325,21199.82987600473,7205
0,0,168,4515.830397015774,22975.17265162231,6944
0,0,169,4455.297705681019,24893.2558956731,6753
0,0,170,4262.535929403775,22849.45318232826,6491
0,0,171,4393.029495125398,25758.51096057243,6288
0,0,172,3914.135650857758,21336.77916873894,6033
0,0,173,3705.236460737357,18360.50586858835,5899
0,0,174,3860.671960500272,25033.20045675159,5572
0,0,175,3849.244020187087,21808.15161695323,5533
0,0,176,3926.557798558606,20802.00186793696,5463
0,0,177,3901.759705351176,22101.31329355408,5380
0,0,178,3892.104376126773,24128.71982947807,5233
0,0,179,3634.214941627727,22014.14862519967,4943
0,0,180,3432.836978144407,18977.80647362847,4883
0,0,181,3376.014988231863,17630.18765211696,4715
0,0,182,3449.388766371299,19520.36676596164,4662
0,0,183,3094.304947702682,15611.0437283338,4405
0,0,184,3203.333414759386,16661.57693859142,4312
0,0,185,2963.323747521619,15747.82397145789,4113
0,0,186,3181.338130804243,20230.45634302379,4097
0,0,187,3031.944921688915,19838.22426698835,4101
0,0,188,2786.880098007613,16665.13318313014,3950
0,0,189,2806.383941541872,15298.13243568897,3856
0,0,190,2764.804539212523,14986.37989851328,3748
0,0,191,2936.871487281189,17457.57169400136,3741
0,0,192,2720.381355873942,15812.87052112277,3583
0,0,193,2623.851337761093,16121.60788771586,3522
0,0,194,2513.154181030824,13430.46363970873,3463
0,0,195,2502.075597598154,14728.24792637512,3410
0,0,196,2193.091031386892,10766.26870882269,3239
0,0,197,2279.30953720553,13647.72048322339,3209
0,0,198,2080.062493655411,10355.86285043639,3135
0,0,199,2079.073798123502,9911.058649538671,3087
0,0,200,2191.336475850384,11653.84366942879,3038
0,0,201,2088.145982637373,9996.80489716866,2932
0,0,202,2021.396237117722,9650.608569700664,2818
0,0,203,1998.594565662171,10363.21768421048,2800
0,0,204,2219.041984445041,15496.50828575924,2795
0,0,205,1920.229556593064,9393.429767771953,2728
0,0,206,1917.219152923819,11393.7109134826,2679
0,0,207,1875.673855411406,10390.85302740313,2623
0,0,208,1802.37371248404,11282.62109119986,2536
0,0,209,1856.20264771637,12427.53652603578,2517
0,0,210,1881.423467938557,11014.95615941677,2516
0,0,211,1792.072445303427,10340.66375774639,2374
0,0,212,1861.781224332143,11157.21476528273,2341
0,0,213,1636.663594082373,8151.029767942358,2311
0,0,214,1720.163287615281,10066.49184954959,2287
0,0,215,1655.857067569999,10106.19215068516,2168
0,0,216,1561.401714028023,8661.097103352702,2174
0,0,217,1571.763710032505,9768.321377532424,2118
0,0,218,1702.99106499239,10495.55302071676,2110
0,0,219,1602.799682989354,9009.523910125812,2024
0,0,220,1817.952418922479,13132.59573165962,2019
0,0,221,1660.799749564166,10961.6480790582,1934
0,0,222,1542.98977895871,10736.00007522632,1904
0,0,223,1366.975401802851,7192.63282000268,1842
0,0,224,1354.882832457599,7098.302719034302,1847
0,0,225,1550.972276930079,10862.71778574156,1833
0,0,226,1308.747978719206,6871.349685885458,1802
0,0,227,1308.494583655661,6627.306476421326,1752
0,0,228,1378.151565077413,9049.222211181193,1628
0,0,229,1267.739333980679,7459.77819448664,1619
0,0,230,1253.308817201976,7205.125740096193,1669
0,0,231,1258.846085976068,6371.410226575286,1692
0,0,232,1311.720230634477,8823.115464471677,1553
0,0,233,1274.219148406047,7724.633682968671,1559
0,0,234,1272.406228733893,7434.692407985415,1575
0,0,235,1266.67320450767,8336.544053894533,1579
0,0,236,1168.85095341869,5487.750502827091,1548
0,0,237,1178.109454680307,5764.574870882573,1511
0,0,238,1128.270895900548,4809.437611649721,1560
0,0,239,1142.296044858555,5111.651978512451,1511
0,0,240,1189.346802870129,6431.725483840546,1473
0,0,241,1172.855185039656,6522.584249166523,1489
0,0,242,1105.854089898716,6252.081606407441,1487
0,0,243,1272.403149646515,8577.474247558594,1458
0,0,244,1215.685281974621,6806.543671214957,1446
0,0,245,1240.20305650395,7179.122530066137,1402
0,0,246,1116.032625862713,5335.459721921665,1362
0,0,247,1079.395504320837,5254.875523737817,1312
0,0,248,1071.625226333907,5928.427794204508,1316
0,0,249,1082.468651412918,9407.578037412201,1252
0,0,250,977.2026585752824,4896.328505019766,1260
0,0,251,1079.631427299719,7513.454798456685,1251
0,0,252,960.6980218376104,4654.807270715379,1210
0,0,253,889.1406427733511,3739.708572664426,1142
0,0,254,1018.943197388641,6016.32437917054,1220
0,0,255,1038.836433881987,6210.671115872659,1139
0,0,256,917.1223174266581,4479.42677000098,1163
0,0,257,934.7268099240296,5679.296907436473,1113
0,0,258,1025.527014888726,5670.712531021221,1123
0,0,259,819.8769385896793,4015.002151977856,1133
0,0,260,867.6333647465578,5616.481429915928,1116
0,0,261,814.2214047113849,4166.309541277014,1053
0,0,262,730.5342301891958,2663.639706644144,1038
0,0,263,740.144230055353,3156.895559248055,1057
0,0,264,928.2760582093281,7745.546046055602,1090
0,0,265,865.7921589768079,4264.630112636143,1086
0,0,266,935.7191547256989,6480.674423182551,1006
0,0,267,899.0638639347183,7160.160213875259,1011
0,0,268,834.8271565546387,4277.023341212951,1020
0,0,269,774.081544558908,3338.452043821346,977
0,0,270,707.7385535503471,2716.519998956284,985
0,0,271,906.27898882529,5345.941178020284,917
0,0,272,924.9375329582783,5393.752150134424,917
0,0,273,733.957121316033,3684.042834681784,897
0,0,274,739.0962726122851,3734.487232240514,870
0,0,275,637.0723605350593,2695.126962970127,916
0,0,276,730.4410773353561,4864.498034287504,891
0,0,277,560.0412201034587,2234.166008209738,820
0,0,278,657.9018060198827,3405.264783844229,853
0,0,279,626.2606837983121,3258.33491555039,838
0,0,280,626.7662279536612,2888.00050862407,819
0,0,281,644.5254754103594,2973.869471438356,830
0,0,282,642.4887866321172,4859.255829641274,795
0,0,283,652.5599628007083,3759.149285746406,796
0,0,284,782.6310095465332,5949.13055280994,823
0,0,285,600.7614548304668,2670.929193481405,835
0,0,286,614.9620736271762,3343.656477038635,784
0,0,287,716.4367011683931,6161.802903856283,832
0,0,288,661.5354636488869,3708.145218391108,787
0,0,289,524.7474522376403,3349.752941763954,783
0,0,290,526.4262107834793,2067.44789410687,783
0,0,291,657.6688170863172,4921.764194659567,776
0,0,292,528.2733002697468,2824.324052404849,746
0,0,293,578.4426373568599,3697.817551887436,714
0,0,294,543.4401538006367,2844.385627334775,733
0,0,295,573.8403042441772,3411.871425320703,743
0,0,296,600.3904604715339,4725.394554613759,716
0,0,297,534.1240288767921,2382.611823587346,740
0,0,298,525.6225005740096,2859.781269735983,702
0,0,299,518.9055519671817,2510.553611746178,998
