# mesh name: boxMesh_1
# primitive scorer name: doseScorer
# iX, iY, iZ, total(value) [MeV], total(val^2), entry
0,0,0,5498513.135524756,6283357.301046913,10000000
0,0,1,5568142.283367635,6844098.7418808,9998597
0,0,2,5600966.057524106,6994273.001082074,9995781
0,0,3,5627106.985898033,7006680.88810902,9992241
0,0,4,5657776.48330301,7376954.770556139,9988177
0,0,5,5679111.999571294,7415276.103220218,9983413
0,0,6,5701680.034459131,7417346.882245598,9978174
0,0,7,5719097.043111322,7378619.69544261,9972644
0,0,8,5744439.109997411,7664299.108309368,9966617
0,0,9,5761156.496908562,7622032.666520081,9960322
0,0,10,5776631.252077998,7608061.184684464,9953414
0,0,11,5795511.259097174,7728934.362357272,9946461
0,0,12,5811541.841354379,7701928.797050942,9938861
0,0,13,5822546.97756109,7645836.472841821,9930799
0,0,14,5842235.370345023,7780069.704290716,9922689
0,0,15,5857480.045041484,7876077.592855816,9914380
0,0,16,5873016.969976567,7937114.530389703,9905602
0,0,17,5884074.991807079,7806062.802263578,9896859
0,0,18,5901093.341328746,7958463.604986507,9887696
0,0,19,5909389.055727072,7788412.397790611,9878287
0,0,20,5923785.090453702,7874383.167446917,9868492
0,0,21,5937633.818375448,7916024.381574792,9858427
0,0,22,5949276.788474264,7976428.035039532,9848242
0,0,23,5961672.726643194,7947752.347498426,9837537
0,0,24,5975899.913161438,8049471.688732475,9826650
0,0,25,5986619.313532215,8038585.923892396,9815799
0,0,26,6001914.993906766,8118138.789419964,9804733
0,0,27,6010455.799380869,7998961.587856697,9793175
0,0,28,6021751.695172632,8031780.783023155,9781420
0,0,29,6035666.734472635,8071206.855715932,9769704
0,0,30,6047277.022331962,8120743.608650666,9757799
0,0,31,6059853.729173989,8162284.611479096,9745443
0,0,32,6074283.434606021,8228148.455626689,9733119
0,0,33,6084016.60042434,8206909.694672862,9720339
0,0,34,6092884.375654876,8176389.417453316,9707578
0,0,35,6106254.757256224,8203573.239422901,9694373
0,0,36,6117600.774870401,8196117.444840077,9681260
0,0,37,6127985.45762299,8212714.25844788,9667752
0,0,38,6141626.19185514,8304351.397489196,9654300
0,0,39,6154258.173301575,8379540.687117894,9640524
0,0,40,6162659.666967588,8263318.536959089,9626722
0,0,41,6175713.245093841,8386238.847708195,9612508
0,0,42,6186647.772305117,8323426.530116894,9598317
0,0,43,6200222.897505536,8345188.673559867,9584080
0,0,44,6209192.049013514,8318621.069074646,9569339
0,0,45,6219941.35675822,8308992.465325829,9554669
0,0,46,6231802.130204473,8360527.356415588,9540022
0,0,47,6244287.46160317,8361661.973595981,9524932
0,0,48,6255651.055479093,8333838.502703378,9510005
0,0,49,6271412.240048815,8444114.387494307,9494740
0,0,50,6286427.169207687,8590178.111258827,9479465
0,0,51,6291956.336664587,8394869.413187563,9463758
0,0,52,6305271.381190412,8425890.476275245,9448117
0,0,53,6318431.33192304,8446193.977331381,9432415
0,0,54,6332640.882963591,8550648.540214231,9416519
0,0,55,6345940.609227086,8580137.406720893,9400478
0,0,56,6356825.298132674,8483203.364299936,9384124
0,0,57,6372655.993954307,8609841.371470677,9367833
0,0,58,6387236.489785249,8566504.619215991,9351498
0,0,59,6399694.607556501,8500895.160544096,9334862
0,0,60,6414078.290775721,8620967.683374552,9318261
0,0,61,6428316.945991801,8599281.175932955,9301217
0,0,62,6441218.767231401,8540367.878695268,9284325
0,0,63,6460745.287006694,8780917.442402774,9267350
0,0,64,6472968.663552009,8669485.751103494,9249809
0,0,65,6487651.027685435,8729474.04159772,9232489
0,0,66,6499708.229280317,8631971.86175859,9215015
0,0,67,6518907.254057359,8806264.257883864,9197233
0,0,68,6533217.91857701,8755468.487911692,9179590
0,0,69,6547703.058117254,8715404.928043425,9161642
0,0,70,6563618.971059133,8720172.333926544,9143854
0,0,71,6579726.260977429,8788856.527421994,9125575
0,0,72,6595442.074546929,8786817.271846201,9107080
0,0,73,6614198.020714714,8880418.937010273,9088807
0,0,74,6632333.761518771,8827978.287915092,9070446
0,0,75,6648054.681133552,8817261.846975205,9051868
0,0,76,6663890.395985194,8826763.985965446,9033239
0,0,77,6682233.52661192,8885214.446042344,9014456
0,0,78,6701021.078291134,8965748.037578886,8995600
0,0,79,6717108.067868722,8902283.159482865,8976682
0,0,80,6738458.509308161,8991253.264785165,8957779
0,0,81,6757564.029371078,9033102.179581165,8939011
0,0,82,6775504.588561395,8994824.304969195,8919598
0,0,83,6799503.78005174,9159556.240817368,8900116
0,0,84,6815618.094637728,9136371.671658047,8880383
0,0,85,6835452.428703678,9134802.25781312,8860734
0,0,86,6857275.663107628,9174382.684973929,8841191
0,0,87,6878677.561319321,9194855.643765982,8821288
0,0,88,6898141.537173728,9168520.031811655,8801308
0,0,89,6922009.511817247,9276115.55910958,8781124
0,0,90,6943461.025623534,9278421.907118201,8760443
0,0,91,6965789.480623489,9311061.271064378,8740120
0,0,92,6992481.332344847,9458600.015544757,8719417
0,0,93,7014536.865044477,9445710.160689343,8699044
0,0,94,7037317.162838642,9453029.871555166,8678150
0,0,95,7064994.201297754,9558353.388144881,8657325
0,0,96,7089678.197008418,9550041.961177621,8636514
0,0,97,7113286.515178043,9489373.010761388,8615166
0,0,98,7145036.649546236,9697715.285830444,8593826
0,0,99,7169778.174952858,9685654.805613609,8572223
0,0,100,7198442.001900684,9776679.474215627,8550725
0,0,101,7229088.168049205,9834762.750447657,8529404
0,0,102,7258311.973385416,9888641.591374058,8507400
0,0,103,7288017.086000903,9939247.898378614,8485630
0,0,104,7312881.77124826,9934884.615759598,8463549
0,0,105,7333753.184085691,9957475.594815496,8441006
0,0,106,7354107.963882678,10064929.78384582,8418717
0,0,107,7368818.559886815,9990214.091266852,8396114
0,0,108,7396527.435533382,10072324.92454917,8373775
0,0,109,7438342.951309001,10217670.58235267,8351177
0,0,110,7484533.194118335,10274011.39783452,8328183
0,0,111,7537616.3004499,10336832.36199188,8305034
0,0,112,7590508.246389389,10383638.13335188,8282310
0,0,113,7645099.605749818,10465721.2186601,8259127
0,0,114,7703227.542916252,10686645.23212736,8235535
0,0,115,7755952.525331699,10741177.96126816,8211671
0,0,116,7809496.957111928,10902268.58585728,8187910
0,0,117,7864058.419600043,11091886.95781052,8164332
0,0,118,7908631.08472403,11079328.6136177,8140085
0,0,119,7953145.725122076,11163345.04508594,8115825
0,0,120,7999700.791032947,11379911.53458241,8091397
0,0,121,8037823.08250923,11374689.7878376,8066804
0,0,122,8078492.588765136,11506466.90308466,8041697
0,0,123,8124324.24748368,11637777.3873052,8016918
0,0,124,8171828.225701347,11768164.60118273,7991507
0,0,125,8223384.123741651,11837706.55178944,7966128
0,0,126,8285899.199988328,12062377.27380215,7940359
0,0,127,8349920.726868162,12162493.14111576,7914359
0,0,128,8423152.215629283,12336951.72294722,7887954
0,0,129,8507399.286212115,12639099.0316327,7861563
0,0,130,8594218.002077382,12758238.56263632,7834699
0,0,131,8694452.328377005,12990066.09578996,7807916
0,0,132,8799784.896009879,13220502.25415643,7780554
0,0,133,8915384.776127283,13528381.00023445,7753345
0,0,134,9037530.596551009,13899190.95094722,7725542
0,0,135,9161222.188972749,14185356.85665678,7697347
0,0,136,9291033.363114892,14589225.08477648,7669103
0,0,137,9418745.119781375,14973807.69065023,7640123
0,0,138,9544838.374677632,15286797.26032966,7610787
0,0,139,9673171.618695801,15674852.38789086,7581167
0,0,140,9811776.933781972,16082327.84807514,7551444
0,0,141,9961376.388925821,16598973.92658954,7520989
0,0,142,10132379.71181252,17249121.78779686,7490371
0,0,143,10321811.83174058,17981580.2655208,7458649
0,0,144,10533040.35226251,18695380.60742563,7426278
0,0,145,10775262.89469245,19673552.76045582,7393268
0,0,146,11031108.34664839,20532776.96605714,7359118
0,0,147,11304861.19069219,21369023.01510116,7323979
0,0,148,11607155.07073114,22378367.65219803,7288521
0,0,149,11931985.39996798,23405357.79992189,7251991
0,0,150,12299499.48843946,24680420.97937147,7214874
0,0,151,12725534.29375435,26251326.07626868,7177236
0,0,152,13229836.40686326,28233769.57958808,7137947
0,0,153,13831456.53252943,30767349.47373861,7096574
0,0,154,14559960.31266367,34144463.15660436,7052299
0,0,155,15452253.99995899,38590017.39471705,7003356
0,0,156,16583625.83740314,44887098.81049763,6946369
0,0,157,18065949.34314395,54144308.41821865,6873576
0,0,158,20017079.45389589,68314230.22112367,6765552
0,0,159,22349997.17948542,88701219.76016384,6569119
0,0,160,24264798.03377327,111295724.3497374,6167915
0,0,161,24136570.63541163,124342915.8587025,5401454
0,0,162,20547586.16448863,114707863.3727093,4194923
0,0,163,14066853.21713182,82352504.66816199,2730954
0,0,164,7351886.071952477,43977831.55565856,1410276
0,0,165,2821561.913786673,16888092.11737135,554246
0,0,166,775720.1062220709,4580606.695657114,163024
0,0,167,149191.4361865974,852832.1894103754,38960
0,0,168,23745.94243587661,132394.4621224646,12239
0,0,169,6218.875170925563,32887.7164438527,7941
0,0,170,4807.566523759232,24548.16525287831,7396
0,0,171,4862.402898799041,28774.41798935329,7052
0,0,172,4568.149980250543,24442.42530717859,6760
0,0,173,4329.373503002411,24978.09145448374,6476
0,0,174,4331.064192770065,23683.1030181588,6494
0,0,175,4246.419945525791,22883.26215188065,6200
0,0,176,4048.364883672715,20099.11191738633,5950
0,0,177,3822.330878794829,19349.99691711673,5709
0,0,178,3563.016237415602,17037.28163935258,5508
0,0,179,3774.034048893473,23436.82428195051,5415
0,0,180,3484.925577218964,17628.81486770248,5280
0,0,181,3551.553274866375,18772.55905744441,5258
0,0,182,3524.709605937322,17778.72673207594,4989
0,0,183,3405.34952998627,18826.2884377148,4948
0,0,184,3536.001783242768,18565.76275296875,4747
0,0,185,3411.813248120683,18024.63743605428,4619
0,0,186,3288.125646970047,18054.15804567141,4539
0,0,187,3136.018062062532,18088.23967392173,4346
0,0,188,2995.27399952116,15202.39671478951,4210
0,0,189,2995.4112538832,17797.77441404946,4117
0,0,190,2953.955906034126,18273.27422979572,3976
0,0,191,2929.729902310513,16341.69578689391,3968
0,0,192,2866.773790417793,15495.22620883037,3776
0,0,193,2910.675157494093,16807.79006427573,3774
0,0,194,2829.010737067876,14703.50254683352,3758
0,0,195,2675.289005592459,15295.39280998049,3567
0,0,196,2681.805368261123,16327.19170103841,3499
0,0,197,2512.044277694813,16219.36002171097,3439
0,0,198,2549.772890447015,14373.33316041486,3288
0,0,199,2432.929549588988,13284.29564376543,3161
0,0,200,2266.336272498591,13835.81823825711,3112
0,0,201,2302.196911450822,13609.94273272423,3071
0,0,202,2129.875204327261,11452.14902035478,2997
0,0,203,2204.953879185549,13348.36732495874,2930
0,0,204,1971.197809199913,10305.26329944246,2882
0,0,205,2158.416521115646,12858.64085330801,2857
0,0,206,2035.189403206896,11510.81511296046,2779
0,0,207,2138.369767785386,13036.99343452483,2798
0,0,208,1990.528270002136,12397.22492173611,2695
0,0,209,1961.842494260804,11654.91604081886,2618
0,0,210,1794.009910915682,9933.277803745517,2538
0,0,211,1800.34446681038,8406.425921401522,2558
0,0,212,1901.03225974716,10232.99167213841,2495
0,0,213,1785.073701510916,8616.048782746389,2463
0,0,214,1778.281474210749,9220.223579735579,2407
0,0,215,1898.517098456746,11391.2715601548,2403
0,0,216,1824.981829810174,9549.985446012945,2385
0,0,217,1754.585025352274,12281.96911523797,2269
0,0,218,1652.819510565873,8892.370735949527,2249
0,0,219,1889.181689814212,14852.70363461294,2207
0,0,220,1684.121132386381,11731.92441929363,2093
0,0,221,1561.580769944653,7784.147121978549,2108
0,0,222,1545.468653313406,8512.832905339663,2071
0,0,223,1669.387151257206,10000.21080056596,2115
0,0,224,1878.714184654717,13008.99030995106,2093
0,0,225,1691.768211696259,10158.73251154303,2003
0,0,226,1589.729260020747,10140.13231504608,1925
0,0,227,1565.990615049577,9730.689198561509,1908
0,0,228,1534.107205662569,8396.939036084927,1867
0,0,229,1505.731962734622,9855.096913684785,1870
0,0,230,1375.696378412176,7588.655438879275,1862
0,0,231,1346.914663060123,7301.552878324577,1791
0,0,232,1408.124299409685,9546.014332816216,1770
0,0,233,1326.535594202711,6712.729692049343,1734
0,0,234,1436.387453439014,9363.441794467662,1775
0,0,235,1334.938341637084,6699.726961224527,1722
0,0,236,1251.514942867715,6744.437106165462,1640
0,0,237,1174.204711706823,5196.912432963574,1578
0,0,238,1229.284897569152,6040.735510245979,1602
0,0,239,1119.504403975804,5084.493402544093,1547
0,0,240,1150.613085634144,5486.797418227191,1538
0,0,241,1240.004591562365,8042.822716131741,1527
0,0,242,1213.512276208561,7564.709885839591,1491
0,0,243,1179.062586589342,6636.295352721175,1494
0,0,244,1140.425619575893,6301.277726939449,1438
0,0,245,1065.272224405782,5807.61260398752,1431
0,0,246,1083.71260346636,5951.708297572033,1437
0,0,247,960.9276911551422,3967.126951618167,1388
0,0,248,1055.68743996215,5667.241223482843,1401
0,0,249,1104.67875524292,6421.233435732319,1389
0,0,250,1094.507237859109,6517.456386595855,1332
0,0,251,994.7455806958885,5460.779949224703,1313
0,0,252,1115.000364797609,7246.299466536073,1295
0,0,253,950.086830718286,4845.918506710728,1213
0,0,254,1008.30243719758,5306.129381695719,1290
0,0,255,982.0091890719928,5006.949866161886,1268
0,0,256,912.175644451529,4516.795365602185,1206
0,0,257,977.7349454615478,6564.849933471301,1167
0,0,258,959.4380177201463,6455.38544057204,1225
0,0,259,834.3041805317247,4335.781562225458,1151
0,0,260,840.8641108550842,4029.123306951307,1174
0,0,261,825.8552018380087,4363.044414339513,1155
0,0,262,960.0743173171704,7107.079430451244,1162
0,0,263,822.6063618713104,4594.687620552208,1136
0,0,264,855.4889026020724,6205.699998078005,1061
0,0,265,906.0959668103524,5953.427091401163,1073
0,0,266,858.9962056786411,5755.476575125413,1067
0,0,267,839.0895195755218,4368.394293008794,1050
0,0,268,749.4022647612837,3664.212237499057,1035
0,0,269,789.8839249407686,4177.313353362582,1066
0,0,270,879.1714114147245,7639.144796245463,1002
0,0,271,814.7610016762652,3591.252250311912,1050
0,0,272,748.3538932782378,2884.439216702566,986
0,0,273,801.3241089629447,3672.842076654936,1015
0,0,274,816.1238402386884,5254.685252099531,1001
0,0,275,720.4806626700063,3497.095439209719,957
0,0,276,847.0711235276481,6284.542346644119,978
0,0,277,780.8345616695243,4905.977929819298,957
0,0,278,674.8464862979987,3446.102511365097,945
0,0,279,837.4594610059556,7020.100852960883,876
0,0,280,713.8840857802491,4672.523228662993,901
0,0,281,750.46504213515,4653.762841423419,929
0,0,282,761.0032079631856,3845.284382100709,921
0,0,283,693.7357047349674,3606.196943721065,889
0,0,284,676.6994796108871,3564.572115918943,878
0,0,285,827.8747539413855,6299.236085163336,869
0,0,286,677.0857833894647,3051.808933405928,878
0,0,287,645.4897890565137,3282.519538978166,874
0,0,288,624.9853532928228,3150.778138590156,793
0,0,289,600.7131111175431,2471.064093815065,817
0,0,290,499.9082522737849,1735.061921254383,770
0,0,291,644.2717338196172,3494.74509592196,796
0,0,292,647.7976394129961,5615.157879543881,805
0,0,293,650.3571829546623,4155.6609804808,792
0,0,294,582.3509301723462,2502.236323757458,818
0,0,295,696.2700951896063,4368.341470230764,788
0,0,296,591.0103886157011,2362.426877518914,798
0,0,297,647.0846108923502,3321.395506817359,737
0,0,298,574.4395099948166,2643.192594359272,708
0,0,299,519.3539288480727,2013.380773762539,957
