# mesh name: boxMesh_1
# primitive scorer name: doseScorer
# iX, iY, iZ, total(value) [MeV], total(val^2), entry
0,0,0,5449437.370688617,6231228.061272168,10000000
0,0,1,5520293.204003651,6809530.540347736,9998626
0,0,2,5553009.277204935,6925476.42843228,9995844
0,0,3,5578689.734639969,6980776.966080177,9992330
0,0,4,5607671.872484873,7306701.651765014,9988281
0,0,5,5630007.687041832,7379613.23886618,9983589
0,0,6,5650223.919431382,7335001.283978479,9978407
0,0,7,5667351.27823513,7309698.341614099,9973032
0,0,8,5692826.865861443,7636440.093705711,9967054
0,0,9,5708923.386086543,7537783.282395124,9960796
0,0,10,5724926.590927162,7547569.749754768,9954100
0,0,11,5743462.993375548,7655353.662422842,9947211
0,0,12,5758885.070817726,7659532.41253748,9939752
0,0,13,5768317.478010044,7582741.945481849,9931792
0,0,14,5788669.794775635,7669195.975981319,9923781
0,0,15,5805164.080329639,7847414.849717203,9915523
0,0,16,5819619.378141732,7879735.347417882,9907065
0,0,17,5833605.058653982,7874649.621753078,9898225
0,0,18,5846351.629168611,7927276.275472954,9889094
0,0,19,5855633.527780086,7795898.646558395,9879735
0,0,20,5869722.748839553,7881857.36515357,9870176
0,0,21,5881969.487458661,7887640.723857128,9860268
0,0,22,5893834.728081758,7913923.257475597,9850049
0,0,23,5905590.098766922,7940356.980047255,9839459
0,0,24,5918539.836188708,8003863.835422239,9828791
0,0,25,5930457.737148604,8012277.119993476,9818027
0,0,26,5943745.135634672,8054847.586331977,9806994
0,0,27,5952074.228372002,7938056.76290638,9795526
0,0,28,5964178.537903337,7986714.866041516,9783917
0,0,29,5976583.352087601,8050963.521304869,9772376
0,0,30,5987767.532918597,8043971.575488299,9760480
0,0,31,5999046.353841688,8049083.469524303,9748397
0,0,32,6011932.35158197,8110064.315431117,9736180
0,0,33,6020210.261480113,8094660.990478948,9723532
0,0,34,6029614.946694275,8081698.995696406,9711049
0,0,35,6042653.023673763,8147826.128284504,9698244
0,0,36,6053806.987473561,8152446.019692103,9685090
0,0,37,6066609.832232695,8199091.590270003,9671964
0,0,38,6075280.64347822,8143441.310165076,9658484
0,0,39,6086666.745686518,8210152.953547064,9645148
0,0,40,6098749.048131788,8290739.876512248,9631420
0,0,41,6110013.379796917,8291599.132964968,9617504
0,0,42,6120329.840702752,8270780.346289745,9603255
0,0,43,6130343.844658274,8243061.531786396,9589173
0,0,44,6141446.340158378,8284215.480141895,9574612
0,0,45,6149942.362605348,8224812.997162551,9560131
0,0,46,6162690.679365845,8326874.993991391,9545684
0,0,47,6174040.183355229,8239016.558193365,9530901
0,0,48,6186341.942685163,8300267.202516459,9515982
0,0,49,6198194.779802159,8277235.851365859,9500981
0,0,50,6212790.210567688,8451377.480937524,9485662
0,0,51,6219888.437443592,8339382.438181468,9470288
0,0,52,6230220.13337258,8381849.747821367,9454409
0,0,53,6243937.493362399,8409556.125383008,9438721
0,0,54,6254310.415397672,8425590.543925017,9423049
0,0,55,6266432.072557934,8366681.471128579,9407072
0,0,56,6276581.329078457,8323825.034153461,9390858
0,0,57,6290915.063596016,8406809.373830508,9375050
0,0,58,6303180.672691528,8494526.059925331,9358476
0,0,59,6316866.41148173,8526793.197305152,9342150
0,0,60,6328954.995286671,8552130.412242604,9325788
0,0,61,6337558.496519851,8381556.054117125,9308972
0,0,62,6354603.457624363,8510559.568821795,9292144
0,0,63,6370749.638557898,8631457.666094694,9275435
0,0,64,6381140.032356908,8516736.739015212,9258320
0,0,65,6394548.525553088,8568789.339664238,9241256
0,0,66,6411282.975618472,8601314.068548759,9224026
0,0,67,6425571.25609258,8614787.910082454,9206736
0,0,68,6444449.273781648,8722802.36157741,9189346
0,0,69,6453938.238718433,8631822.74871365,9171650
0,0,70,6469724.184233084,8681965.936248479,9153839
0,0,71,6483075.309057264,8661016.235259049,9135983
0,0,72,6497986.917630465,8606097.264221096,9118329
0,0,73,6515772.163032698,8714142.557149921,9099998
0,0,74,6531793.252431189,8821714.616947716,9081710
0,0,75,6546451.53228363,8772634.859340707,9063556
0,0,76,6561863.349321797,8758080.227713041,9045156
0,0,77,6578118.61487452,8759166.47245943,9026770
0,0,78,6594710.886416638,8779368.836596247,9007999
0,0,79,6612292.14939289,8851029.767070472,8989244
0,0,80,6629075.755789442,8872354.764654025,8970295
0,0,81,6643722.05073521,8863103.832149263,8951353
0,0,82,6659914.437895196,8807866.921840178,8932243
0,0,83,6683565.276022349,8973443.374187522,8913396
0,0,84,6700305.185837128,8947761.120657614,8894289
0,0,85,6717435.843713953,8948870.237102823,8874954
0,0,86,6738596.913969039,9011532.143997215,8855391
0,0,87,6760542.998394344,9100444.369434793,8835891
0,0,88,6775330.621210601,8978241.403173644,8816055
0,0,89,6798939.273078034,9151793.970078481,8796135
0,0,90,6816800.363995592,9078633.749414388,8775899
0,0,91,6838152.704502268,9118451.949244592,8756160
0,0,92,6861376.542666097,9222624.989129497,8736294
0,0,93,6884791.470748194,9283905.972346028,8715845
0,0,94,6902590.287813232,9175158.933428707,8695689
0,0,95,6926337.446198777,9305645.401809804,8674869
0,0,96,6950183.536075898,9357629.787853677,8654615
0,0,97,6974412.793216974,9361552.33867193,8633987
0,0,98,6998166.942229344,9414316.918530313,8612866
0,0,99,7026980.628727604,9610806.693891976,8591992
0,0,100,7050588.485390953,9560453.149182569,8570609
0,0,101,7073630.919155212,9546450.195007158,8549205
0,0,102,7101359.034855159,9620967.94197428,8528106
0,0,103,7129832.387409256,9630680.382578816,8506528
0,0,104,7157715.902095461,9718983.030687984,8485164
0,0,105,7182585.485541625,9679436.164959798,8463443
0,0,106,7212813.760899956,9759669.180943223,8441741
0,0,107,7242063.449439414,9868545.126759112,8419995
0,0,108,7263880.749561902,9820573.877930688,8397851
0,0,109,7286132.550651228,9851683.343246495,8375576
0,0,110,7308144.09085701,10034075.57085193,8353499
0,0,111,7327054.558616825,10020772.88975304,8331100
0,0,112,7349267.974431265,9894996.646474935,8308285
0,0,113,7394943.78203917,10082279.87205629,8285723
0,0,114,7446598.741412506,10250844.25094053,8263135
0,0,115,7495858.884845307,10214983.23786347,8240312
0,0,116,7553726.289898259,10415276.45201495,8217025
0,0,117,7607792.606562641,10471479.81137321,8193698
0,0,118,7663282.557396507,10645370.53373445,8170185
0,0,119,7715516.377375172,10705384.26295117,8146263
0,0,120,7768281.817546232,10872719.2978291,8122350
0,0,121,7821415.531422164,11061865.16211617,8098543
0,0,122,7864092.776082596,11039393.55650752,8074097
0,0,123,7904266.247015389,11081735.06696247,8049644
0,0,124,7950759.587499863,11258133.20525403,8025523
0,0,125,7991784.54069503,11395268.154446,8000800
0,0,126,8033699.530047583,11467137.58495403,7975910
0,0,127,8078564.749814283,11573046.12444951,7950891
0,0,128,8126422.722375314,11710394.79527304,7925847
0,0,129,8177806.250166751,11761214.8770698,7900104
0,0,130,8241600.959099001,11985943.7341537,7874498
0,0,131,8307580.52988224,12136613.76342005,7848984
0,0,132,8382621.498633121,12314489.23453403,7822245
0,0,133,8461615.629324418,12404775.18420284,7795817
0,0,134,8556997.873647995,12705295.31055722,7769190
0,0,135,8659634.003987441,12989619.8626327,7742176
0,0,136,8766674.94482521,13240763.26120329,7715015
0,0,137,8882587.282608291,13550766.46432827,7687726
0,0,138,9003598.325933414,13911432.4480258,7659903
0,0,139,9124458.472563693,14173490.22216604,7631608
0,0,140,9251907.890322408,14561585.07521636,7603027
0,0,141,9379953.182722036,14954722.25629133,7574376
0,0,142,9505119.605502468,15252628.8076623,7545290
0,0,143,9637425.693003148,15713709.18382214,7515397
0,0,144,9777094.946394686,16176217.66819737,7485572
0,0,145,9928041.628363179,16620966.43723574,7455177
0,0,146,10103094.92255358,17254483.02447107,7424535
0,0,147,10296897.43545878,18013492.45676955,7392866
0,0,148,10512421.9762349,18813909.99270079,7360015
0,0,149,10753727.98446947,19678177.33650561,7326719
0,0,150,11015271.03449135,20599818.05999194,7292726
0,0,151,11292145.02362567,21415840.97912602,7257543
0,0,152,11597869.82953468,22438894.71609304,7221984
0,0,153,11932629.97966048,23562995.5125424,7185652
0,0,154,12309167.2518999,24856172.1195018,7148357
0,0,155,12753448.35706051,26570988.79063549,7110258
0,0,156,13277273.80944642,28696711.43866307,7070575
0,0,157,13902641.53540021,31374880.61957467,7028686
0,0,158,14664049.42272062,34952709.89265852,6983563
0,0,159,15609912.8453321,39862876.22530144,6932814
0,0,160,16816707.74180609,46763881.42116651,6872728
0,0,161,18407444.21860137,57198215.64203128,6792516
0,0,162,20450941.01454147,72909433.95552015,6664102
0,0,163,22683011.70182281,93757095.0120638,6421029
0,0,164,24115199.71966051,114162485.1919068,5934122
0,0,165,23130359.28237747,121613224.7207841,5061776
0,0,166,18779520.99238681,106009915.646957,3789167
0,0,167,12195165.33202588,71707362.42122661,2361317
0,0,168,6060854.201208153,36261875.46315,1166440
0,0,169,2224271.778483143,13290161.686878,440273
0,0,170,586498.1089357344,3445587.216282375,125669
0,0,171,112031.0520137384,641577.7535466457,30939
0,0,172,17989.03670540903,98550.96306721441,10784
0,0,173,6247.898624598392,37811.97130681762,7939
0,0,174,4890.789946343935,27341.81574364699,7381
0,0,175,4614.411258495806,24214.10229477139,7098
0,0,176,4640.768885261921,26774.92391059126,6916
0,0,177,4636.57009669297,24851.30876568612,6625
0,0,178,4605.907930856014,26717.93122154872,6401
0,0,179,4056.830806799677,22025.90225729579,6210
0,0,180,4068.363062899665,20647.93164318109,6033
0,0,181,4008.63523310076,19169.88670531005,5909
0,0,182,4079.632616952738,23044.06608943788,5749
0,0,183,3751.205224286092,19086.15765024985,5505
0,0,184,3542.658986218715,17971.2529938451,5366
0,0,185,3508.651113782005,17079.85972164214,5113
0,0,186,3737.617124389408,22374.09056250423,4985
0,0,187,3521.241629281529,20028.63009215656,4840
0,0,188,3227.186551742854,15370.77118481609,4759
0,0,189,3172.304893472088,17352.42535659148,4605
0,0,190,2933.631608250401,12917.88249668022,4463
0,0,191,3154.514422444277,17907.08501992691,4363
0,0,192,3064.013226599912,16332.21520608189,4304
0,0,193,2912.720603843057,15675.47822676594,4188
0,0,194,2955.206083741027,17760.19662050099,4085
0,0,195,3143.254229590537,18975.41885242607,3992
0,0,196,3044.379152847165,17290.50753822251,3933
0,0,197,2768.654245232907,15688.08021940068,3799
0,0,198,2715.24355011024,14427.71845766657,3669
0,0,199,2766.638771182242,15855.63927713229,3670
0,0,200,2760.570005898348,16969.22866405498,3565
0,0,201,2515.74336427605,16188.3912327312,3507
0,0,202,2388.582940845566,12441.28771265025,3316
0,0,203,2343.756538340559,11141.19964395584,3357
0,0,204,2185.464204427394,9723.799486886068,3190
0,0,205,2250.568976321433,12247.52080829007,3145
0,0,206,2441.228759578046,13384.50445444906,3171
0,0,207,2435.813760317538,13306.17456508191,3091
0,0,208,2573.374645164133,18517.2421888574,2969
0,0,209,2174.091977073252,12879.73443845659,2831
0,0,210,2015.39585716494,11899.27186869705,2735
0,0,211,2033.545849061882,11274.96413714573,2751
0,0,212,2070.90483627065,11411.97012235703,2707
0,0,213,1902.662161161791,10302.14462808332,2689
0,0,214,1989.718555372984,13697.97146632502,2520
0,0,215,1959.248067742845,11224.22728404469,2564
0,0,216,1925.96450411394,13202.25401111244,2449
0,0,217,1826.867799258444,10647.54869633016,2463
0,0,218,1901.517393021266,11673.55254872389,2449
0,0,219,1829.271344401332,9764.245207116232,2335
0,0,220,1788.262448418636,9159.791395712924,2389
0,0,221,1800.505987145023,11026.85136019214,2292
0,0,222,1822.304216196317,10943.75386351686,2279
0,0,223,1683.815199050109,8711.898843681187,2206
0,0,224,1818.193465154263,14965.44912955444,2160
0,0,225,1617.548702324658,9882.628214538154,2069
0,0,226,1758.419011487531,12502.16043249061,2126
0,0,227,1511.814236090222,7464.50038125227,2071
0,0,228,1459.863288561761,7105.07309608952,1996
0,0,229,1542.356971294811,8671.392186797599,1910
0,0,230,1481.236529188775,8310.949241214279,1862
0,0,231,1412.102220115958,7330.779419394282,1869
0,0,232,1513.909307372531,11415.43234259794,1925
0,0,233,1445.988732432268,9039.0231461975,1836
0,0,234,1382.653683794207,8208.018392007452,1842
0,0,235,1419.410089162682,8933.761040440972,1815
0,0,236,1486.406268441192,9405.54800885566,1764
0,0,237,1448.90626363644,9211.832344157296,1760
0,0,238,1307.271468394297,6513.372419360225,1717
0,0,239,1366.899020208304,7077.190175361264,1706
0,0,240,1295.202879524177,6345.087083848372,1601
0,0,241,1294.732839660318,6494.601521222594,1605
0,0,242,1221.377750655116,6359.676131443947,1564
0,0,243,1192.072543534924,6255.329585901759,1515
0,0,244,1219.348547910297,6408.5278434077,1528
0,0,245,1229.940830519423,6277.064470735435,1590
0,0,246,1413.218716852849,10268.86824952944,1485
0,0,247,1303.577150545748,8297.01616509905,1487
0,0,248,1308.730178384709,7504.603364560059,1445
0,0,249,1201.046501175425,8434.323505201048,1412
0,0,250,1170.811229068276,5728.362162172293,1411
0,0,251,1159.951931915376,5861.061568688981,1440
0,0,252,1186.623504028041,6713.762501720844,1388
0,0,253,1155.912307448758,6229.213314524285,1369
0,0,254,1133.673239298431,5970.861542736611,1346
0,0,255,1132.602399461093,6622.741878705907,1307
0,0,256,1068.518796553642,5076.250432866592,1286
0,0,257,1035.666297672636,5170.98540041766,1312
0,0,258,1086.84904304706,6216.020056674401,1285
0,0,259,945.3746822825999,4148.755914990827,1280
0,0,260,1132.950007090957,6665.021881429677,1220
0,0,261,942.1948651997693,4369.76048377451,1201
0,0,262,941.386969068966,5064.289101407259,1199
0,0,263,1001.990482868175,5358.460445022305,1209
0,0,264,1008.33611837723,6032.263058770618,1183
0,0,265,982.7489871211399,6104.973438838495,1158
0,0,266,856.7181598761301,4082.992844238756,1117
0,0,267,900.8869561259216,4437.333300095521,1142
0,0,268,875.8403578149625,4702.759697762774,1099
0,0,269,1060.082333042081,9093.770179051166,1078
0,0,270,920.6944946749179,4760.025580196609,1059
0,0,271,888.8064819609464,3775.51976976451,1084
0,0,272,882.7737446755009,4922.966782408899,1032
0,0,273,800.6599622070264,3602.685077889741,994
0,0,274,875.6544254883077,4358.534939404756,995
0,0,275,826.9068935207764,4380.020439012897,988
0,0,276,812.3448794559872,3881.678148628257,973
0,0,277,774.0310182330194,4578.58241385465,954
0,0,278,836.9339170881328,5354.439941654686,963
0,0,279,730.5704280142411,3230.68076676236,952
0,0,280,740.6762203981225,4724.707413006796,935
0,0,281,743.4247343466463,3701.763662373604,958
0,0,282,893.5910035933373,5388.109483844183,992
0,0,283,872.28456653787,5624.358677207651,970
0,0,284,870.642969716627,5620.83067465107,947
0,0,285,784.5355837664902,4670.366720082809,924
0,0,286,704.7638316015762,3071.742400531316,926
0,0,287,836.8473241820203,5521.140848777737,905
0,0,288,747.1272409174394,3596.175786738389,885
0,0,289,764.2142662008227,4630.461788211043,884
0,0,290,708.8043170168023,3229.258783248909,834
0,0,291,744.6368233823239,4423.51988802049,868
0,0,292,727.4692213845067,3758.157713098374,863
0,0,293,711.0931518714519,4023.032413753302,783
0,0,294,703.7282253840123,4823.816959755395,821
0,0,295,622.6794204778653,3055.107554245766,799
0,0,296,744.7879225914346,7448.710793934194,758
0,0,297,577.0919695867012,3055.081235695205,760
0,0,298,532.2623379021127,2541.620525705748,741
0,0,299,640.0301516429213,4798.059994223687,1097
