# mesh name: boxMesh_1
# primitive scorer name: doseScorer
# iX, iY, iZ, total(value) [MeV], total(val^2), entry
0,0,0,5401128.692464272,6141168.468298509,10000000
0,0,1,5473186.785052991,6737093.708142024,9998633
0,0,2,5505576.754109692,6874999.389501278,9995874
0,0,3,5532585.08134895,6961155.067212142,9992432
0,0,4,5559880.479367942,7220200.998952439,9988404
0,0,5,5581551.589273644,7335954.986838063,9983837
0,0,6,5601621.411574444,7306741.463525708,9978741
0,0,7,5619757.4910578,7261827.857936757,9973353
0,0,8,5643354.655443368,7516754.425271195,9967481
0,0,9,5657913.637848254,7451738.990377154,9961189
0,0,10,5676343.11630103,7578871.010002866,9954661
0,0,11,5693773.777055004,7643981.83420681,9947829
0,0,12,5708433.204565115,7609250.603682638,9940578
0,0,13,5718239.53693657,7569715.283577645,9932627
0,0,14,5735695.062497625,7639399.949621155,9924662
0,0,15,5753090.277946229,7772789.67281674,9916545
0,0,16,5767361.197246814,7827104.472635226,9908115
0,0,17,5780422.006565373,7866806.52403497,9899363
0,0,18,5793787.516750924,7890329.73984242,9890279
0,0,19,5800333.154263429,7740728.42640203,9880988
0,0,20,5812730.93917966,7732819.076707586,9871436
0,0,21,5827421.492714626,7911251.163632907,9861726
0,0,22,5836346.712238702,7841881.012297922,9851686
0,0,23,5848019.537034351,7817949.174308987,9841178
0,0,24,5861543.181200738,7902105.137537786,9830722
0,0,25,5875731.050856907,8001928.683825485,9820049
0,0,26,5883340.126691394,7866014.487502136,9809051
0,0,27,5895944.622588055,7959081.293597195,9797881
0,0,28,5906149.839703907,7969117.565776069,9786409
0,0,29,5917252.261095336,7980366.557080992,9774949
0,0,30,5928607.505389357,7985927.600585277,9763189
0,0,31,5940092.629513626,8007299.362699721,9751065
0,0,32,5951492.861699024,8013667.751761442,9739056
0,0,33,5962578.546584895,8110787.086620567,9726619
0,0,34,5968822.622824721,7973313.194195544,9714122
0,0,35,5981450.58242071,8087995.872855891,9701401
0,0,36,5995496.18782437,8192451.184702241,9688565
0,0,37,6004721.969575905,8128879.902605982,9675613
0,0,38,6014689.19962352,8094451.899649771,9662158
0,0,39,6026141.311652293,8193760.559013589,9648677
0,0,40,6034601.774436757,8167254.17360088,9635214
0,0,41,6045368.42293909,8195333.233728221,9621463
0,0,42,6054344.680556862,8171507.338757974,9607226
0,0,43,6065888.502608086,8223163.427027574,9593244
0,0,44,6075446.85590329,8198236.721276965,9579047
0,0,45,6081695.591909695,8070194.561862791,9564714
0,0,46,6096369.071987628,8262723.817732997,9550226
0,0,47,6106418.034845954,8285565.192267548,9535770
0,0,48,6117622.840492472,8277924.853886056,9521007
0,0,49,6128050.729069416,8262453.490011808,9505943
0,0,50,6139446.131169589,8313991.636510523,9490793
0,0,51,6147761.356607032,8278601.67620303,9475683
0,0,52,6156992.371517894,8300213.192657662,9460023
0,0,53,6171047.087833018,8351657.482000947,9444594
0,0,54,6180553.364500785,8373019.483551702,9429152
0,0,55,6193363.978769017,8428598.819203213,9413401
0,0,56,6201342.834324306,8276416.004101651,9397522
0,0,57,6214801.871500055,8338443.060109505,9381547
0,0,58,6223569.051625204,8310665.751262814,9365496
0,0,59,6235392.275739425,8335376.550338911,9349299
0,0,60,6244654.8166053,8312005.24969847,9332917
0,0,61,6257494.604915436,8333491.025907677,9316710
0,0,62,6269082.298164125,8404781.318111017,9299999
0,0,63,6285322.026461723,8528251.824690592,9283519
0,0,64,6297341.696757732,8497954.425868617,9266704
0,0,65,6307993.695381885,8465156.799784776,9249912
0,0,66,6321818.005953862,8498308.088004971,9232875
0,0,67,6334853.257070241,8451286.549402507,9215782
0,0,68,6349801.734091222,8490789.454934292,9198849
0,0,69,6363829.296891786,8548585.435208131,9181455
0,0,70,6375541.873163127,8556694.070417056,9163915
0,0,71,6387059.10637894,8405366.709957652,9146332
0,0,72,6403876.607834974,8540351.568431098,9128672
0,0,73,6420679.606849011,8618916.198920164,9110973
0,0,74,6433696.462338042,8610822.551590096,9092960
0,0,75,6447322.032555393,8538548.804910446,9074909
0,0,76,6462275.661304749,8555981.273992745,9057006
0,0,77,6478951.177047843,8637444.511161039,9038821
0,0,78,6495121.377986718,8660854.384481341,9020520
0,0,79,6510562.404690688,8725637.892574374,9001646
0,0,80,6527723.052782132,8735605.615175761,8983162
0,0,81,6541797.350723111,8770415.33369939,8964264
0,0,82,6553566.835858659,8676377.13253225,8945090
0,0,83,6575060.244311653,8841093.580796702,8926347
0,0,84,6589126.525167053,8736858.841607083,8907545
0,0,85,6610001.916200938,8858555.487794526,8888318
0,0,86,6624650.590158034,8811278.058697017,8869391
0,0,87,6643572.007711959,8882416.251356468,8850043
0,0,88,6662801.776816616,8913764.880757336,8830898
0,0,89,6681002.485346865,8946816.855518254,8811723
0,0,90,6700114.048516373,8954838.034183487,8792212
0,0,91,6716227.812227963,8898749.332776386,8772721
0,0,92,6740718.530138955,9073150.718963504,8753044
0,0,93,6760329.766969284,9071664.86845094,8733123
0,0,94,6782140.836107527,9133300.036927927,8713122
0,0,95,6801272.020253373,9147951.20073883,8693171
0,0,96,6818654.818719758,9063576.178467039,8672812
0,0,97,6841775.18673154,9106041.099429127,8652660
0,0,98,6865090.476502754,9206828.939817354,8632074
0,0,99,6885903.449559739,9183009.965358395,8611551
0,0,100,6908877.339689049,9234716.606811607,8590888
0,0,101,6935115.596650856,9337700.060195222,8569923
0,0,102,6957242.783906861,9349506.096562114,8548885
0,0,103,6983748.669890816,9471890.56296682,8527992
0,0,104,7007160.583337113,9484012.925862858,8506796
0,0,105,7034257.871780995,9586722.495568378,8485210
0,0,106,7056540.628073284,9481394.850861799,8464070
0,0,107,7087948.824378213,9665085.430146176,8442694
0,0,108,7115999.838049793,9730828.363007292,8421173
0,0,109,7139612.361314037,9630247.950707093,8399235
0,0,110,7169554.93220792,9691552.103967793,8377552
0,0,111,7200039.003550513,9842389.936430415,8355697
0,0,112,7222366.222671912,9800269.145248279,8333609
0,0,113,7240961.949847209,9838875.678192768,8311109
0,0,114,7255732.562716947,9810254.148723019,8288921
0,0,115,7281392.152805749,9989559.598121881,8266495
0,0,116,7310025.337652402,9944866.306686513,8243857
0,0,117,7354864.373641865,10066882.72968036,8221244
0,0,118,7404314.938711802,10163745.6689339,8198387
0,0,119,7457598.490499054,10286409.41938196,8175537
0,0,120,7513474.64276534,10389633.63313765,8152169
0,0,121,7566810.673742343,10477026.96832299,8128939
0,0,122,7622114.254417293,10614963.23816976,8105356
0,0,123,7673254.423822784,10711310.87141517,8081886
0,0,124,7725963.946395755,10829685.34601195,8058220
0,0,125,7770382.901537713,10838049.37498634,8034223
0,0,126,7819206.867575576,11063514.29925557,8010050
0,0,127,7860284.788783463,11093578.39908823,7985681
0,0,128,7900256.547046889,11161363.05168132,7961113
0,0,129,7940909.033288287,11265007.18966721,7936355
0,0,130,7984874.033498636,11389881.77889403,7911638
0,0,131,8029665.060822861,11516272.82318152,7886610
0,0,132,8077143.506876613,11566422.48632188,7861396
0,0,133,8131540.087425312,11751345.36403021,7836099
0,0,134,8192111.300805028,11858161.41008934,7810234
0,0,135,8261020.900249751,12064552.8373044,7783949
0,0,136,8342792.731389554,12338451.22443398,7758044
0,0,137,8423532.16177525,12409131.23319217,7731562
0,0,138,8517703.298947584,12708608.40113677,7704962
0,0,139,8618693.612314396,12942355.17816264,7678140
0,0,140,8724773.32797073,13200919.63873632,7650518
0,0,141,8841227.201875864,13509682.55915361,7623391
0,0,142,8962222.702045251,13860055.21917167,7595434
0,0,143,9086788.502528068,14212977.69842629,7567165
0,0,144,9210817.39468969,14535566.78476905,7538838
0,0,145,9337241.644498022,14896360.20359404,7510290
0,0,146,9461775.217874181,15226370.49353914,7480924
0,0,147,9596352.699764824,15723813.53247477,7451297
0,0,148,9737603.219927214,16132841.85317555,7421270
0,0,149,9892998.403375752,16717218.49044929,7390683
0,0,150,10068373.19396876,17348708.13045108,7359306
0,0,151,10264003.28481612,18042732.54996684,7327710
0,0,152,10486441.33524146,18929370.61172641,7295340
0,0,153,10729153.2207371,19788267.21530028,7261763
0,0,154,10988945.07083667,20560020.32371426,7227678
0,0,155,11275645.98394017,21562620.25129898,7193074
0,0,156,11578226.91865532,22467254.61619956,7157348
0,0,157,11920041.257641,23629251.48847669,7121031
0,0,158,12312137.65544693,25082357.81879511,7083905
0,0,159,12769311.6841459,26839668.71453704,7045663
0,0,160,13309813.93929234,29020058.87235539,7005622
0,0,161,13959275.72775242,31869841.78201762,6963072
0,0,162,14755523.02435909,35724264.15723206,6917484
0,0,163,15749657.43065968,41045769.4260743,6865078
0,0,164,17032436.41048899,48694151.1004599,6801301
0,0,165,18707439.37482566,60112003.66475038,6711617
0,0,166,20786915.18004825,76861701.17251104,6560786
0,0,167,22855979.73583746,97706181.03134087,6268093
0,0,168,23778906.00289657,115406635.073411,5702865
0,0,169,22036323.9114935,117631371.6536529,4743948
0,0,170,17171866.44999823,97672128.78445336,3439375
0,0,171,10690039.06449867,63037230.84567408,2067248
0,0,172,5109045.595350483,30569892.03270991,986057
0,0,173,1815725.116491982,10830446.3528737,361765
0,0,174,469980.8264228894,2756304.396738874,102559
0,0,175,90065.00410568564,516224.6999497663,25935
0,0,176,15747.157598966,86170.97417087457,10252
0,0,177,5450.75346687505,27013.42000295609,7771
0,0,178,4969.584507362854,29535.11929255934,7252
0,0,179,4586.414126067331,21920.93679170801,7022
0,0,180,4733.089384974784,25296.03634282614,6789
0,0,181,4365.501608691044,22576.86239069978,6654
0,0,182,4565.350665893292,26302.05606757211,6316
0,0,183,4299.281027218305,22677.96877397738,6138
0,0,184,4069.672970365763,19898.48612662672,5936
0,0,185,4088.278180520088,22205.79032340852,5741
0,0,186,3906.838944929167,20795.43648877636,5529
0,0,187,3806.638390797787,19722.80217228192,5436
0,0,188,3942.690217267669,22399.82026024415,5201
0,0,189,3727.85305244946,22486.15256273985,5166
0,0,190,3340.884408909354,16656.53985158309,4949
0,0,191,3456.508623083728,18731.46056737081,4866
0,0,192,3417.796041721273,20599.23002251331,4687
0,0,193,3420.59164697959,19196.46655931439,4592
0,0,194,3286.78281244192,20753.31698544573,4479
0,0,195,3013.071030692968,14386.48679390338,4299
0,0,196,3093.254138358688,17581.72562761327,4206
0,0,197,2961.731974633065,16842.50758821042,4137
0,0,198,2960.501817849958,15599.59130519466,4107
0,0,199,2706.769679777812,14569.99080239914,3852
0,0,200,2654.079459574185,14021.13318555175,3830
0,0,201,2548.942506768274,14137.42465307264,3725
0,0,202,2718.507801190454,15361.09092834513,3674
0,0,203,2590.38878066503,14491.48041688098,3587
0,0,204,2593.944969967918,14412.31892023542,3501
0,0,205,2458.889452472024,13592.85135841254,3401
0,0,206,2469.180087675388,14852.76225488466,3233
0,0,207,2414.066723893955,13003.9057219783,3301
0,0,208,2418.565131170777,12067.08092934867,3215
0,0,209,2375.508951018491,12437.19242795295,3093
0,0,210,2242.913319730033,13210.09969172921,3060
0,0,211,2413.726274006664,14869.05241594099,2992
0,0,212,2086.59178521928,11048.82390712952,3001
0,0,213,2218.995021972914,13172.98368170052,2898
0,0,214,1990.906473764805,9817.701893171388,2825
0,0,215,1995.881463689709,10668.58513246014,2707
0,0,216,1998.143733010135,11783.68306742838,2746
0,0,217,2047.509384089808,12689.61861479433,2632
0,0,218,2032.185600835823,12838.39413411932,2583
0,0,219,1883.388910723107,9536.772687894119,2600
0,0,220,1969.578246491238,12399.87045753161,2599
0,0,221,2054.439187932869,11732.45653839904,2532
0,0,222,1964.767369779157,12341.88951194207,2418
0,0,223,1910.655409616788,10050.26332223218,2449
0,0,224,1885.679341473098,10695.33899163542,2411
0,0,225,1805.729036802828,10164.83796629502,2353
0,0,226,1851.267714531162,12258.0112819062,2301
0,0,227,1731.569653911997,9827.240055013877,2191
0,0,228,1751.362909204002,10012.61380186109,2161
0,0,229,1651.688418592829,8516.653823772302,2154
0,0,230,1677.34789197121,10037.97223720856,2074
0,0,231,1635.093044849634,9924.506192676563,2018
0,0,232,1547.554633549732,8236.918974505506,2002
0,0,233,1514.828155799511,9412.175056541588,1990
0,0,234,1661.656891679124,10922.13089062162,1957
0,0,235,1563.829421287105,10402.77621708136,1882
0,0,236,1523.472602519934,9280.128283529566,1911
0,0,237,1444.065494793178,8036.413782378397,1785
0,0,238,1346.341991379802,7823.08049580329,1775
0,0,239,1331.646451157123,6728.222890989953,1809
0,0,240,1287.498866251058,7334.597875763413,1710
0,0,241,1352.288147269737,8483.898888122398,1712
0,0,242,1351.581203608989,7947.87874061455,1666
0,0,243,1267.036426279574,6271.4983190868,1681
0,0,244,1359.32204738186,7586.372169789082,1679
0,0,245,1314.971351048157,7322.391134083731,1655
0,0,246,1439.707234139273,9387.204262681449,1622
0,0,247,1187.267301071041,5671.651521847848,1531
0,0,248,1249.712900034096,8411.848952975954,1564
0,0,249,1230.469071225703,7208.98030612379,1511
0,0,250,1225.56458713095,6772.517191210497,1552
0,0,251,1181.574388391019,6683.245073310323,1444
0,0,252,1149.873742282975,6108.295047799197,1426
0,0,253,1149.268224861647,6012.33677305815,1389
0,0,254,1177.955395454232,8146.34174771141,1333
0,0,255,1143.419767624997,6891.523028436271,1338
0,0,256,1049.065001273843,5089.740057308849,1317
0,0,257,1089.371669591659,6406.69948978385,1336
0,0,258,1015.293227376703,4905.07946650466,1338
0,0,259,1110.481176947057,7392.564883175008,1319
0,0,260,971.8992840754836,4827.799824237944,1229
0,0,261,878.3319979624503,3897.37373101394,1243
0,0,262,917.4738718098706,5339.298218832735,1242
0,0,263,1025.391624218265,5410.663147169736,1236
0,0,264,1010.058582638104,5129.315706333202,1194
0,0,265,950.4293038720159,4971.207924932252,1181
0,0,266,911.8438256091483,4061.652165289156,1137
0,0,267,952.9898537882336,7442.845515517574,1118
0,0,268,897.2300401444314,4979.236045633588,1118
0,0,269,905.233000569744,5841.096554548398,1113
0,0,270,972.6414511006295,7176.561429513948,1101
0,0,271,881.8314151660735,4832.71629685691,1144
0,0,272,846.6093277217169,5521.849216667663,1100
0,0,273,887.3723917146738,5079.741783738842,1090
0,0,274,840.8665162048123,4693.737584618466,1050
0,0,275,750.8109483031624,3389.517330603924,1067
0,0,276,897.2269430494855,4847.816799301483,1031
0,0,277,768.3440535450835,3879.735338277091,1022
0,0,278,788.7680570837657,4403.990266175379,1042
0,0,279,880.2721497783339,6966.462085311168,970
0,0,280,737.3401657341832,3733.332592105362,963
0,0,281,739.5981235307081,3881.867278460453,945
0,0,282,807.7931611688915,4648.21125782231,956
0,0,283,779.6020974653594,4704.957933367215,938
0,0,284,672.7389419658145,3718.939830670035,944
0,0,285,691.2853205526301,4443.678512039707,867
0,0,286,633.0925324011969,3824.88828873969,881
0,0,287,636.2233088497106,3513.521777898436,858
0,0,288,651.6697253627631,3049.544160958756,848
0,0,289,686.01651394152,3335.276866120315,872
0,0,290,655.714105018033,3455.400041236396,834
0,0,291,692.268076969781,4129.735029404066,851
0,0,292,564.1560074923943,2331.538541396587,797
0,0,293,570.6734772196785,2949.462646025232,778
0,0,294,657.8202094769606,3723.578113011886,815
0,0,295,683.3557247697725,3729.755072344702,845
0,0,296,650.7170972372138,4798.528102533043,787
0,0,297,622.1190855332587,3213.327696720698,792
0,0,298,626.2427225164396,3871.005450932361,811
0,0,299,587.4091349328196,2947.654378892586,1086
