# mesh name: boxMesh_1
# primitive scorer name: doseScorer
# iX, iY, iZ, total(value) [MeV], total(val^2), entry
0,0,0,5355552.614933802,6118071.327759374,10000000
0,0,1,5428231.362797046,6716795.325697367,9998656
0,0,2,5460675.565203452,6857429.737670532,9995937
0,0,3,5487190.191161778,6959070.859048136,9992513
0,0,4,5514127.976435833,7194336.996692148,9988468
0,0,5,5535460.769929784,7341997.855259918,9983914
0,0,6,5553082.288644683,7267750.475518435,9978861
0,0,7,5573204.455193387,7279987.502640008,9973490
0,0,8,5594195.855031088,7453931.588008374,9967774
0,0,9,5609467.39005465,7382171.72356076,9961628
0,0,10,5629505.098353464,7636815.812849234,9955099
0,0,11,5643220.808131217,7567305.66465662,9948229
0,0,12,5658209.875482748,7558496.965193924,9940876
0,0,13,5670788.999449329,7629497.687070325,9933167
0,0,14,5686614.61930966,7627211.702468136,9925243
0,0,15,5701128.970261771,7683711.317689643,9917220
0,0,16,5714017.820882605,7674147.406763727,9908901
0,0,17,5725813.743635099,7697939.34930875,9900273
0,0,18,5738686.847863656,7736394.517651882,9891334
0,0,19,5750468.669631088,7830473.563893264,9882185
0,0,20,5762145.471405396,7733996.134624068,9872770
0,0,21,5774800.621080835,7848341.680881652,9863107
0,0,22,5784010.760782547,7821886.057423569,9853149
0,0,23,5794213.708719078,7834065.842335149,9842820
0,0,24,5804770.308690843,7795574.269899611,9832317
0,0,25,5821396.134047778,7994847.153006623,9821932
0,0,26,5830821.668426245,7939173.963909206,9811091
0,0,27,5840666.309426885,7926622.32878593,9800155
0,0,28,5850741.237620524,7948722.110199585,9788674
0,0,29,5860585.919677084,7949365.138414068,9777288
0,0,30,5871667.245771802,7995289.862595428,9765656
0,0,31,5880485.631702683,7857974.70813302,9754014
0,0,32,5894317.647431274,8020202.274616789,9741941
0,0,33,5903533.22131625,8064312.532973039,9729714
0,0,34,5910780.958704085,7976073.362149986,9717126
0,0,35,5924478.488963418,8080837.014105938,9704801
0,0,36,5932998.590915598,8085023.004955072,9691936
0,0,37,5944764.128322697,8115668.765837588,9679109
0,0,38,5951705.805279268,7989840.851872288,9665984
0,0,39,5963436.654044772,8113236.913650714,9652760
0,0,40,5972910.372192871,8093304.036359774,9639358
0,0,41,5984439.62932134,8198267.643522792,9625498
0,0,42,5991094.069609609,8033306.806247101,9611715
0,0,43,6000895.669121615,8095818.459387138,9597985
0,0,44,6010253.113910323,8110499.661163675,9583732
0,0,45,6017538.406127505,8043124.326591947,9569712
0,0,46,6031296.854952283,8177111.751602393,9555276
0,0,47,6042014.679897997,8194984.74342825,9541097
0,0,48,6051271.421310691,8228357.422970075,9526405
0,0,49,6058304.502352396,8130849.996961826,9511573
0,0,50,6075568.805153665,8358487.981756505,9496725
0,0,51,6080751.076582071,8193118.473041173,9481421
0,0,52,6090712.991768133,8330429.877996739,9466114
0,0,53,6100857.228704381,8212719.408292063,9450866
0,0,54,6110476.516034187,8245478.313596661,9435566
0,0,55,6124955.035906481,8330192.887980837,9420121
0,0,56,6134146.118621115,8356873.27396355,9404237
0,0,57,6144553.494977804,8319599.19323777,9388421
0,0,58,6150534.005833102,8227580.638608991,9372376
0,0,59,6164260.318974862,8369750.922361858,9356569
0,0,60,6173102.569780483,8299940.613334175,9340342
0,0,61,6181806.259808197,8233125.856706658,9323901
0,0,62,6194877.860842565,8383094.379286621,9307444
0,0,63,6206204.059402673,8436250.126552112,9291025
0,0,64,6215110.678736042,8347578.870983345,9274282
0,0,65,6225795.523188159,8431519.185932398,9257871
0,0,66,6236476.231814186,8356858.195382181,9241094
0,0,67,6249321.045596376,8356091.562112533,9224325
0,0,68,6264945.119312173,8431262.772575455,9207331
0,0,69,6276073.481503607,8447893.296892442,9190109
0,0,70,6286104.394816214,8417615.450945256,9172897
0,0,71,6297969.99114281,8372404.432891743,9155511
0,0,72,6313935.577951544,8427038.110685304,9138051
0,0,73,6327589.534293225,8480620.080716329,9120490
0,0,74,6341913.731013503,8523529.420634847,9102984
0,0,75,6358201.140753251,8576529.15502264,9085110
0,0,76,6368865.571431031,8475976.257676879,9067321
0,0,77,6382002.182890857,8535875.548777146,9049439
0,0,78,6398539.287678972,8587992.137160573,9031420
0,0,79,6410183.165302275,8536472.887482792,9012939
0,0,80,6424466.975301159,8537048.946473995,8994724
0,0,81,6442955.980696052,8641096.128411725,8976456
0,0,82,6454044.013987152,8492332.73505416,8957986
0,0,83,6470489.565544827,8580113.940219801,8939380
0,0,84,6485830.989174158,8647742.044357477,8920536
0,0,85,6501543.930563996,8674558.379153151,8901972
0,0,86,6516773.51565021,8650807.057256287,8882944
0,0,87,6536358.504395042,8787479.297556981,8864004
0,0,88,6552392.520123711,8791083.409278926,8844691
0,0,89,6569876.847303557,8842505.50657171,8825624
0,0,90,6585484.381292898,8709840.562559964,8806739
0,0,91,6602256.474842056,8715788.821916908,8787576
0,0,92,6623477.490684006,8860472.26721536,8767715
0,0,93,6643044.473568249,9016230.847963251,8748058
0,0,94,6658663.385437241,8857789.887857141,8728318
0,0,95,6677875.082475412,8914981.720277283,8708838
0,0,96,6696453.929681705,8908473.813583147,8688969
0,0,97,6717462.172386628,8944388.337722307,8669109
0,0,98,6739376.441633618,9046571.112891695,8649104
0,0,99,6759850.073252014,9067242.422875235,8629002
0,0,100,6779451.562849033,9058406.293727301,8608731
0,0,101,6801123.597341678,9181552.412246568,8588313
0,0,102,6823020.109576037,9159351.876489516,8567844
0,0,103,6844950.39734597,9158250.083883701,8547315
0,0,104,6870465.706379008,9334818.48996952,8526719
0,0,105,6890653.152345551,9283940.244639829,8505391
0,0,106,6909978.116678181,9221605.925003724,8484349
0,0,107,6934719.403279429,9298524.028204203,8462864
0,0,108,6962449.931716688,9423335.089811442,8441774
0,0,109,6988222.448579732,9449905.697393462,8420587
0,0,110,7017877.913997998,9553010.599430153,8399305
0,0,111,7043290.671657271,9563803.624208057,8377777
0,0,112,7068343.140294542,9594027.734945655,8356064
0,0,113,7096669.795378281,9604016.955031395,8334256
0,0,114,7123889.992395302,9612003.205180634,8312536
0,0,115,7151588.775735229,9740802.201451119,8290509
0,0,116,7170467.082525745,9682548.660056863,8268278
0,0,117,7190837.785252227,9737734.739732254,8245958
0,0,118,7210710.754225429,9814067.988922998,8223640
0,0,119,7234314.17854544,9921763.906023063,8201249
0,0,120,7266919.171171966,9908611.710804326,8178835
0,0,121,7312490.868988119,10088210.19666939,8156170
0,0,122,7362464.642656025,10140498.08158202,8132898
0,0,123,7413770.819602564,10199939.43940264,8109932
0,0,124,7465548.947581725,10272931.24946153,8086579
0,0,125,7521827.105476929,10406599.60234635,8063490
0,0,126,7576049.018258356,10553483.2218396,8040400
0,0,127,7626553.265772101,10695635.90231564,8016497
0,0,128,7678702.396856916,10796147.83346909,7992762
0,0,129,7724029.462203668,10862250.40982893,7968684
0,0,130,7766783.416892216,10913075.27440755,7944518
0,0,131,7811166.647329536,11086429.97057206,7920331
0,0,132,7849322.345284246,11072810.54335281,7895744
0,0,133,7891807.43940737,11223986.9516409,7871383
0,0,134,7930575.016511625,11273332.07791048,7846504
0,0,135,7977936.536224502,11454259.41113717,7821390
0,0,136,8026611.838576178,11579040.26621393,7796223
0,0,137,8080340.079567576,11653954.49383019,7770878
0,0,138,8145502.454476258,11860120.19127243,7745265
0,0,139,8214316.418037914,12035242.95070145,7719220
0,0,140,8292397.062264506,12220571.86364212,7693248
0,0,141,8374742.300104575,12381925.30297738,7667005
0,0,142,8469491.34652485,12623489.48267305,7640408
0,0,143,8571723.938904021,12849323.70809317,7613665
0,0,144,8683082.04270092,13187009.98469717,7586615
0,0,145,8795707.552558875,13445164.58935696,7559095
0,0,146,8915123.854105933,13773592.82849196,7531264
0,0,147,9038466.772510797,14128349.91431747,7503419
0,0,148,9163368.241351852,14504379.33266526,7474740
0,0,149,9291126.447264865,14892280.37089511,7446211
0,0,150,9417339.085403893,15243354.78765771,7417279
0,0,151,9549727.758189261,15647074.08282026,7387757
0,0,152,9690773.281629205,16089133.3217513,7357963
0,0,153,9845917.300172087,16621178.20297363,7327284
0,0,154,10027144.61999698,17366966.32188226,7296163
0,0,155,10224551.61673073,18041878.45714091,7264559
0,0,156,10452578.95145547,18956687.40118516,7232086
0,0,157,10695286.87881595,19767380.12800302,7198698
0,0,158,10958223.97251183,20624284.93147892,7164580
0,0,159,11243335.92722053,21548875.07626072,7129704
0,0,160,11551311.21452946,22496444.59196215,7094068
0,0,161,11898380.70111424,23690258.48173902,7057629
0,0,162,12297688.4333653,25146983.25746749,7020701
0,0,163,12769264.86060864,26988377.44285423,6982800
0,0,164,13328146.98120867,29331714.98667746,6942703
0,0,165,14003017.11554633,32402617.98427552,6899912
0,0,166,14826985.12165185,36431519.38190591,6853349
0,0,167,15868298.40686265,42167956.96868625,6799159
0,0,168,17212529.43116426,50438533.82769641,6730483
0,0,169,18949131.65804445,62738269.20883398,6630521
0,0,170,21025500.32383932,80265239.84523618,6455468
0,0,171,22871841.64919159,100399869.5222644,6115016
0,0,172,23282815.3459233,115086559.4484606,5477700
0,0,173,20953627.06254316,113056710.8408105,4459441
0,0,174,15786641.16911236,90205045.22089407,3148627
0,0,175,9516729.719339374,56171085.64840743,1841440
0,0,176,4430903.062802043,26473859.84127427,858665
0,0,177,1546841.826848951,9211684.200532448,310014
0,0,178,399091.3884450971,2335057.637344441,88286
0,0,179,76638.29407656533,439171.7451114411,23293
0,0,180,14366.30298389449,77426.19423726614,9853
0,0,181,5650.725529109254,26993.90099737213,7683
0,0,182,4947.912359120044,25431.95558644414,7198
0,0,183,4722.766225769812,24205.94780048665,7089
0,0,184,4820.082482137876,26610.62484488615,6645
0,0,185,4699.453892755536,28081.46515858101,6554
0,0,186,4432.183557954715,25394.96326459668,6284
0,0,187,4286.773878378833,25836.26917533688,6010
0,0,188,4302.834090676688,25541.98643030414,5880
0,0,189,4212.104097298409,25143.834389193,5827
0,0,190,3898.765730107678,20311.69262087105,5611
0,0,191,4008.311829610933,23284.04553020559,5388
0,0,192,3585.896521035248,18485.20647365088,5369
0,0,193,3593.226329059569,19006.80402952736,5183
0,0,194,3580.494013389183,19408.28036629076,5100
0,0,195,3442.268252473426,19017.90065071965,4904
0,0,196,3293.365176570165,15890.01771598482,4704
0,0,197,3373.211169463322,19419.97887975136,4620
0,0,198,3213.512447614306,18115.56173445672,4607
0,0,199,3237.856927592385,15710.06035354254,4470
0,0,200,3166.180644763389,17082.9458062265,4252
0,0,201,2986.389527853702,15021.74425616144,4153
0,0,202,2888.692599275893,14955.91305342306,4038
0,0,203,2911.336464000404,16877.46792790102,3913
0,0,204,2969.729199706735,18175.04034656009,3873
0,0,205,2731.88637380247,14146.76458713668,3859
0,0,206,2659.440978818267,15498.06115573486,3698
0,0,207,2510.791257460279,13058.9753849181,3640
0,0,208,2567.635626663054,14519.37820228437,3495
0,0,209,2713.448587597427,15775.83786495126,3466
0,0,210,2626.312647755068,14124.23715236863,3416
0,0,211,2535.419255192947,13982.13189091533,3237
0,0,212,2435.459343672241,15468.8557851811,3152
0,0,213,2293.281992876709,13159.26939446739,3152
0,0,214,2245.737021026798,11795.317084533,3061
0,0,215,2207.267740175617,10426.51767784725,3026
0,0,216,2388.50886559724,15803.98903651362,2961
0,0,217,2131.733207721167,12107.19907876478,2818
0,0,218,2060.113564488533,10969.28252167306,2844
0,0,219,2111.321839666044,11507.67747086665,2709
0,0,220,1948.050676372177,10665.472925709,2638
0,0,221,1996.957219141447,12928.87432246485,2632
0,0,222,1902.750770080364,9290.799948896096,2521
0,0,223,1952.89676172872,11729.74599329369,2538
0,0,224,2071.454346287802,14513.56675480219,2471
0,0,225,1911.462353384544,12437.80440401062,2448
0,0,226,1884.017790933731,11592.34348759632,2385
0,0,227,1760.250150676429,8551.626790988204,2308
0,0,228,1681.81001476992,7995.713171458894,2321
0,0,229,1778.742702168652,10732.15145823514,2248
0,0,230,1677.628241353354,7638.030876133047,2236
0,0,231,1744.430977416536,9691.327411360207,2194
0,0,232,1639.050624021646,8023.335684786196,2161
0,0,233,1559.846670026423,7683.609167690749,2071
0,0,234,1595.722675912004,8539.375921645091,2067
0,0,235,1659.375113079217,9556.472014333616,2058
0,0,236,1537.83417844762,8150.432743987882,2021
0,0,237,1637.353611974633,9950.77710739446,2002
0,0,238,1518.073006727445,7542.831303269957,1935
0,0,239,1546.81488838914,10590.25285410028,1935
0,0,240,1391.250571433326,7166.959977114486,1891
0,0,241,1385.231028237836,7637.694260507405,1888
0,0,242,1450.208439512706,8507.388038307969,1830
0,0,243,1352.933926425636,6877.148114593148,1803
0,0,244,1309.436195584807,8564.828826613357,1762
0,0,245,1374.93521385138,7221.662658565012,1765
0,0,246,1353.5711723547,8984.839113815488,1754
0,0,247,1325.917483970676,7246.919183839663,1654
0,0,248,1424.725797012458,9052.585078643635,1663
0,0,249,1319.059853840263,6603.113443615332,1629
0,0,250,1301.019135112473,6650.696412426878,1615
0,0,251,1178.953481650393,5048.598780390677,1616
0,0,252,1263.858228864047,7595.757605896962,1631
0,0,253,1268.837671569093,6920.05553629026,1563
0,0,254,1260.24408718069,7541.527871293861,1549
0,0,255,1217.604698425854,6904.012239099366,1568
0,0,256,1252.72308665389,9851.354603492447,1439
0,0,257,1176.40821887477,6980.510907120056,1417
0,0,258,1186.545693034498,6397.552113540702,1427
0,0,259,1224.631653715459,6646.442839135501,1391
0,0,260,1179.214528079201,7839.690265985401,1394
0,0,261,1181.105806593923,5806.59470647261,1407
0,0,262,1094.717352090154,5219.311183146085,1360
0,0,263,1059.257552398304,5353.051477957521,1325
0,0,264,992.1420829823345,4560.839746882624,1287
0,0,265,925.2559562627491,3841.431830137532,1253
0,0,266,1081.529597077278,6819.553566887922,1283
0,0,267,1069.70159032392,5762.661979254397,1272
0,0,268,957.8967202296059,5165.161161010332,1202
0,0,269,1067.053214874648,5517.119945463155,1166
0,0,270,1029.726108774855,5275.055887230094,1219
0,0,271,1000.469047173516,5087.933929886696,1231
0,0,272,858.9693493526909,3438.085981114752,1147
0,0,273,974.3877123816104,5892.096865376031,1126
0,0,274,868.82631974699,4935.756956511702,1109
0,0,275,961.8501636370283,5068.256128534074,1159
0,0,276,900.8545958692036,4335.540036603067,1070
0,0,277,825.4813390909002,3922.756153064835,1073
0,0,278,860.7418688821311,4403.216300098333,1090
0,0,279,841.4969014373289,4025.889441895307,1115
0,0,280,860.4969658170769,5236.312394008993,1108
0,0,281,866.2371703866838,4403.379363291608,1054
0,0,282,833.4362820526069,3555.936816752774,1068
0,0,283,811.4964069429218,4177.381213226951,1083
0,0,284,954.5106737812124,5827.423180175563,1051
0,0,285,859.7024066606663,4635.724203598036,1013
0,0,286,817.0419483139021,3877.75802556165,996
0,0,287,769.9384544646095,3050.963854100057,943
0,0,288,840.7459198669651,6072.642307691303,927
0,0,289,891.3343472793831,7721.244548659783,916
0,0,290,828.8782253406259,4284.001208494157,956
0,0,291,788.3394735165396,4301.215556262172,926
0,0,292,673.1843145992943,2539.943920675608,929
0,0,293,722.388177839323,3742.381513177183,906
0,0,294,671.4633079315113,2928.47035550089,886
0,0,295,791.2835498160829,5352.728303025418,901
0,0,296,673.7809059850252,3084.176565943217,883
0,0,297,637.0218939287039,2993.864014133173,819
0,0,298,674.0391442377829,3995.574460058821,832
0,0,299,665.1774715320887,3282.322065775508,1153
