# mesh name: boxMesh_1
# primitive scorer name: doseScorer
# iX, iY, iZ, total(value) [MeV], total(val^2), entry
0,0,0,5311386.481320004,6135191.169897387,10000000
0,0,1,5383638.945540242,6666231.931874568,9998650
0,0,2,5415987.942453668,6807886.839680601,9995964
0,0,3,5440854.552637104,6853829.087213195,9992574
0,0,4,5468953.38854964,7150236.401522266,9988565
0,0,5,5489890.124493047,7295039.063408299,9984040
0,0,6,5506637.704450198,7182220.318184281,9979096
0,0,7,5526172.013992226,7191457.194596266,9973818
0,0,8,5548856.286558162,7440886.374945656,9968065
0,0,9,5561668.050695888,7337522.684046758,9961934
0,0,10,5580649.118526138,7552293.261827274,9955532
0,0,11,5594204.488474543,7497213.59475782,9948729
0,0,12,5610026.315795661,7523643.22662079,9941579
0,0,13,5619469.662418534,7475185.598235181,9933929
0,0,14,5635717.837353878,7519938.211286673,9926039
0,0,15,5650103.55595722,7612182.161292847,9918059
0,0,16,5663502.965336126,7618421.280657177,9909777
0,0,17,5675738.166154273,7644154.139043205,9901271
0,0,18,5689756.247367789,7756778.024033392,9892491
0,0,19,5698425.609961928,7771943.637754168,9883415
0,0,20,5709670.321432987,7672403.775763857,9874159
0,0,21,5722493.495022835,7787936.156963685,9864704
0,0,22,5733252.773057292,7896831.186293568,9854821
0,0,23,5743833.98826582,7863898.468448916,9844622
0,0,24,5752421.832209037,7780127.071921063,9834221
0,0,25,5766389.682690603,7928364.952571266,9823758
0,0,26,5775267.878046695,7810173.761295171,9813096
0,0,27,5784851.872045433,7823657.145900931,9802180
0,0,28,5793328.070544479,7781394.03715484,9791097
0,0,29,5804134.585603268,7786982.680151969,9779801
0,0,30,5816601.275563185,7863660.638061935,9768217
0,0,31,5825769.245489304,7900065.560455784,9756643
0,0,32,5837363.101742513,7977605.252836855,9744771
0,0,33,5846389.575169218,7946386.428522384,9732501
0,0,34,5854969.841795225,7962737.160706862,9720285
0,0,35,5865471.572105226,7967021.305114157,9707862
0,0,36,5875289.744848616,8076106.10473205,9695009
0,0,37,5883637.124988427,8040852.266864309,9682221
0,0,38,5893257.272516088,7973881.681312712,9669099
0,0,39,5902777.130906139,8001316.380156578,9656116
0,0,40,5911033.906333713,8015280.630017977,9642934
0,0,41,5920253.049871353,8011480.594751717,9629319
0,0,42,5929972.201662221,8016185.253018089,9615733
0,0,43,5938785.124361708,8041977.842113658,9601940
0,0,44,5948944.307146063,8066307.955884521,9588114
0,0,45,5955492.90253184,7970897.80116195,9574339
0,0,46,5968498.027432473,8100995.82436826,9559937
0,0,47,5978012.50839733,8148081.187485057,9545689
0,0,48,5985106.800212865,8058707.325423233,9531227
0,0,49,5993056.745669729,8069951.947413435,9516613
0,0,50,6008140.699415331,8289173.674517404,9501832
0,0,51,6019028.018447852,8299944.833316333,9486806
0,0,52,6022332.180022579,8121292.055262238,9471541
0,0,53,6032187.557146936,8094792.59275865,9456309
0,0,54,6040950.466742662,8177564.080787634,9441162
0,0,55,6054466.777999482,8259050.627820251,9425896
0,0,56,6063153.445900019,8210618.320741563,9410536
0,0,57,6073571.057568138,8216631.79669651,9394685
0,0,58,6082116.749697274,8240799.371278433,9379090
0,0,59,6092988.280804351,8194050.612201152,9363366
0,0,60,6099398.462963489,8123354.774731894,9347223
0,0,61,6111149.749604676,8199528.806695509,9331100
0,0,62,6121822.410032552,8228080.680196155,9315081
0,0,63,6132217.479041763,8298292.280669427,9298643
0,0,64,6140891.669116633,8260338.44708997,9282309
0,0,65,6149691.071344879,8286402.652073998,9265940
0,0,66,6159475.748003473,8237110.927538922,9249331
0,0,67,6171313.906208673,8281944.05740316,9232869
0,0,68,6183041.779815686,8317779.013008755,9216188
0,0,69,6193920.425461278,8335833.489888152,9199447
0,0,70,6203164.665120224,8301088.044543114,9182321
0,0,71,6216285.114480031,8296641.063154165,9165215
0,0,72,6229495.045343291,8437720.617033422,9147923
0,0,73,6240291.374071931,8404647.434632225,9130645
0,0,74,6253483.6073457,8373869.191458747,9113083
0,0,75,6266689.254471244,8412874.436194211,9095572
0,0,76,6279101.230077479,8368072.972667962,9078285
0,0,77,6290651.206370183,8401075.258104615,9060384
0,0,78,6305655.960178476,8433217.630901298,9042618
0,0,79,6318520.848424105,8434434.075093098,9024750
0,0,80,6333940.439365619,8504899.576557754,9006821
0,0,81,6350626.97652344,8613870.819829516,8988817
0,0,82,6359451.295297614,8468979.934418852,8970436
0,0,83,6372642.891803733,8448927.752420016,8952055
0,0,84,6389135.56363841,8559731.642303482,8933450
0,0,85,6405064.802019354,8636124.932973232,8915016
0,0,86,6418768.373476095,8598504.123482671,8896585
0,0,87,6431726.416859906,8536951.779418085,8877658
0,0,88,6449544.257129866,8609748.067669515,8859007
0,0,89,6464444.53924511,8657009.739108318,8840521
0,0,90,6479241.750014892,8585513.443806324,8821469
0,0,91,6496145.76998342,8673633.169674259,8802483
0,0,92,6513065.944985386,8703859.215713926,8783125
0,0,93,6529390.141885331,8666952.940740317,8763929
0,0,94,6547995.416686556,8708108.633477539,8744215
0,0,95,6567464.515409729,8828013.938173326,8724693
0,0,96,6583266.548282536,8822628.479009539,8705354
0,0,97,6600106.282445333,8780560.000684045,8685837
0,0,98,6619505.047717405,8858958.893101435,8666148
0,0,99,6640887.482355708,8964565.114894824,8646207
0,0,100,6657146.464558743,8893418.259240957,8626199
0,0,101,6678870.961105449,8980889.317235298,8606213
0,0,102,6699317.461447626,9059524.780015178,8586269
0,0,103,6715614.228569308,8978364.456983021,8565862
0,0,104,6739913.44163058,9145319.263941465,8545276
0,0,105,6756596.742282861,9045070.24897084,8524923
0,0,106,6777477.026835125,9111672.50589183,8504269
0,0,107,6801826.609678674,9198442.551773198,8483400
0,0,108,6825054.331560194,9231791.942235494,8462328
0,0,109,6845611.643991804,9224057.044168537,8441815
0,0,110,6867074.933620326,9190087.989654759,8420937
0,0,111,6894273.684677911,9343797.470073953,8399544
0,0,112,6919156.212124775,9381876.418959722,8378625
0,0,113,6941576.734260253,9330534.809305504,8357222
0,0,114,6967110.883924895,9362865.198988892,8336071
0,0,115,6995895.201809243,9465981.317044975,8314409
0,0,116,7020066.1886777,9416142.384372892,8292708
0,0,117,7050451.838253427,9568553.298194068,8271211
0,0,118,7078001.213405021,9592997.064812938,8249232
0,0,119,7105857.667984136,9729739.742665866,8227570
0,0,120,7127710.355320562,9778631.022494834,8204885
0,0,121,7143415.489400858,9711443.919904394,8182701
0,0,122,7161630.7798305,9784169.929495322,8160360
0,0,123,7184984.643054587,9792489.965055233,8137768
0,0,124,7219004.862443789,9837320.025229676,8115059
0,0,125,7264355.629506722,9926839.467004113,8092667
0,0,126,7314503.94363093,10025210.34407407,8069714
0,0,127,7365768.783447679,10130046.57154811,8046649
0,0,128,7420533.534619261,10234929.90018544,8023489
0,0,129,7475438.440511771,10391436.02717708,8000337
0,0,130,7528199.84264686,10456951.5835692,7977088
0,0,131,7579500.220696567,10600220.53578605,7953636
0,0,132,7629749.295052699,10712295.43334473,7929741
0,0,133,7674709.562196541,10837102.74106363,7905722
0,0,134,7716649.083725156,10889462.55570821,7881675
0,0,135,7757664.320048427,10959138.90414307,7857110
0,0,136,7797109.038445964,11067362.76292362,7832741
0,0,137,7837346.905844525,11136074.61992477,7808191
0,0,138,7879272.616459738,11250791.47617463,7783416
0,0,139,7926221.173724919,11365028.70611769,7758273
0,0,140,7974172.135926183,11444065.57405216,7733114
0,0,141,8033524.636791296,11661218.75506665,7707887
0,0,142,8093112.961348075,11803470.22866747,7682088
0,0,143,8162339.567150705,11878299.44452762,7656320
0,0,144,8241800.392109972,12116059.55087719,7630378
0,0,145,8330380.860852795,12404752.2994061,7604277
0,0,146,8422788.002025571,12594035.6072634,7577332
0,0,147,8524643.956506196,12830852.67175445,7550547
0,0,148,8635194.928602792,13157651.71833431,7523823
0,0,149,8750492.582923323,13444672.49970395,7495831
0,0,150,8869399.293989057,13768539.57972277,7468015
0,0,151,8992474.001701662,14159331.83916768,7439932
0,0,152,9113900.408280643,14429348.37425982,7411515
0,0,153,9235416.979321074,14759187.76417542,7382718
0,0,154,9362880.316725016,15163577.45236874,7353854
0,0,155,9495094.171349442,15558983.692355,7324130
0,0,156,9637598.660813421,16042958.23036751,7294284
0,0,157,9800674.696263978,16668763.25476163,7263764
0,0,158,9980895.087833919,17359970.47058496,7233065
0,0,159,10185498.15561499,18170473.41660599,7201020
0,0,160,10405435.95017838,18894979.71130427,7168170
0,0,161,10653386.94597651,19783714.71231777,7134964
0,0,162,10914469.31699057,20619748.95380591,7100799
0,0,163,11198476.41698456,21480911.76765038,7066024
0,0,164,11514140.06496476,22567930.60690145,7030929
0,0,165,11865029.97578889,23722983.50119762,6994725
0,0,166,12274402.60184217,25255916.10175365,6957838
0,0,167,12753238.75977981,27146390.64778727,6919488
0,0,168,13326492.77808008,29594816.33469101,6879223
0,0,169,14019446.47069057,32809077.79982636,6836158
0,0,170,14868180.71453427,37062672.31345725,6788017
0,0,171,15943384.06661592,43043276.08025566,6731508
0,0,172,17342717.79568477,51940207.59698422,6658810
0,0,173,19126009.92070944,65051547.86345268,6547886
0,0,174,21147044.45005219,82798806.13550708,6347979
0,0,175,22750095.70618615,101960459.5733114,5962510
0,0,176,22712483.28288183,113810366.6542047,5268983
0,0,177,19935108.54780464,108306515.5750258,4212310
0,0,178,14631115.65829016,83840310.28609803,2911296
0,0,179,8635701.49314893,50991759.26686001,1672079
0,0,180,3955085.136812648,23628398.07085061,767880
0,0,181,1371174.401134468,8162748.212306087,275988
0,0,182,354001.1916669477,2074746.732223887,78892
0,0,183,69869.07257464151,399719.5535850063,21753
0,0,184,13727.15116884978,76926.36139543619,9972
0,0,185,6047.459261219402,33727.93134566241,7783
0,0,186,5097.448600065487,31504.78842391546,7300
0,0,187,4557.345124219331,23600.53760152248,6985
0,0,188,4578.432506958502,23951.77340209509,6726
0,0,189,4303.037675198309,23023.58408790291,6395
0,0,190,4225.525780450896,21945.51975402593,6310
0,0,191,3921.811929940281,21070.34105909094,6163
0,0,192,4008.775263748042,21323.80361553216,5872
0,0,193,3922.893456484615,20981.24328987885,5700
0,0,194,3886.341941188678,20493.63677399118,5512
0,0,195,3778.96713983425,20550.32338990964,5564
0,0,196,3836.199599533442,22495.70303838942,5184
0,0,197,3593.945783288381,21186.03076027244,5194
0,0,198,3273.36046357427,15705.93108902696,4961
0,0,199,3508.64191005164,20255.82286744065,4882
0,0,200,3347.00381899775,18492.07433819872,4754
0,0,201,3202.377762651241,17845.04189474892,4560
0,0,202,3308.187214332792,19100.85979248768,4520
0,0,203,3083.330349102976,16512.96610026449,4274
0,0,204,3046.734597205718,16857.38809536839,4229
0,0,205,2929.758107936183,15671.68978697221,4090
0,0,206,2953.762426862884,16296.79967004616,4026
0,0,207,2865.200141651914,15417.60148986469,3853
0,0,208,3053.560646524943,18689.88297581004,3946
0,0,209,2934.377793923894,18365.09448006676,3801
0,0,210,2850.013479341659,18254.26172400245,3633
0,0,211,2571.893786474517,12989.30043833766,3575
0,0,212,2597.099216808209,13152.13424869631,3536
0,0,213,2724.607791480851,15908.88971106491,3470
0,0,214,2728.934604518647,18852.86212582737,3318
0,0,215,2606.330020603599,14757.61726203793,3395
0,0,216,2444.570739354297,12511.89334016424,3203
0,0,217,2472.872230446727,14650.41348282273,3143
0,0,218,2353.993531159178,15160.04937902284,3095
0,0,219,2311.841421417189,14103.55878818995,2954
0,0,220,2049.230300685916,9755.858584228499,2945
0,0,221,1989.814514515836,9626.032254126352,2810
0,0,222,2357.53420144486,15383.6323561739,2811
0,0,223,2085.496699274054,13522.98746517204,2663
0,0,224,2143.573534724755,11433.52697250564,2738
0,0,225,2111.385646704342,12790.60584476865,2693
0,0,226,1944.430139134156,10856.70836113954,2630
0,0,227,1975.408100036366,10006.1301935991,2590
0,0,228,1831.61865780775,10860.79635482604,2525
0,0,229,1856.741122914898,12284.01292477255,2400
0,0,230,1823.376328794937,9860.870487902272,2426
0,0,231,1902.207583341612,13909.98223009413,2313
0,0,232,1881.845915552514,12204.08474386702,2284
0,0,233,1770.517312282115,10246.72946610722,2187
0,0,234,1764.260152632463,9586.957572292926,2133
0,0,235,1685.259201364953,9730.732213926807,2169
0,0,236,1597.193074882641,7900.471415064283,2104
0,0,237,1664.793398975029,9984.040804478467,2104
0,0,238,1619.944204609307,9161.216412558362,2051
0,0,239,1629.062210939004,9504.079710029524,2053
0,0,240,1509.487516262828,8710.610047082577,2001
0,0,241,1728.953995206562,12650.98526953176,1979
0,0,242,1568.919492936468,9698.07446271831,1970
0,0,243,1587.18884280613,9634.73822376773,1929
0,0,244,1429.902111032176,7774.464516842933,1840
0,0,245,1396.251754891991,7634.299329842023,1887
0,0,246,1478.595653633123,7123.86216816784,1823
0,0,247,1572.738679818653,8832.57050291642,1816
0,0,248,1403.674018977962,8101.366302004782,1768
0,0,249,1589.772503507577,9982.351237407649,1738
0,0,250,1509.493791008229,8912.384278908734,1680
0,0,251,1281.539622143107,6348.412483538372,1584
0,0,252,1425.411024972659,9135.148472826102,1587
0,0,253,1367.328567672703,7549.149748554359,1615
0,0,254,1422.179204464125,9901.621502630889,1606
0,0,255,1415.181510891678,9776.599376059054,1573
0,0,256,1261.630505088961,6462.838550134748,1459
0,0,257,1088.352935775584,5401.926935015725,1480
0,0,258,1229.187771901089,6942.086706376158,1487
0,0,259,1126.171896343637,6896.340890899653,1437
0,0,260,1221.996617326309,8304.936497789316,1418
0,0,261,1281.851504612904,9725.703873331315,1433
0,0,262,1060.610814477205,4864.399181706574,1394
0,0,263,1191.635401530366,5959.923501390377,1440
0,0,264,1160.510891283884,6930.672469123098,1381
0,0,265,1101.52523416002,5564.42246436807,1362
0,0,266,1078.756828148148,6124.289565374528,1326
0,0,267,967.7227589862523,4329.1175212138,1358
0,0,268,944.2896841806189,4568.240369557314,1280
0,0,269,1057.100928799897,6432.134381797372,1224
0,0,270,956.6414023691868,4797.622126080014,1245
0,0,271,942.6215406264156,4325.715521855464,1272
0,0,272,1026.168874321977,5490.801812982108,1236
0,0,273,1034.205201634227,5381.261772126669,1280
0,0,274,906.1959647467102,4082.561235870291,1189
0,0,275,1119.554267953196,8151.304096964224,1191
0,0,276,807.4709706475278,3397.888702698869,1123
0,0,277,853.0077436727439,3503.78634625981,1136
0,0,278,873.8048881377707,4028.108487603983,1077
0,0,279,912.3860175134088,5490.06838212557,1108
0,0,280,819.4781987355607,3730.331108462935,1116
0,0,281,859.332782848417,4480.581852263805,1047
0,0,282,870.4298580066508,4599.617206379192,1048
0,0,283,939.3821258082635,5340.403701451759,1090
0,0,284,901.7987049067539,6085.656044711126,1005
0,0,285,877.9627331318046,5647.283182529576,968
0,0,286,884.3769076999896,4809.821485679906,1022
0,0,287,802.9360107179668,4989.787325032286,938
0,0,288,859.5800798952316,4547.876032652419,978
0,0,289,873.3205826830806,4717.159095237629,962
0,0,290,849.6988947337791,4292.708188339812,938
0,0,291,821.8378696855242,4592.258420058574,907
0,0,292,782.5440240668413,4561.576036003653,925
0,0,293,778.8892346974201,4126.115236039276,924
0,0,294,743.8549587155887,3993.991730408809,881
0,0,295,681.0496548081468,4201.407433986014,875
0,0,296,705.5638957587133,3611.933132501432,897
0,0,297,673.5380190598331,4188.390714388067,867
0,0,298,670.2643635435192,2899.516220809958,850
0,0,299,805.5946283628407,4587.846573111488,1180
