# mesh name: boxMesh_1
# primitive scorer name: doseScorer
# iX, iY, iZ, total(value) [MeV], total(val^2), entry
0,0,0,5267371.499041934,6097921.483571213,10000000
0,0,1,5341264.311879123,6631174.855325138,9998660
0,0,2,5373186.835009949,6785172.067775033,9996039
0,0,3,5396711.052513897,6787932.704250312,9992666
0,0,4,5424983.394964981,7093011.482862201,9988682
0,0,5,5445223.579301013,7202473.36345172,9984248
0,0,6,5462705.126922658,7164500.121273842,9979356
0,0,7,5481690.13094357,7200477.479916892,9974064
0,0,8,5504270.037829564,7423174.197117598,9968422
0,0,9,5517190.538046034,7332419.878174399,9962373
0,0,10,5534382.113926688,7489149.507966236,9955967
0,0,11,5547924.993585921,7450379.688041477,9949211
0,0,12,5562420.608689908,7479690.618539397,9942081
0,0,13,5572622.412546594,7421579.624766162,9934555
0,0,14,5589474.970898915,7587549.649229855,9926735
0,0,15,5605094.82319422,7653962.916777418,9918835
0,0,16,5617000.72631219,7599818.637036182,9910547
0,0,17,5625068.342708757,7554151.463289914,9902095
0,0,18,5639181.484950031,7687156.972550815,9893313
0,0,19,5648081.293249844,7671574.175444818,9884358
0,0,20,5658289.415998435,7620272.705968885,9875249
0,0,21,5670750.815065484,7653654.760849202,9865810
0,0,22,5682962.718512807,7829574.767445879,9856071
0,0,23,5689941.004314442,7650644.69419976,9845927
0,0,24,5701811.657926539,7748790.371027834,9835752
0,0,25,5715115.393415581,7867183.05306231,9825337
0,0,26,5724386.862216205,7813651.540837459,9814730
0,0,27,5731583.64159741,7775631.510260194,9803818
0,0,28,5738160.148067283,7682473.683135659,9792738
0,0,29,5749636.612667085,7727221.437200736,9781696
0,0,30,5763733.70263498,7926890.832484875,9770288
0,0,31,5771352.014405262,7877845.826622584,9758614
0,0,32,5782737.15230383,7904081.207541924,9746792
0,0,33,5789552.574674814,7798045.204461049,9734926
0,0,34,5799906.756796163,7930925.545868183,9722575
0,0,35,5809346.127227955,7919336.671633787,9710370
0,0,36,5820366.379319252,8033380.547686785,9697813
0,0,37,5828721.353791108,7991521.386739708,9685168
0,0,38,5836965.652706573,7995011.763164854,9672310
0,0,39,5845834.501000411,8011461.417738568,9659156
0,0,40,5853643.465775698,7977802.225433917,9646091
0,0,41,5861562.535036845,7964471.214075157,9632428
0,0,42,5870164.736548093,7963737.841772323,9619021
0,0,43,5877209.481980615,7922600.054299072,9605426
0,0,44,5887086.625856342,8004120.875798894,9591597
0,0,45,5895535.235777704,7974456.847387514,9577754
0,0,46,5906935.319957108,8046777.414207032,9563790
0,0,47,5913226.709508464,8022498.248198215,9549644
0,0,48,5922453.884673514,8020603.267407049,9535525
0,0,49,5931759.095412374,8013908.821459795,9521115
0,0,50,5943244.410043536,8196196.758319504,9506318
0,0,51,5952066.629106783,8082853.983517974,9491438
0,0,52,5959100.470549079,8127596.74717606,9476467
0,0,53,5969371.622598267,8134527.372508677,9461476
0,0,54,5979017.404621209,8211088.400833994,9446470
0,0,55,5986438.486525569,8151283.157559318,9431144
0,0,56,5994742.012665195,8176558.069763562,9415641
0,0,57,6004137.81530609,8156107.669458628,9400331
0,0,58,6011951.206811095,8199977.446990688,9384765
0,0,59,6023113.21056552,8192970.144542667,9369251
0,0,60,6027895.953978226,8073214.379103241,9353538
0,0,61,6041058.183499221,8226892.848644545,9337593
0,0,62,6051758.650380584,8228449.097821269,9321864
0,0,63,6061048.17510982,8303145.339579276,9305693
0,0,64,6070285.77466989,8246438.263902974,9289731
0,0,65,6078315.091851538,8175495.102571318,9273503
0,0,66,6088822.191890312,8303671.347197671,9257042
0,0,67,6096707.947916829,8270880.988628328,9240337
0,0,68,6107417.263951248,8301981.464420889,9223745
0,0,69,6117307.374490036,8255750.120850316,9207073
0,0,70,6127756.146353849,8220274.796742084,9190298
0,0,71,6139510.024573045,8298748.139641996,9173508
0,0,72,6150041.319621368,8261535.535759824,9156425
0,0,73,6158811.213720489,8283910.23464227,9139132
0,0,74,6171133.670158824,8288740.706709461,9121919
0,0,75,6183162.645372529,8373048.660126789,9104530
0,0,76,6194753.490262767,8408738.246398041,9087039
0,0,77,6203515.081584616,8275704.328917743,9069597
0,0,78,6215479.277701676,8340173.384649689,9051928
0,0,79,6229716.191334255,8440445.152663071,9034030
0,0,80,6240889.332376692,8360082.36029985,9016372
0,0,81,6255519.05775784,8465781.682183964,8998507
0,0,82,6266117.583540221,8365139.180242968,8980794
0,0,83,6277474.693184691,8363114.466599172,8962949
0,0,84,6292838.579979159,8464241.405487528,8944714
0,0,85,6307024.21052701,8423701.112909872,8926456
0,0,86,6321911.276121711,8534235.099877331,8908289
0,0,87,6333149.33679074,8483614.744791096,8889684
0,0,88,6350050.288918267,8544655.232612193,8871203
0,0,89,6360979.465834273,8458241.468708042,8852529
0,0,90,6379287.689780001,8547226.774066869,8833890
0,0,91,6392159.647455778,8497708.264926242,8815299
0,0,92,6407371.618679043,8562248.478915656,8796307
0,0,93,6424815.1511735,8624778.761779878,8777234
0,0,94,6439427.685722275,8583877.830787092,8758073
0,0,95,6456447.685273211,8645715.620922655,8739108
0,0,96,6471670.868232231,8674093.484394308,8719696
0,0,97,6490639.899391495,8739297.61776999,8700397
0,0,98,6507326.109829633,8759320.427393926,8680942
0,0,99,6526275.046858212,8847194.179490134,8661546
0,0,100,6541607.06184567,8803044.161062049,8641471
0,0,101,6557452.731050291,8809082.789597712,8621805
0,0,102,6575717.417803647,8801579.528023627,8602202
0,0,103,6594815.944143521,8848518.918195026,8582410
0,0,104,6614747.821060758,8902276.725915259,8562343
0,0,105,6635588.990576588,8948092.406375512,8542385
0,0,106,6650807.013254317,8885780.912393775,8521912
0,0,107,6672677.117985334,8949645.349817939,8501459
0,0,108,6693393.143754952,9019349.556445982,8481099
0,0,109,6711847.53355366,8962616.043608198,8460737
0,0,110,6733301.606571061,9003813.453037445,8440207
0,0,111,6756229.867293743,9116812.648123829,8419348
0,0,112,6777232.137711534,9103008.523896415,8398554
0,0,113,6797360.498081724,9060036.913546378,8377364
0,0,114,6820655.810179433,9172957.072740927,8356752
0,0,115,6844882.378872119,9209607.602393169,8335579
0,0,116,6869248.232519412,9181325.98241728,8314486
0,0,117,6898395.109816232,9365185.022747492,8293651
0,0,118,6924966.570750326,9452739.658166319,8271980
0,0,119,6949482.738053929,9435076.046851179,8250217
0,0,120,6974942.957668196,9428825.422810618,8228554
0,0,121,7001833.331975065,9459092.33309136,8206891
0,0,122,7031359.103958154,9550653.875623748,8185074
0,0,123,7056110.829492696,9596460.779816765,8162953
0,0,124,7075833.583820523,9585749.322744777,8141086
0,0,125,7095077.950247943,9617188.527754262,8118915
0,0,126,7116101.465255649,9770660.44188273,8096899
0,0,127,7140475.348559833,9767641.289164647,8074105
0,0,128,7176624.831215162,9875277.561341178,8051689
0,0,129,7224754.296735092,10007805.30170228,8029158
0,0,130,7271908.013259994,10058137.81913785,8006441
0,0,131,7321669.385470552,10095817.38444582,7983110
0,0,132,7376536.255134182,10207766.39303135,7960149
0,0,133,7426835.860031544,10290404.70398858,7936317
0,0,134,7478604.230147799,10406785.81821252,7913149
0,0,135,7528243.186839968,10533952.80854057,7889556
0,0,136,7579870.81226296,10665378.76183931,7865832
0,0,137,7624018.752359692,10767050.81808741,7841820
0,0,138,7664250.557384423,10802704.63871525,7817675
0,0,139,7704008.160055088,10898178.2457951,7793478
0,0,140,7746660.582930094,11063600.83177381,7769143
0,0,141,7785986.913283468,11139278.84868029,7744548
0,0,142,7827331.076001687,11256154.95990046,7719664
0,0,143,7868454.720247728,11239155.51875687,7694835
0,0,144,7921960.051032872,11468246.78280349,7669726
0,0,145,7978217.459645231,11575616.44101521,7644352
0,0,146,8040911.994487885,11715081.30058582,7618722
0,0,147,8110452.900305566,11890755.13129044,7592915
0,0,148,8187558.972516367,12064327.12365157,7566455
0,0,149,8273896.999622224,12287262.53151995,7540025
0,0,150,8370331.280994815,12563054.19058082,7513374
0,0,151,8473007.286264498,12823465.81729655,7486801
0,0,152,8581801.073893864,13124742.53277987,7459747
0,0,153,8698156.966953743,13416001.89330224,7432434
0,0,154,8813513.504736377,13681300.47994982,7404613
0,0,155,8934644.006734138,14044360.99573193,7376602
0,0,156,9056736.272492288,14411209.82586823,7348233
0,0,157,9176882.960333068,14718383.99408706,7319287
0,0,158,9307296.684458664,15156893.0802379,7290536
0,0,159,9436222.62417995,15500454.81458429,7260744
0,0,160,9579835.009860046,15951918.06105215,7231054
0,0,161,9740800.682653144,16596336.3852529,7200639
0,0,162,9920632.514381938,17236688.22447735,7169741
0,0,163,10124586.27206316,17987134.76844565,7138251
0,0,164,10350026.91714932,18807235.05571333,7105970
0,0,165,10598139.58472598,19680691.76970185,7072982
0,0,166,10858881.86974891,20478280.25077173,7039210
0,0,167,11149693.10597762,21456993.09239781,7004797
0,0,168,11470780.75774665,22567228.97726015,6969555
0,0,169,11825217.43318771,23799298.78938428,6933501
0,0,170,12239889.39229992,25326126.32616979,6896579
0,0,171,12726059.33607155,27275648.90658852,6858156
0,0,172,13306179.01853425,29749341.06200125,6817198
0,0,173,14013102.76623622,33060711.72566262,6773554
0,0,174,14888314.21282068,37572739.30341257,6725259
0,0,175,15993898.5741966,43861990.32900231,6666859
0,0,176,17428539.9789064,53188531.07280346,6589220
0,0,177,19231768.84318983,66872007.02673237,6468164
0,0,178,21171633.02438363,84609356.90991412,6244570
0,0,179,22539471.66453827,102582354.966449,5821534
0,0,180,22125318.2221885,111871484.6180334,5086321
0,0,181,19036264.66302621,103852895.2215152,4006424
0,0,182,13744529.58367047,78854947.61463128,2733817
0,0,183,7998612.567620745,47197993.08840029,1551696
0,0,184,3646061.770322647,21761225.67388876,709328
0,0,185,1269047.866129926,7558376.972957268,255593
0,0,186,331677.859787458,1950045.927663107,74126
0,0,187,66954.06755546911,381102.9451027651,20948
0,0,188,13765.33999737298,74440.33169464731,9457
0,0,189,5636.484649438326,30341.27802961483,7628
0,0,190,5096.678541684817,28044.0842115105,7176
0,0,191,4721.046044443294,25482.70450150447,6862
0,0,192,4527.699552061664,25579.99019762931,6675
0,0,193,4422.196751022076,21425.92855847873,6496
0,0,194,4606.86384463968,25960.3730528293,6360
0,0,195,4259.192220592565,25860.22992372428,6039
0,0,196,4064.099478059359,23152.39377108266,5927
0,0,197,4131.031590979439,24228.65141159904,5772
0,0,198,3636.129162247606,18326.37873172346,5536
0,0,199,3583.987028934494,18364.91140444406,5496
0,0,200,3592.104532919619,19833.97857380119,5127
0,0,201,3438.154876348633,17541.70583919607,5147
0,0,202,3396.066616148215,19157.60049456022,4997
0,0,203,3504.35884816006,20104.52956262852,4857
0,0,204,3378.14431874337,17548.73535522183,4742
0,0,205,3197.171336650299,15912.3458328671,4602
0,0,206,3369.708794412928,17820.5040793247,4508
0,0,207,3124.125541970981,17656.92382405542,4430
0,0,208,3082.839997426551,17135.15204374483,4336
0,0,209,3057.764951041753,15847.80112202516,4105
0,0,210,3063.996409960938,18161.71756235867,4031
0,0,211,2859.35527149794,15340.55611721083,3906
0,0,212,2850.967089978025,16040.95490093964,3856
0,0,213,2811.975731521771,15949.02642988951,3833
0,0,214,2800.721844436032,14865.81917442668,3625
0,0,215,2717.285878926436,15348.74977706456,3537
0,0,216,2660.207484183853,14885.09854518634,3529
0,0,217,2529.786679458128,13976.26521509841,3432
0,0,218,2519.676824152938,13863.41369381443,3313
0,0,219,2401.85009564174,12305.16951310797,3252
0,0,220,2424.186273577276,14025.78464295809,3173
0,0,221,2257.490435003719,12033.94423055574,3067
0,0,222,2311.681319780052,14080.40739863395,3050
0,0,223,2330.577984468818,12482.71811495104,3095
0,0,224,2342.626186030578,13325.1108097079,2923
0,0,225,2363.874913307425,12998.06143504629,2992
0,0,226,2276.575273945617,14383.88605311043,2874
0,0,227,2106.781119575444,11087.86102471164,2839
0,0,228,1994.87203672067,10700.94187260872,2711
0,0,229,1943.545917172119,9720.350379272784,2572
0,0,230,2063.701140939243,11245.87601545218,2652
0,0,231,2024.405325428834,11210.60927197041,2671
0,0,232,2060.048619022785,11915.15432189054,2567
0,0,233,1912.04245834367,10367.90941013556,2481
0,0,234,1976.816245539812,10518.58647870028,2449
0,0,235,1845.072160501561,8842.433942183914,2388
0,0,236,1941.636688570768,10671.86130548622,2335
0,0,237,1844.814655921154,10190.70446702872,2273
0,0,238,1807.171761878381,10253.18896153448,2206
0,0,239,1736.23246080193,10468.25691015032,2199
0,0,240,1805.052348388646,11504.38673894849,2206
0,0,241,1640.782434401511,8317.748239603512,2202
0,0,242,1703.033095163781,9292.441898895924,2073
0,0,243,1809.405147070388,13311.45436602698,2038
0,0,244,1618.665257972327,10590.37887912798,2021
0,0,245,1738.063704553167,10811.69562819977,1986
0,0,246,1696.270462358642,11258.74517306131,1934
0,0,247,1685.185685867432,9614.012783688546,1874
0,0,248,1628.51571077037,9252.640766594855,1885
0,0,249,1587.077994227936,9545.965580849033,1877
0,0,250,1571.994254849626,9592.821650685426,1818
0,0,251,1446.847363640399,7508.516290089873,1748
0,0,252,1316.976580341757,6648.770053790955,1731
0,0,253,1492.259892865716,10479.16070542209,1719
0,0,254,1335.285606610589,6985.047747280635,1690
0,0,255,1452.616714181568,12364.90016662426,1742
0,0,256,1363.878881897336,7856.808390947261,1583
0,0,257,1284.641342845887,6934.163719190323,1629
0,0,258,1231.057137849621,5926.589192192843,1578
0,0,259,1197.964174844149,5767.999901099796,1536
0,0,260,1208.979930604231,5964.173766775341,1532
0,0,261,1261.515147984365,6683.717085449664,1526
0,0,262,1313.7316169153,6993.356142573415,1466
0,0,263,1251.033142331103,6728.129664935661,1461
0,0,264,1226.893095092374,6354.048152794601,1452
0,0,265,1222.887191083335,6535.344988798344,1498
0,0,266,1275.095728110183,8564.082474938003,1409
0,0,267,1125.363678410862,5302.756383162435,1439
0,0,268,1054.390919409316,4969.178343806661,1395
0,0,269,1111.262399230652,6226.90669185788,1334
0,0,270,1105.79099795449,5751.948923654738,1361
0,0,271,1156.446335156092,6245.107821934587,1352
0,0,272,1168.809179164733,7339.141461366802,1343
0,0,273,1054.431321224492,4834.181837576386,1308
0,0,274,981.5831138181802,3820.899554157505,1305
0,0,275,966.0515881069364,4836.939590362292,1272
0,0,276,1044.467718438823,5874.742036675811,1252
0,0,277,1127.445245562766,6320.316681402295,1302
0,0,278,1122.86965291683,6973.697064897398,1156
0,0,279,991.7228084020252,5925.945716457057,1189
0,0,280,896.572745661732,3537.795902503427,1177
0,0,281,965.9992154222865,5068.004248428036,1133
0,0,282,941.4478528143339,5606.36304042551,1137
0,0,283,900.7742689721989,4582.090545774111,1121
0,0,284,862.0497743104299,4510.63939771033,1068
0,0,285,990.9951957479161,6908.504825614251,1086
0,0,286,869.7166968818811,4877.835225873401,1054
0,0,287,847.9803106811162,3682.579983227442,1062
0,0,288,963.7226772455347,7729.933433981342,1030
0,0,289,812.9258765342023,4690.090808537456,1014
0,0,290,1003.2438208829,7408.264209658177,1041
0,0,291,912.8402513845771,5618.163801453171,1000
0,0,292,818.2936254135145,3944.199286643126,998
0,0,293,832.9487745887859,4813.46682802296,1002
0,0,294,814.3794760263881,3701.285911130084,948
0,0,295,709.4069358480966,2952.840177893417,1004
0,0,296,792.6615130963769,4869.240742209689,954
0,0,297,708.6702221285034,3018.925040715349,954
0,0,298,770.2303434841021,4623.603474607354,940
0,0,299,783.8601148113065,4271.445563667241,1331
