# mesh name: boxMesh_1
# primitive scorer name: doseScorer
# iX, iY, iZ, total(value) [MeV], total(val^2), entry
0,0,0,5224311.453710055,6056701.96803132,10000000
0,0,1,5299512.318270287,6617830.366322484,9998666
0,0,2,5331736.062246021,6760596.971094128,9996064
0,0,3,5354211.726306908,6791786.457290987,9992737
0,0,4,5382294.361554239,7108519.484784772,9988830
0,0,5,5401754.563904753,7158333.49371782,9984455
0,0,6,5419940.079609467,7168315.770791546,9979548
0,0,7,5438371.653234933,7173992.234752418,9974294
0,0,8,5459573.306563148,7364095.22362281,9968792
0,0,9,5473031.042626703,7317977.898701768,9962788
0,0,10,5488851.051919063,7407555.163390301,9956462
0,0,11,5503102.962847782,7438913.961393785,9949885
0,0,12,5518204.63643985,7454183.338683847,9942788
0,0,13,5526851.398762326,7391773.529036906,9935410
0,0,14,5543615.265677214,7536928.586278539,9927606
0,0,15,5559234.858573264,7645362.858762659,9919730
0,0,16,5569613.322318603,7571141.706275064,9911529
0,0,17,5577385.23895899,7517985.740216543,9903120
0,0,18,5591056.67898179,7667018.314781969,9894346
0,0,19,5598479.593238957,7594425.77562719,9885510
0,0,20,5610002.359987528,7570036.818334175,9876432
0,0,21,5621226.23149357,7576657.84778111,9867045
0,0,22,5636529.606436651,7822377.96739928,9857376
0,0,23,5643433.804092103,7705016.544667097,9847383
0,0,24,5652532.8859332,7751637.541482028,9837297
0,0,25,5664420.747022538,7834161.731248945,9827185
0,0,26,5672365.180583591,7725788.627072124,9816677
0,0,27,5678834.837804954,7633374.087162874,9805872
0,0,28,5687560.31328347,7709078.174274383,9794986
0,0,29,5699869.575873637,7735348.233282718,9783886
0,0,30,5712365.014631191,7906799.691153083,9772678
0,0,31,5718447.816225478,7792549.834271627,9761221
0,0,32,5728423.459629566,7804656.729915118,9749695
0,0,33,5736781.842813315,7796088.585462164,9737878
0,0,34,5744890.738398788,7824653.028404456,9725731
0,0,35,5755705.042218994,7927010.10584135,9713605
0,0,36,5763660.637412359,7940407.446766724,9701292
0,0,37,5772744.234498024,7916886.191310694,9688502
0,0,38,5781317.742812096,7972613.568542292,9675689
0,0,39,5789247.507675974,8002551.372318502,9662841
0,0,40,5799433.738076775,8014451.51198421,9649749
0,0,41,5806233.061970044,7922988.864641858,9636446
0,0,42,5815339.326034311,7980594.728625664,9623112
0,0,43,5824084.415938353,7966158.783220443,9609410
0,0,44,5829874.040498378,7951445.365729739,9595816
0,0,45,5837185.722022183,7952470.529467897,9581935
0,0,46,5845626.483312505,8008635.549457635,9567981
0,0,47,5854306.360089151,8034125.515651366,9553984
0,0,48,5862828.173426793,8038463.543312698,9539965
0,0,49,5872352.669792518,8072054.194795838,9525708
0,0,50,5882305.886885836,8118263.913285354,9511182
0,0,51,5887667.805738095,7972836.146317408,9496269
0,0,52,5896915.710849497,8153236.566615523,9481704
0,0,53,5903986.578604093,7960916.151580185,9467049
0,0,54,5914574.633236967,8092555.514510139,9452000
0,0,55,5922882.001898143,8108352.834653722,9436706
0,0,56,5932317.313211896,8095783.531824037,9421467
0,0,57,5937693.399454103,8061936.911497979,9406257
0,0,58,5947200.895505613,8174662.100864278,9390839
0,0,59,5958381.404931354,8170547.678532576,9375215
0,0,60,5963608.495282036,8065597.071341064,9359745
0,0,61,5970085.164550127,8104606.129545735,9344045
0,0,62,5980341.60068232,8074256.616315072,9328504
0,0,63,5990701.943375639,8166161.491890246,9312735
0,0,64,5999574.002741551,8176570.36220519,9296755
0,0,65,6005626.391370045,8137266.318354026,9280690
0,0,66,6016048.773144536,8194516.098172466,9264619
0,0,67,6027821.265330022,8264663.291853427,9248424
0,0,68,6035207.366525416,8154060.655846044,9231824
0,0,69,6045310.756277571,8202174.684736843,9215295
0,0,70,6052490.964884809,8115926.740009263,9198758
0,0,71,6061753.601147736,8135158.9721833,9182054
0,0,72,6071323.38964462,8180203.993422983,9165177
0,0,73,6080599.537647201,8177885.573064041,9148181
0,0,74,6094286.664435053,8266401.023312051,9131204
0,0,75,6105012.373519395,8280897.130506696,9114411
0,0,76,6113337.841571381,8219683.554589782,9097244
0,0,77,6121148.813591447,8182247.277731506,9079844
0,0,78,6133691.817170599,8253110.882848714,9062499
0,0,79,6143253.802354225,8239288.513089286,9044803
0,0,80,6155101.977398615,8275278.775564663,9027552
0,0,81,6166722.578017252,8241667.222917472,9009766
0,0,82,6176270.187837137,8201834.775632249,8992135
0,0,83,6191133.491458161,8370541.541027436,8974726
0,0,84,6203169.71685957,8327848.068840353,8956739
0,0,85,6217812.100962104,8394436.295616748,8938727
0,0,86,6229807.734145898,8419573.160785792,8920632
0,0,87,6239987.86630187,8334771.672194728,8902528
0,0,88,6255870.065599484,8418958.285710339,8884458
0,0,89,6270427.302773213,8443667.082087537,8866170
0,0,90,6284492.082037382,8478538.090565616,8847657
0,0,91,6296869.928797767,8464165.713799058,8828951
0,0,92,6309039.972201869,8445075.191400651,8810394
0,0,93,6325439.930528273,8487335.67581136,8791887
0,0,94,6340798.317838879,8508765.810749875,8773223
0,0,95,6355702.81618844,8516286.752470847,8754171
0,0,96,6368683.632603832,8516144.70116372,8735300
0,0,97,6384602.415147707,8569841.795708379,8716245
0,0,98,6400789.638048813,8588671.42432539,8697032
0,0,99,6417331.002681741,8655537.611555044,8677647
0,0,100,6431635.768801341,8629031.753031099,8658379
0,0,101,6446792.363206306,8625579.797596974,8638732
0,0,102,6462770.795746901,8647040.192116275,8619104
0,0,103,6483190.655604133,8782507.813675879,8599689
0,0,104,6500759.825145151,8763870.346485972,8580221
0,0,105,6515582.303359141,8728118.972625809,8560340
0,0,106,6532597.218559693,8747017.459960504,8540462
0,0,107,6548886.47191008,8701113.78483112,8520368
0,0,108,6572669.642195169,8889723.175671499,8500534
0,0,109,6587508.294470862,8808924.429281183,8480105
0,0,110,6602954.941324928,8739473.587521128,8459901
0,0,111,6627902.979686162,8928249.313195311,8439453
0,0,112,6649266.333337624,8942856.532598851,8419266
0,0,113,6668952.405453533,9016506.277708381,8398618
0,0,114,6685324.44901927,8884517.946013462,8378123
0,0,115,6709405.481773417,9018500.742584376,8357825
0,0,116,6733700.669260463,9145193.865934426,8336770
0,0,117,6754227.573368168,9112712.988659957,8315982
0,0,118,6776218.680373824,9118373.252568906,8294777
0,0,119,6801137.869124782,9180238.347822508,8273440
0,0,120,6824951.732374123,9215246.713192323,8252280
0,0,121,6850586.232493491,9261425.676837554,8230913
0,0,122,6878559.481313125,9346055.332192365,8209670
0,0,123,6901458.672171323,9340638.883786621,8188353
0,0,124,6930762.531819364,9479299.882979752,8166590
0,0,125,6953585.767322446,9374314.093835009,8144854
0,0,126,6981569.427601061,9506421.792608155,8122729
0,0,127,7005546.237459511,9606409.581230894,8100620
0,0,128,7024523.390273403,9571993.096037757,8078697
0,0,129,7044159.116302129,9592689.851852473,8056556
0,0,130,7063649.571502866,9670534.661109174,8034332
0,0,131,7087198.333355642,9625761.89482487,8011689
0,0,132,7125559.961753234,9799948.880108101,7989231
0,0,133,7167741.027150777,9823656.156609189,7966624
0,0,134,7217616.398979104,9900165.397808967,7943914
0,0,135,7269569.330575647,9977692.337379249,7921168
0,0,136,7324306.496914786,10165556.69959636,7898032
0,0,137,7376901.345470099,10263735.05990244,7874907
0,0,138,7427056.945510292,10390419.01277289,7851493
0,0,139,7476428.582683017,10472053.50645158,7828129
0,0,140,7524216.976019566,10548222.6149489,7804457
0,0,141,7570776.377697391,10696437.27060961,7780485
0,0,142,7610423.276207994,10742054.27296898,7756406
0,0,143,7652676.088331741,10888868.34876839,7732352
0,0,144,7689026.725495339,10889451.81034932,7707746
0,0,145,7729038.616305282,11015729.12742415,7683273
0,0,146,7771629.176993304,11156125.0008188,7658481
0,0,147,7815134.667694658,11227291.53875642,7633502
0,0,148,7865579.887286332,11332426.07359207,7608753
0,0,149,7923629.146418398,11453174.07610417,7583655
0,0,150,7985445.46154473,11596136.32396981,7558036
0,0,151,8059105.51600834,11832124.95144548,7532417
0,0,152,8138313.169619584,12044772.73088157,7506748
0,0,153,8222219.33287297,12155432.58268333,7480655
0,0,154,8319818.286957407,12486588.56980749,7454222
0,0,155,8421282.411958812,12781951.02920859,7427078
0,0,156,8528092.157660048,13002606.11280295,7399857
0,0,157,8643832.640681811,13364132.68793664,7372681
0,0,158,8758005.457270982,13586106.97315221,7344989
0,0,159,8876079.961223142,13914907.76725641,7316865
0,0,160,8999129.25562004,14336653.59063577,7288678
0,0,161,9121427.181447607,14650960.33483812,7260260
0,0,162,9248504.961986452,15075390.00763455,7231514
0,0,163,9379368.095904589,15450135.54167859,7202085
0,0,164,9524323.358219428,15948038.95849006,7172423
0,0,165,9685401.284962643,16517031.04994521,7142131
0,0,166,9869484.811646832,17244019.12177461,7111357
0,0,167,10071831.03291285,17977435.9724908,7079702
0,0,168,10296499.39432272,18799781.73398525,7047196
0,0,169,10541038.19113891,19593829.18924951,7014128
0,0,170,10804665.35949599,20457712.71010169,6980270
0,0,171,11093336.27862747,21379250.83471864,6945658
0,0,172,11414301.41031529,22505520.32616229,6910591
0,0,173,11772977.70828049,23762731.34960161,6874646
0,0,174,12188939.37338953,25310006.51010038,6837358
0,0,175,12679889.98223291,27278066.19357202,6798872
0,0,176,13273315.44650516,29887615.2733982,6758432
0,0,177,13987869.59317845,33249280.1449789,6714462
0,0,178,14879353.94689977,37888504.36205029,6665142
0,0,179,16015491.65418043,44536697.11959092,6605833
0,0,180,17471751.80341158,54218400.3896409,6523291
0,0,181,19264197.90830299,68133657.52332053,6391243
0,0,182,21113765.97010157,85655663.32314219,6147760
0,0,183,22258805.07791318,102336838.9218146,5694373
0,0,184,21563088.21262646,109632321.7713692,4930577
0,0,185,18301842.63618731,100036831.1697278,3846983
0,0,186,13074994.23908454,75005620.95471993,2602697
0,0,187,7574435.549856715,44665570.97429289,1471140
0,0,188,3460234.091255896,20633533.26647768,673731
0,0,189,1219875.044347159,7255017.174690297,245794
0,0,190,326295.6240791617,1914212.233984293,72863
0,0,191,67873.56760131867,386286.9256374897,20995
0,0,192,14254.95651265738,82555.83236568785,9510
0,0,193,6032.934040398187,33951.00724343574,7621
0,0,194,4999.464224582513,29379.21646494206,6955
0,0,195,4484.006122931673,23487.19879069841,6729
0,0,196,4376.397864897901,21681.33801887907,6484
0,0,197,4177.427041417073,21967.68489679226,6413
0,0,198,4242.522112372104,22848.8625542037,6177
0,0,199,4000.947986711488,21691.8290075001,6078
0,0,200,3925.207504135678,18773.08727680584,5775
0,0,201,3900.792189941488,18187.75235126878,5632
0,0,202,3696.155596098915,18916.4248841807,5470
0,0,203,3826.453424150835,21267.07957547138,5367
0,0,204,3728.111630754858,19722.58446350008,5136
0,0,205,3588.046249036763,18021.8240113493,5117
0,0,206,3482.782530651576,18242.93931814681,4860
0,0,207,3453.43941328974,18953.16086492368,4689
0,0,208,3327.716914056233,17585.61944239014,4629
0,0,209,3348.561172781191,19300.41242164121,4690
0,0,210,3116.208512891903,16598.92569370181,4367
0,0,211,3183.275588359101,16607.64750824294,4310
0,0,212,3019.51599502627,14748.88514652362,4267
0,0,213,3181.829662310248,18496.65229484295,4087
0,0,214,3064.902192059688,18527.03679292661,3975
0,0,215,2780.570350431185,13022.31263045334,3879
0,0,216,2806.287644065749,14711.82753726947,3836
0,0,217,2817.974268600699,14611.2355847631,3699
0,0,218,2687.849098552826,13641.18565001921,3653
0,0,219,2659.411632798677,14990.04112438623,3503
0,0,220,2554.504511855921,14879.43004836608,3489
0,0,221,2521.420438342703,12198.21218404434,3375
0,0,222,2415.083356880845,12638.34818176373,3289
0,0,223,2466.222086315252,12553.46508968006,3276
0,0,224,2363.630145486205,12231.43110962001,3237
0,0,225,2527.08571105619,14866.45664410207,3160
0,0,226,2320.065613413465,12597.90588377883,3092
0,0,227,2274.515707173754,12314.04912913975,3106
0,0,228,2219.191909359906,13966.8673242582,2959
0,0,229,2325.075852892747,14098.16789815502,2924
0,0,230,2082.811361386787,10318.63995796215,2803
0,0,231,2092.009626560966,10809.29138871645,2848
0,0,232,2145.343882156392,12175.8926235489,2732
0,0,233,2021.961406948418,9676.149133673602,2673
0,0,234,2078.099616747663,13765.8073710087,2587
0,0,235,1929.211691498214,9834.820740990524,2587
0,0,236,1909.398699692593,9228.563315777403,2448
0,0,237,1867.493187312094,9664.591897192982,2469
0,0,238,2000.983228672506,11870.79428994094,2388
0,0,239,1917.069609542973,11467.51533705372,2401
0,0,240,1815.417757502122,10381.34314327711,2333
0,0,241,1842.835322571462,10178.58090746661,2354
0,0,242,1821.811011999135,9085.620727783973,2321
0,0,243,1874.997455221128,10950.66981787189,2215
0,0,244,1703.98524054166,8839.945315316021,2216
0,0,245,1789.999762086396,12386.35547935554,2203
0,0,246,1758.76260218161,10374.0607454388,2141
0,0,247,1811.709824124454,14662.21827918701,2080
0,0,248,1561.272808944849,8470.284839872635,1951
0,0,249,1641.469138348444,9398.732396033103,1975
0,0,250,1729.845965790002,11610.25745625262,1975
0,0,251,1556.132891830547,8613.132809202549,1934
0,0,252,1500.322065939963,7396.008483945718,1878
0,0,253,1448.584544946139,7918.598824046947,1843
0,0,254,1479.161498835266,9431.274100724546,1831
0,0,255,1501.414415895062,8820.375735831738,1844
0,0,256,1361.486197906195,7000.95741838275,1713
0,0,257,1299.177585002191,5673.771612787283,1656
0,0,258,1240.766321483761,5552.033324648154,1657
0,0,259,1209.959341854117,5555.368235396973,1625
0,0,260,1201.048872276119,5606.050589591828,1639
0,0,261,1210.030158490281,7105.318777366514,1555
0,0,262,1300.074739545257,7570.188549139907,1613
0,0,263,1264.493087794348,7295.380117949278,1542
0,0,264,1180.839878041496,6382.319040995677,1529
0,0,265,1201.501444312818,6711.026298672142,1491
0,0,266,1247.385178771695,8016.991921791254,1470
0,0,267,1144.340499757961,5659.762089600736,1478
0,0,268,1197.189685897691,7518.695951820542,1433
0,0,269,1223.516373152142,7759.323866481574,1414
0,0,270,1231.649344568168,9555.054870335667,1449
0,0,271,1070.632378542868,4851.131286155754,1406
0,0,272,1119.881832915402,6875.729510468127,1379
0,0,273,1153.868124889834,6852.045690994045,1440
0,0,274,1044.988317742511,5699.882470250819,1316
0,0,275,973.994355116337,4436.763439460161,1280
0,0,276,1034.555808318845,5531.756357184883,1296
0,0,277,998.4418292110013,4667.420749156941,1279
0,0,278,1025.773319996779,6270.113076879386,1262
0,0,279,977.8970192986069,4936.762804685329,1290
0,0,280,1031.604458163478,8311.475342225747,1239
0,0,281,1099.428477307119,6499.525650293323,1183
0,0,282,1002.379504453513,5196.447776382912,1264
0,0,283,892.824198269087,4289.187978183291,1168
0,0,284,960.3826008446372,5345.001801826253,1131
0,0,285,967.4268997198155,4726.748300569922,1161
0,0,286,1031.536221372548,6710.449908806145,1166
0,0,287,1055.71067187023,6778.518607351639,1113
0,0,288,1009.486612669723,5971.690057568854,1108
0,0,289,819.2361887814408,3539.076898981577,1056
0,0,290,971.9010235313174,7678.206791202723,1103
0,0,291,1027.817385106537,7674.06869841541,1085
0,0,292,933.2144450661046,7145.914536835065,1048
0,0,293,959.4699578073605,6911.486278881795,1022
0,0,294,1010.586959203794,7275.865367107698,999
0,0,295,877.0421600066343,4830.875963932654,1033
0,0,296,915.5699898714023,5590.101757278122,1012
0,0,297,820.421961984491,4749.60611288189,945
0,0,298,888.0558708507167,4886.980898663463,967
0,0,299,804.7044680754274,4515.156006613641,1314
