# mesh name: boxMesh_1
# primitive scorer name: doseScorer
# iX, iY, iZ, total(value) [MeV], total(val^2), entry
0,0,0,5182277.654449467,6015408.084247984,10000000
0,0,1,5258630.903508372,6571212.486982062,9998686
0,0,2,5292017.838025263,6783402.630943063,9996110
0,0,3,5313390.405095447,6773983.514187912,9992783
0,0,4,5340280.272913807,7057317.755431433,9988928
0,0,5,5359122.561669656,7083768.870226054,9984562
0,0,6,5376731.080509068,7125405.09559177,9979700
0,0,7,5395572.448154282,7154079.288148992,9974545
0,0,8,5417031.143996457,7368326.610526046,9969050
0,0,9,5429696.281349527,7304546.222562235,9963071
0,0,10,5445108.472946509,7432951.710494286,9956788
0,0,11,5457894.482674992,7388907.696388944,9950105
0,0,12,5473046.431250175,7411394.10228761,9943181
0,0,13,5482137.301153269,7382369.504927708,9935904
0,0,14,5496459.523344634,7421641.831872776,9928210
0,0,15,5512983.314261447,7598541.498950513,9920452
0,0,16,5523648.98865755,7505956.309234168,9912355
0,0,17,5532262.113682039,7519077.230240402,9904162
0,0,18,5544191.271985931,7643716.419610849,9895472
0,0,19,5550945.590162382,7522856.111075019,9886637
0,0,20,5562042.627923669,7536665.052770287,9877675
0,0,21,5573896.928730964,7585692.178631935,9868479
0,0,22,5586546.785213371,7776349.696728923,9859001
0,0,23,5594219.536059888,7649663.291647643,9848976
0,0,24,5603951.337507341,7685367.068612706,9839094
0,0,25,5614979.777492888,7731457.51229547,9828973
0,0,26,5622548.811978705,7614783.662039526,9818559
0,0,27,5631026.721612022,7664020.561918154,9807764
0,0,28,5638700.205419876,7718997.191992889,9796879
0,0,29,5649911.28277576,7712851.522224197,9785965
0,0,30,5661580.905500469,7834456.392837393,9774927
0,0,31,5666756.889411616,7722007.508042445,9763381
0,0,32,5679672.443570924,7859606.89919485,9751800
0,0,33,5686817.19701064,7870554.933294413,9740043
0,0,34,5694267.921707876,7853711.280705744,9728093
0,0,35,5699657.163820473,7713997.026042184,9716057
0,0,36,5708647.351014859,7792741.413986566,9703640
0,0,37,5718575.977779975,7852728.602656169,9691114
0,0,38,5724327.632613532,7817341.668665327,9678413
0,0,39,5733216.542441668,7834743.716262092,9665460
0,0,40,5739329.98262571,7780684.381120579,9652744
0,0,41,5747696.465926638,7772522.173549801,9639795
0,0,42,5759148.559774728,7932422.358233882,9626556
0,0,43,5766031.1020353,7850269.284590055,9613185
0,0,44,5772869.894791374,7923617.025600577,9599722
0,0,45,5779648.146028015,7823322.681863713,9586214
0,0,46,5789302.704986783,7966152.895781646,9572259
0,0,47,5797649.168174259,8001136.840754242,9558247
0,0,48,5803526.336030064,7852264.288869128,9544102
0,0,49,5813130.518968868,7944397.613141498,9530028
0,0,50,5823122.532501636,7992060.120689605,9515700
0,0,51,5830605.150675035,7983062.754538303,9501376
0,0,52,5837425.395473875,7972168.000062218,9487258
0,0,53,5844509.489452112,7933398.452107118,9472602
0,0,54,5852871.975112771,8002455.725861013,9457929
0,0,55,5863800.497721918,8074320.715854645,9443095
0,0,56,5871407.08017838,8050214.297879852,9428029
0,0,57,5877565.089736516,7973852.46432492,9412793
0,0,58,5884843.758613225,7994725.264481537,9397332
0,0,59,5893410.59842969,8050952.720561827,9381910
0,0,60,5900336.035094908,7977763.284245759,9366787
0,0,61,5911340.789956587,8172545.237541083,9351147
0,0,62,5917042.131106388,8014164.320548392,9335605
0,0,63,5927035.047728619,8112006.741892371,9319824
0,0,64,5931718.660302144,8063150.965448948,9303805
0,0,65,5937437.667982564,8018104.525510722,9287638
0,0,66,5948620.602885148,8047625.107062802,9271512
0,0,67,5957395.783264359,8099405.349530298,9255509
0,0,68,5965047.621098784,8027095.980942418,9239476
0,0,69,5975721.834134695,8101292.791683454,9223196
0,0,70,5982715.549461404,8113744.148842983,9206721
0,0,71,5990739.319789176,8084764.50857535,9190248
0,0,72,6001271.187251259,8114109.185331683,9173693
0,0,73,6006613.394666049,8019742.818942551,9156780
0,0,74,6020615.715090161,8186903.421784363,9140060
0,0,75,6027206.29169568,8144252.882103078,9123058
0,0,76,6036473.466173589,8204838.654867306,9105844
0,0,77,6043079.299886542,8106944.410276506,9088880
0,0,78,6053137.899816862,8099291.36907291,9071633
0,0,79,6065139.768568951,8168210.55226795,9054236
0,0,80,6074299.106337931,8203707.023264376,9036954
0,0,81,6085912.959833331,8226443.491644135,9019597
0,0,82,6095287.818092356,8164454.991318374,9002313
0,0,83,6103653.924951078,8118949.311215928,8984488
0,0,84,6116752.07980801,8219710.698287929,8966763
0,0,85,6126503.928270845,8200337.40110047,8948933
0,0,86,6141258.559135728,8317606.63092776,8931170
0,0,87,6152777.982252522,8308591.644208347,8913223
0,0,88,6168400.7518366,8387471.968070424,8895209
0,0,89,6178749.832417169,8351037.140622318,8877215
0,0,90,6191232.863784289,8368493.73530364,8858847
0,0,91,6201789.239106096,8326186.676277999,8840368
0,0,92,6211741.167401187,8266789.544715444,8821621
0,0,93,6224634.297031347,8286769.198918846,8802928
0,0,94,6242234.384960177,8398989.770146053,8784559
0,0,95,6257979.943650498,8446087.827443536,8766161
0,0,96,6269623.467864366,8429506.854138765,8747482
0,0,97,6281066.067192251,8368264.115993859,8728546
0,0,98,6295981.335206651,8406402.540799133,8709684
0,0,99,6311693.270915505,8500064.530466298,8690538
0,0,100,6328420.866458859,8524375.498379331,8671714
0,0,101,6344070.889772583,8572511.673384583,8652818
0,0,102,6357224.805099747,8519975.425697917,8633526
0,0,103,6368324.499795645,8411592.509531902,8614267
0,0,104,6386374.337256622,8485174.984497184,8594983
0,0,105,6406497.605856529,8635215.995676305,8575398
0,0,106,6423300.247668415,8680872.489678869,8555990
0,0,107,6437598.930555176,8605472.486254917,8536282
0,0,108,6456069.226875834,8707687.515956234,8516507
0,0,109,6471239.165729232,8676071.237811252,8496664
0,0,110,6487998.514812741,8676890.165698897,8476918
0,0,111,6506905.795306692,8759026.089538502,8456734
0,0,112,6523457.656101226,8746280.607471433,8436498
0,0,113,6540906.115981906,8727932.132645674,8416357
0,0,114,6557160.583813553,8679543.988100994,8396217
0,0,115,6578840.058844283,8765224.350498093,8375820
0,0,116,6600776.571492426,8878391.302098177,8355490
0,0,117,6620012.972230856,8883031.284154706,8334874
0,0,118,6639047.296994335,8882570.608011309,8314340
0,0,119,6664194.776441644,8963051.44364151,8293870
0,0,120,6684483.608407363,8930723.17335166,8273111
0,0,121,6709026.840841528,9084600.396787934,8252169
0,0,122,6725087.666410193,8949651.785965636,8230832
0,0,123,6753117.588212046,9104651.214689931,8209776
0,0,124,6779102.80860057,9246874.088225136,8188468
0,0,125,6801339.030220535,9217419.058728632,8167119
0,0,126,6827424.490398971,9267440.562038906,8146090
0,0,127,6852895.640010703,9298401.180794032,8124347
0,0,128,6878385.095945598,9339290.036292521,8102619
0,0,129,6906587.884805383,9394834.735163804,8080903
0,0,130,6931436.266054838,9447538.90108804,8059249
0,0,131,6955392.006454005,9493237.270314885,8037476
0,0,132,6976148.662975117,9548639.869097989,8015514
0,0,133,6994845.551925296,9648430.013777185,7993011
0,0,134,7013199.832128885,9607379.664779803,7970651
0,0,135,7040439.110729793,9647902.444118362,7948534
0,0,136,7072812.023918231,9603367.739018524,7925964
0,0,137,7121004.882993566,9809668.238267999,7903336
0,0,138,7169386.864702116,9894611.190348646,7880573
0,0,139,7220602.263685789,9973375.374838533,7857819
0,0,140,7272614.058316961,10104513.36075385,7834664
0,0,141,7323777.89430469,10204605.7636472,7811650
0,0,142,7374554.65783643,10342233.69630444,7788312
0,0,143,7423409.279535005,10404288.65522041,7764664
0,0,144,7470471.250232781,10538737.78863354,7740823
0,0,145,7511907.344064209,10589063.96139293,7716752
0,0,146,7552900.278159819,10679480.02438908,7692954
0,0,147,7593019.291748652,10811603.2490352,7668716
0,0,148,7631894.702757907,10915643.15471128,7644425
0,0,149,7671444.938392887,10954727.39996259,7619842
0,0,150,7714225.839651774,11088728.94203627,7595135
0,0,151,7757759.840463757,11106842.2695485,7570533
0,0,152,7811535.121312859,11371062.44207478,7545426
0,0,153,7866466.34486513,11466287.60511929,7519915
0,0,154,7929026.243387416,11637039.4157606,7494535
0,0,155,8000717.895401397,11797875.63857597,7468803
0,0,156,8076106.704748208,11918360.36757594,7442829
0,0,157,8163533.612458952,12165142.62452059,7416750
0,0,158,8255596.721313012,12394590.51071294,7390372
0,0,159,8355198.883437608,12609367.41668315,7363647
0,0,160,8467723.454550441,13016218.30364921,7336765
0,0,161,8581003.532867748,13333255.84588555,7309410
0,0,162,8692390.711328346,13503896.09826405,7281601
0,0,163,8812627.870898545,13879153.78924946,7253984
0,0,164,8930919.312905554,14234233.14677338,7225781
0,0,165,9053619.621315736,14578624.98235508,7197639
0,0,166,9177682.253900275,14920923.70953486,7168919
0,0,167,9309651.421091031,15320486.39733196,7139912
0,0,168,9453925.957608959,15835538.82840997,7110459
0,0,169,9613545.909890713,16370862.17497408,7080234
0,0,170,9795886.745177604,17043779.52779808,7049670
0,0,171,10001052.60602908,17835431.65885743,7018310
0,0,172,10225644.99477657,18637542.30629588,6986115
0,0,173,10474378.15546947,19576242.43377842,6953153
0,0,174,10740654.41661967,20463328.94836201,6919715
0,0,175,11027766.74006238,21389803.55495866,6885384
0,0,176,11340094.92428498,22329437.54628628,6849867
0,0,177,11705095.22317059,23690526.28540412,6814120
0,0,178,12122478.48342529,25261991.90970957,6776966
0,0,179,12620510.27784755,27314006.95787097,6739033
0,0,180,13215055.72875939,29907689.55128437,6698178
0,0,181,13938753.34283323,33395514.90660123,6653517
0,0,182,14837741.7080762,38146936.20795815,6603022
0,0,183,15975616.92373445,44808092.87065101,6541019
0,0,184,17454560.74297799,54907310.09760167,6455902
0,0,185,19214734.51062296,68812074.20523924,6314587
0,0,186,20960377.73051642,85857783.49859005,6054363
0,0,187,21922192.91123393,101401642.6589969,5580970
0,0,188,21037100.53892246,107167587.5179394,4804039
0,0,189,17720400.18652312,96841320.54244223,3728097
0,0,190,12610672.31213329,72241185.56368637,2515790
0,0,191,7321161.352274281,43063794.92843559,1426113
0,0,192,3387367.273708113,20179783.09828024,660166
0,0,193,1221927.110247086,7281558.613230889,245503
0,0,194,337229.7797231608,1989862.458210803,74743
0,0,195,73628.07288273225,424055.939668011,21920
0,0,196,15165.98486274499,84800.39966413747,9822
0,0,197,5693.905815204336,29931.82858722551,7470
0,0,198,4775.414171254897,25062.31547888431,6899
0,0,199,4469.25734547714,24094.32317835966,6865
0,0,200,4403.363837308582,21752.36042969534,6473
0,0,201,4124.908584017865,19438.8520065878,6349
0,0,202,4426.775264056663,24587.22779004755,6159
0,0,203,4278.804751093912,24053.00804756491,5950
0,0,204,4188.659969641776,22154.3917201333,5807
0,0,205,4199.286188660844,26849.60571645895,5620
0,0,206,3984.280391264623,22028.09354251318,5538
0,0,207,3899.178366681383,20827.82925537165,5314
0,0,208,3881.596511372586,23626.46733356506,5127
0,0,209,3793.830295902236,20274.46310278245,5041
0,0,210,3528.692601657038,17945.37731639325,4908
0,0,211,3450.846475943842,17781.61345439713,4802
0,0,212,3570.455708161888,22359.33602401056,4783
0,0,213,3154.187548972885,16160.81563565524,4547
0,0,214,3053.539865809722,15049.2198037949,4426
0,0,215,3226.088211128824,18346.08480061913,4359
0,0,216,3158.986997113563,17690.35167449067,4226
0,0,217,3235.790089498248,19839.15021826213,4094
0,0,218,2967.566447130503,15244.57424854866,4069
0,0,219,3046.29331788311,19775.97685856442,3951
0,0,220,2792.316893125001,14250.16963298003,3823
0,0,221,2762.46668832174,13945.2165870205,3692
0,0,222,2877.548610243945,18681.24224020037,3632
0,0,223,2812.436934894289,16376.14108789785,3634
0,0,224,2520.082178569941,12062.4280263014,3518
0,0,225,2427.794263430339,11914.15537641438,3452
0,0,226,2700.842750716043,17250.65096731657,3424
0,0,227,2509.180063276122,13141.58790737322,3248
0,0,228,2556.052528996979,14387.28784116291,3263
0,0,229,2221.448868654217,11092.13565767351,3134
0,0,230,2397.484923548834,13867.10619986876,3033
0,0,231,2253.867457554086,10970.94811565994,3026
0,0,232,2117.782086980531,9930.46205429349,2892
0,0,233,2171.912202571113,11074.70279623516,2838
0,0,234,2148.986987731454,10447.45482975729,2824
0,0,235,2133.011803782302,16419.79110088289,2739
0,0,236,2076.266420447237,11553.1437194407,2778
0,0,237,2083.232318378862,12377.32283318396,2618
0,0,238,2093.561325509311,11166.5210483885,2583
0,0,239,1963.559834253565,10296.97632026982,2503
0,0,240,1954.987882141877,10296.90075296521,2512
0,0,241,2114.672562781931,12485.68466707699,2480
0,0,242,2113.600906852913,11518.64604614677,2434
0,0,243,2051.794977383344,12759.02991874959,2358
0,0,244,1996.109467192173,12201.62994737808,2337
0,0,245,1873.877835077126,9737.548438144278,2263
0,0,246,1997.534861832569,10622.45790340142,2223
0,0,247,1862.752899421756,10112.38895439055,2171
0,0,248,1868.400241481904,9968.59149491782,2114
0,0,249,1787.625118595326,10453.94563524051,2075
0,0,250,1910.587615955238,12357.56847502311,2076
0,0,251,1733.754549772791,10455.21345048558,1991
0,0,252,1667.13635667775,9327.581254913061,2024
0,0,253,1774.752380907677,10022.23700543657,1962
0,0,254,1609.211210538401,9281.547845513101,1967
0,0,255,1550.569106235979,7798.279758262761,1926
0,0,256,1625.055758552053,8692.331945581744,1866
0,0,257,1817.522477362571,11980.81677552022,1880
0,0,258,1479.159384272539,8386.544669946819,1788
0,0,259,1390.800132945055,6493.508376375665,1832
0,0,260,1471.996336447928,8415.138085374314,1777
0,0,261,1466.042632878321,9558.762079983444,1685
0,0,262,1424.703871911498,7511.396823454145,1727
0,0,263,1321.815520922821,6528.444217997972,1687
0,0,264,1257.881594909353,7077.943031322001,1630
0,0,265,1212.176246652377,5722.645788149325,1646
0,0,266,1318.060611336062,7483.346090876672,1626
0,0,267,1248.827742984692,6692.626770897565,1538
0,0,268,1287.028839224077,8166.693267358875,1538
0,0,269,1178.50043068727,7150.866785668918,1513
0,0,270,1170.64418770929,5845.988780687562,1518
0,0,271,1169.082813389495,6867.926579189361,1459
0,0,272,1091.632691522071,6409.3092684983,1471
0,0,273,1165.408023103254,5847.279438002843,1472
0,0,274,1153.274117823076,5863.946261699232,1397
0,0,275,1168.335089904279,7848.970274577809,1416
0,0,276,1249.446258737683,9486.177354443771,1345
0,0,277,1164.409557448842,7031.941971089325,1372
0,0,278,1148.27351842296,6205.788967360042,1366
0,0,279,1023.612976629187,4481.77051525693,1300
0,0,280,1139.077539599406,6894.455034961685,1274
0,0,281,1090.805451763239,7336.331162370148,1275
0,0,282,1003.08184079236,4301.825639940323,1221
0,0,283,1042.938357308951,7110.145593589792,1193
0,0,284,892.7330736217859,3455.648755168972,1226
0,0,285,1012.174551044424,6054.094050762306,1191
0,0,286,983.9056946899306,5151.616019735564,1147
0,0,287,887.3092512453442,4470.831635111483,1146
0,0,288,1047.071037736716,6317.480630399437,1107
0,0,289,1071.992218730347,6734.66054969466,1190
0,0,290,1007.656161524465,5229.858809854684,1159
0,0,291,1089.574461468066,8025.028775715266,1127
0,0,292,978.8727740601936,6627.598369533247,1116
0,0,293,981.5707377024899,5080.962984789096,1069
0,0,294,964.6185336865683,5215.488804860222,1075
0,0,295,931.704599453536,6186.96698660683,1089
0,0,296,769.6545924204943,3252.053198220355,1021
0,0,297,942.61948165731,5531.473673366865,1005
0,0,298,878.3432537160948,4360.633369188475,1053
0,0,299,900.9556212127584,5371.762703402403,1432
