# mesh name: boxMesh_1
# primitive scorer name: doseScorer
# iX, iY, iZ, total(value) [MeV], total(val^2), entry
0,0,0,5140768.545485444,5966940.064670824,10000000
0,0,1,5218829.819119814,6528699.965842713,9998713
0,0,2,5252249.151632068,6785064.052472253,9996129
0,0,3,5273813.587418515,6767969.552686395,9992875
0,0,4,5300064.429464328,7020223.206923435,9989057
0,0,5,5317336.780311402,7006359.436542394,9984739
0,0,6,5334971.669832758,7079218.961707888,9979927
0,0,7,5353842.117176145,7125237.06565252,9974839
0,0,8,5374980.128963192,7306065.823988203,9969429
0,0,9,5388833.584218453,7332874.084834551,9963441
0,0,10,5402071.141445358,7366486.338367801,9957111
0,0,11,5414758.780558044,7357412.017741874,9950631
0,0,12,5430208.024787178,7415197.413643581,9943825
0,0,13,5439784.12885705,7375402.131002782,9936575
0,0,14,5453227.929203303,7441218.443207741,9928872
0,0,15,5469987.343270849,7634828.607494498,9921144
0,0,16,5479710.865685301,7518751.270357509,9913134
0,0,17,5487024.938158453,7471213.790024947,9904952
0,0,18,5499528.2487947,7575941.99349891,9896538
0,0,19,5507369.7242934,7469971.996628646,9887842
0,0,20,5517357.090645742,7520691.115818656,9878924
0,0,21,5527437.947317649,7548265.655471547,9869700
0,0,22,5540305.007655509,7710159.983835228,9860421
0,0,23,5547165.876543177,7594000.498838626,9850361
0,0,24,5556694.161784468,7646572.423982907,9840673
0,0,25,5565914.088928283,7627525.528587963,9830460
0,0,26,5574312.855575835,7593531.884803081,9820228
0,0,27,5584578.213022373,7689545.988928761,9809701
0,0,28,5592559.824005249,7654874.915903765,9798764
0,0,29,5600566.82761709,7667988.388293121,9788010
0,0,30,5610102.732808199,7725042.398715902,9777058
0,0,31,5616201.782346425,7623233.324794518,9765754
0,0,32,5627709.03521008,7719477.165052942,9754271
0,0,33,5636763.729127115,7773554.421929646,9742702
0,0,34,5644132.099898057,7775171.473823479,9730960
0,0,35,5649856.541629883,7694198.170509812,9718945
0,0,36,5659080.818131295,7822964.99947946,9706607
0,0,37,5668450.289391721,7853408.468506353,9694209
0,0,38,5671002.331895623,7626763.602119476,9681734
0,0,39,5681517.15171119,7806534.423640581,9668855
0,0,40,5686188.601280417,7757580.513512107,9655880
0,0,41,5695468.286683382,7793612.211352486,9643130
0,0,42,5704355.859273885,7851102.186590625,9630069
0,0,43,5713340.918836742,7861279.89511756,9616694
0,0,44,5720575.682079601,7909543.780321375,9603306
0,0,45,5724035.699727831,7765667.774820602,9589699
0,0,46,5735454.192014157,7907043.899536567,9576173
0,0,47,5740781.835281585,7855033.738925745,9562367
0,0,48,5747210.223860891,7811256.319913186,9548285
0,0,49,5757508.525585707,7956781.941537293,9534372
0,0,50,5766921.797225399,7968650.917299677,9520345
0,0,51,5772266.55034571,7955552.535267615,9506142
0,0,52,5775958.419424273,7863021.143692468,9491638
0,0,53,5782904.676273014,7839426.282195712,9477066
0,0,54,5794521.818847935,7996123.737021882,9462309
0,0,55,5801747.303191327,8052196.434796602,9447667
0,0,56,5808675.624398116,7930844.826083531,9432753
0,0,57,5815672.764973598,7968463.827857265,9417914
0,0,58,5823329.697237168,7944130.673567622,9402771
0,0,59,5830004.848578664,7991866.030030161,9387813
0,0,60,5838300.97689478,7986335.268764835,9372636
0,0,61,5845738.876218327,7944035.488027945,9357415
0,0,62,5852383.225171229,7912182.321807552,9341990
0,0,63,5861292.181391312,7967430.658968478,9326436
0,0,64,5868535.438644018,7969003.323559713,9310639
0,0,65,5875124.98819517,8007635.219676321,9295077
0,0,66,5882568.534041007,7978859.43997588,9279209
0,0,67,5889418.274905914,7948626.003253289,9263210
0,0,68,5899737.276327736,8057794.863008111,9247365
0,0,69,5909305.530629111,8074457.648872375,9231345
0,0,70,5915347.055114003,8049635.866581011,9214962
0,0,71,5925554.850094893,8072730.700630763,9198786
0,0,72,5933263.60670647,8008942.801690094,9182357
0,0,73,5941025.434950772,8047960.773765428,9165718
0,0,74,5949915.190480889,8069518.761801753,9148971
0,0,75,5958531.347111038,8068490.534593605,9132159
0,0,76,5968812.649598209,8189808.558010667,9115437
0,0,77,5974549.185892224,8104281.112853096,9098509
0,0,78,5983552.005149902,8062709.210597416,9081582
0,0,79,5993634.56565182,8139455.865458685,9064344
0,0,80,6000547.753030423,8060527.787471249,9047219
0,0,81,6011061.877267628,8148744.318623395,9029850
0,0,82,6019079.157062557,8139420.695822922,9012526
0,0,83,6025824.55481087,8100528.124531547,8994914
0,0,84,6038252.928938916,8179782.939740553,8977255
0,0,85,6046258.014603618,8112611.849956495,8959860
0,0,86,6056824.418807071,8180799.872900726,8942179
0,0,87,6066877.876934901,8122250.62027982,8924490
0,0,88,6080213.779133048,8192304.592986282,8906528
0,0,89,6088310.419112546,8158367.214256986,8888813
0,0,90,6101137.490689436,8157036.877741598,8871096
0,0,91,6113896.593013084,8232649.497008784,8852837
0,0,92,6124988.534321838,8222333.885505223,8834724
0,0,93,6138873.303451387,8350847.003985167,8816253
0,0,94,6151011.041819136,8305985.563030263,8797596
0,0,95,6162435.658683894,8317647.452105994,8779532
0,0,96,6175570.515132673,8372677.359724871,8760889
0,0,97,6187211.396013895,8297797.860165937,8742248
0,0,98,6199804.007883143,8332949.428590323,8723684
0,0,99,6210820.56262894,8304139.04705246,8704823
0,0,100,6228675.191832402,8444960.268957861,8686140
0,0,101,6240644.004406534,8369425.634024164,8667046
0,0,102,6254022.507922384,8385013.596876904,8648015
0,0,103,6268126.707059091,8410703.062044511,8629198
0,0,104,6282931.039964973,8451188.209483156,8610062
0,0,105,6299171.616506007,8531894.462036025,8591034
0,0,106,6311961.911930745,8429435.611639336,8572059
0,0,107,6323495.31718124,8371771.861777951,8552407
0,0,108,6343835.731630224,8551083.784373634,8533225
0,0,109,6358155.161683955,8497678.911259102,8513982
0,0,110,6374847.842560912,8538268.014255848,8494354
0,0,111,6389954.178757654,8483027.469852667,8474893
0,0,112,6410403.135541452,8612576.60153826,8455179
0,0,113,6427213.668200967,8672037.51679571,8435280
0,0,114,6439152.526681837,8535371.960069373,8415288
0,0,115,6457318.699542542,8557373.749043975,8395087
0,0,116,6476262.705693653,8588562.74388667,8375176
0,0,117,6494346.981078139,8648396.516779842,8354924
0,0,118,6514171.713110743,8703861.443979524,8334676
0,0,119,6535018.11415947,8778547.72443513,8314009
0,0,120,6556175.74919462,8813824.478620477,8293905
0,0,121,6575731.661947659,8873542.351420498,8273280
0,0,122,6593975.509193998,8841192.824343909,8252440
0,0,123,6615884.994337776,8895395.605384685,8231650
0,0,124,6635821.524233341,8905535.027692458,8210660
0,0,125,6658488.772903429,8941322.065442637,8189977
0,0,126,6681255.428102369,9026233.613152809,8168953
0,0,127,6704567.843166983,9004030.980123565,8147866
0,0,128,6730169.704310705,9165222.458198881,8126413
0,0,129,6754281.390662124,9181565.174743889,8105123
0,0,130,6777812.819082895,9207557.283310931,8083455
0,0,131,6804607.603589338,9270771.69607868,8061929
0,0,132,6824957.350305075,9193853.497442333,8040292
0,0,133,6856662.299376633,9448749.583590183,8018602
0,0,134,6881182.689872485,9395019.760293817,7996712
0,0,135,6906165.490259719,9519122.419035941,7975243
0,0,136,6921246.530500369,9408268.169260163,7952888
0,0,137,6940609.875344039,9449148.547753226,7930791
0,0,138,6960140.860663156,9539807.12693714,7908487
0,0,139,6986996.126525728,9528501.872854549,7885910
0,0,140,7022143.165759163,9608596.113132918,7863452
0,0,141,7067209.64084732,9742138.214973269,7840925
0,0,142,7114760.079865534,9784132.88556456,7818206
0,0,143,7168646.641568378,9997004.982786695,7795319
0,0,144,7218588.415643245,10086000.5183318,7772025
0,0,145,7266965.635474388,10089726.51527625,7749026
0,0,146,7317767.779763253,10225363.76976222,7725979
0,0,147,7364750.091404401,10295212.64619669,7702492
0,0,148,7412550.740650291,10444586.45393782,7678797
0,0,149,7457727.392433045,10535407.10668181,7655101
0,0,150,7497025.519546668,10658448.25831028,7631210
0,0,151,7536527.306386231,10723563.20760828,7606900
0,0,152,7573801.148914434,10765297.04663503,7582603
0,0,153,7614080.393539194,10942355.69507963,7558472
0,0,154,7651149.830488128,10916767.18969862,7533739
0,0,155,7697628.206000248,11043934.0095998,7509135
0,0,156,7749418.040098145,11193113.15449447,7484089
0,0,157,7804732.870903253,11314101.85726538,7459261
0,0,158,7870353.846648098,11586107.5984531,7433723
0,0,159,7938935.418645191,11690471.01269943,7408189
0,0,160,8015130.107478458,11845402.42574983,7382339
0,0,161,8103969.939663309,12154757.90214633,7356065
0,0,162,8192979.154857673,12304103.26869252,7329471
0,0,163,8291386.940136481,12531906.85011712,7302878
0,0,164,8404976.069019251,12924711.30463613,7276529
0,0,165,8513613.01521856,13158463.46932754,7249406
0,0,166,8629451.10982004,13482340.0175045,7222015
0,0,167,8743054.124612764,13761598.64678682,7194011
0,0,168,8863204.830019677,14110480.10746271,7165889
0,0,169,8981538.350703731,14442119.74136997,7137718
0,0,170,9105139.93448125,14831067.36146394,7108956
0,0,171,9236825.411791813,15211540.50178601,7080157
0,0,172,9382167.383092556,15743638.28337895,7050505
0,0,173,9540287.118495556,16251792.73909079,7020570
0,0,174,9723770.35647116,16970547.74514387,6990303
0,0,175,9929600.442238357,17789383.29520319,6959035
0,0,176,10153837.83667402,18607334.3497624,6926974
0,0,177,10393068.2642224,19368334.78348872,6893985
0,0,178,10656781.98854204,20236781.47685777,6860659
0,0,179,10943090.01154917,21171388.28080554,6826343
0,0,180,11258357.44126537,22201699.7337761,6791559
0,0,181,11623208.60783729,23557156.2933726,6756193
0,0,182,12044288.74004947,25164830.349292,6719749
0,0,183,12541916.40028355,27220718.15526177,6681666
0,0,184,13136598.47280406,29813147.48468044,6640891
0,0,185,13865372.36604334,33364767.99566866,6596800
0,0,186,14766847.87511952,38154611.27095114,6545763
0,0,187,15923954.68192964,45125209.25603293,6483110
0,0,188,17380546.65028136,55089998.17151609,6393920
0,0,189,19108759.19148065,69010646.54800317,6245765
0,0,190,20756222.24520545,85471597.44165468,5974636
0,0,191,21581055.36555746,100012165.3925633,5489313
0,0,192,20603514.68843192,104932806.3280758,4711651
0,0,193,17302944.35463402,94389584.20183694,3651186
0,0,194,12335009.7456861,70467202.24480283,2470041
0,0,195,7228064.352942211,42433594.96107816,1411423
0,0,196,3407060.110366439,20258024.43458845,664709
0,0,197,1264740.206339931,7524309.795893905,253906
0,0,198,364487.8298340888,2145514.069457242,79990
0,0,199,83631.21693777238,487559.0938677096,23905
0,0,200,17960.23810143558,100755.4044077212,10300
0,0,201,6238.185081318452,34064.73241118099,7595
0,0,202,4956.517590040037,26990.86658125346,6954
0,0,203,4555.951287583507,21515.31073182467,6718
0,0,204,4604.725004541267,25030.09815125592,6618
0,0,205,4535.002926120481,22517.06518624782,6382
0,0,206,4609.789651334268,26228.06283341975,6172
0,0,207,4575.51604410129,28905.79271091746,5983
0,0,208,4034.074041462553,19887.58353258544,5738
0,0,209,3992.732499233901,21485.3208796041,5578
0,0,210,3893.99544097439,21152.12203187635,5486
0,0,211,3959.03327552337,21036.67358712088,5187
0,0,212,3705.328088052045,19676.64148535734,5071
0,0,213,3552.425886931732,19748.64288889269,5023
0,0,214,3432.454235732298,19170.87524771934,4814
0,0,215,3370.32379026412,16210.14217644873,4695
0,0,216,3306.486840351629,16553.61872726672,4683
0,0,217,3405.351216470675,20223.69499412441,4508
0,0,218,3429.991646473187,19780.11906886189,4459
0,0,219,3092.904890484801,15359.55574949522,4283
0,0,220,3177.790618385663,17877.67688207093,4290
0,0,221,3292.026521072371,20840.73892448089,4113
0,0,222,3046.513334201238,15518.19211330972,3919
0,0,223,2867.013663893679,15096.59432438837,3859
0,0,224,2814.753431708275,14842.78410499007,3858
0,0,225,3068.84434219655,19030.72937057049,3740
0,0,226,2844.725997611738,15589.67944793196,3617
0,0,227,2836.139374637117,17056.45342245652,3618
0,0,228,2722.746584825366,15756.43911487047,3623
0,0,229,2550.357658396259,14231.98652434296,3436
0,0,230,2642.436615018409,17970.17625352478,3370
0,0,231,2548.662162275147,15007.95047832915,3286
0,0,232,2306.708504717796,12436.59993816671,3283
0,0,233,2412.757749287377,13371.12522435615,3200
0,0,234,2318.262230518006,14729.85457965716,3054
0,0,235,2375.024379452822,20421.31315617025,2971
0,0,236,2007.244010403675,10736.05344319336,2850
0,0,237,2001.64447328496,10913.19752498365,2843
0,0,238,2129.11968827952,11956.39238679676,2790
0,0,239,2251.744589613628,13916.87271721047,2700
0,0,240,2041.963904554314,11331.5318873243,2619
0,0,241,2056.428105164252,10858.44200741136,2661
0,0,242,1996.277246515578,10583.62886289107,2551
0,0,243,1910.336903039289,10480.59682466505,2452
0,0,244,1859.63059626699,11483.92621559326,2510
0,0,245,1825.019343456049,9136.037477159602,2414
0,0,246,1743.320973920234,8915.298028046796,2348
0,0,247,1754.390628469646,8939.077853795006,2337
0,0,248,1723.142467109395,9171.93552331667,2338
0,0,249,1747.194463619013,10956.32782548262,2216
0,0,250,1597.129484317614,7449.98033938451,2186
0,0,251,1845.395370541914,12525.02335902802,2109
0,0,252,1729.247868008232,9893.884243388498,2137
0,0,253,1688.428301333267,10715.73441207622,2056
0,0,254,1729.128907960624,10833.95841595027,2060
0,0,255,1630.188785572419,8695.26187644335,2092
0,0,256,1536.228043900159,8369.700010856075,1942
0,0,257,1400.166509976524,6858.775817995924,1882
0,0,258,1614.134962186718,11425.61767369567,1919
0,0,259,1402.198893275146,6847.905071974934,1815
0,0,260,1492.877067566903,10317.09553956816,1814
0,0,261,1441.215909015196,6862.961193283598,1777
0,0,262,1514.346531551022,9464.107846091905,1877
0,0,263,1501.004628617432,8001.46117469676,1748
0,0,264,1455.251114094471,8476.187391797215,1716
0,0,265,1293.141099630864,6906.248941979842,1683
0,0,266,1236.679375994941,6569.437632856634,1650
0,0,267,1404.142812238732,9406.79542797242,1709
0,0,268,1285.045630519692,6857.03821842459,1660
0,0,269,1392.848235209668,9889.356973822492,1622
0,0,270,1296.524564270623,7809.719759221758,1612
0,0,271,1365.468948430475,8032.006854074098,1672
0,0,272,1326.050344439503,6283.336704428664,1560
0,0,273,1360.425801638193,7558.923808865843,1514
0,0,274,1539.85034870722,10078.38750996371,1514
0,0,275,1374.053732057268,9760.129306255432,1521
0,0,276,1305.814699695398,9585.68310381021,1493
0,0,277,1249.769385969815,7232.025314990994,1430
0,0,278,1241.823291590435,7135.073379966905,1447
0,0,279,1166.448638156017,6567.434258200297,1377
0,0,280,1121.443473476305,5986.689310382233,1391
0,0,281,1119.903230110273,6621.065681834534,1358
0,0,282,1126.21032103745,5953.498440272027,1353
0,0,283,999.1101738004555,5289.169847891494,1333
0,0,284,1110.000514329902,6408.417881541373,1279
0,0,285,1097.917485130423,6697.386592073624,1267
0,0,286,1148.514159251679,9346.813382681914,1284
0,0,287,1091.094131659313,6546.615431814024,1225
0,0,288,943.6014394882761,4951.407136082716,1199
0,0,289,914.6227869712534,4488.431234186717,1188
0,0,290,969.7643763843885,5821.935055224921,1179
0,0,291,998.7952311518347,5969.38178521842,1199
0,0,292,885.1007357816179,4445.23728073557,1135
0,0,293,882.997052269028,3838.299036708052,1131
0,0,294,996.3169656563439,5729.244077563175,1126
0,0,295,916.5398935880473,4402.533109230088,1093
0,0,296,972.1060142364263,5075.167255042914,1129
0,0,297,996.8572481122433,7894.129787162747,1039
0,0,298,898.083104639178,5222.776884054783,1041
0,0,299,836.0791061325475,4347.791420904589,1385
