# mesh name: boxMesh_1
# primitive scorer name: doseScorer
# iX, iY, iZ, total(value) [MeV], total(val^2), entry
0,0,0,5100250.452064187,5972336.471497798,10000000
0,0,1,5178214.062310505,6498429.463701145,9998721
0,0,2,5210306.385953976,6729295.099793679,9996157
0,0,3,5232602.471066899,6736688.633542585,9992934
0,0,4,5259363.10502415,6990112.678548923,9989148
0,0,5,5277716.698803697,6991691.374129266,9984875
0,0,6,5294758.956015749,7033727.986267535,9980138
0,0,7,5311829.256555781,7012470.100996503,9975049
0,0,8,5335332.453900609,7299112.006042422,9969692
0,0,9,5347147.661557521,7215292.148710831,9963814
0,0,10,5360181.474994712,7273701.471845319,9957544
0,0,11,5373463.713518266,7285771.058586698,9951070
0,0,12,5388627.048347252,7348389.422567261,9944276
0,0,13,5400395.150380194,7430894.043086616,9937112
0,0,14,5410747.664769632,7367806.044027188,9929512
0,0,15,5426454.645650188,7557112.896189053,9921755
0,0,16,5436600.396703418,7467771.393272083,9913833
0,0,17,5442867.318303084,7422137.634561856,9905623
0,0,18,5455981.735152378,7531308.268632545,9897095
0,0,19,5462517.279938955,7406726.246420236,9888465
0,0,20,5472293.065999228,7467120.642887225,9879687
0,0,21,5483596.337731667,7519085.665158522,9870556
0,0,22,5493328.65802721,7526783.162697428,9861292
0,0,23,5503929.734894635,7624554.547370995,9851556
0,0,24,5515125.026734985,7755067.653255477,9841794
0,0,25,5521414.58865047,7607966.640895061,9831631
0,0,26,5527344.665811718,7510160.146311125,9821399
0,0,27,5537402.176900446,7647215.523715317,9811125
0,0,28,5545245.833489886,7694327.229851032,9800346
0,0,29,5552685.295589425,7635631.227486351,9789651
0,0,30,5563490.249755358,7805223.494170095,9778776
0,0,31,5567909.193395388,7624096.510083707,9767631
0,0,32,5578220.833235696,7726672.034668842,9756154
0,0,33,5584301.365166214,7718776.089150051,9744622
0,0,34,5592362.032716655,7761561.534764104,9733070
0,0,35,5598369.001267583,7632232.288180067,9721409
0,0,36,5608715.232042514,7766058.251369117,9709474
0,0,37,5616482.485607859,7747321.855003293,9697023
0,0,38,5622397.610426437,7701161.991501809,9684486
0,0,39,5631465.756339988,7871946.86742406,9671976
0,0,40,5637122.427564148,7801464.386590123,9659194
0,0,41,5642101.653604833,7698841.183496286,9646437
0,0,42,5651430.169481141,7786235.347080057,9633299
0,0,43,5658123.949323051,7757584.539712605,9620291
0,0,44,5664999.521563012,7690193.275681665,9607088
0,0,45,5671839.335318848,7729332.765858603,9593819
0,0,46,5679458.093355715,7761191.470505062,9579973
0,0,47,5685601.804825973,7752819.908526489,9566122
0,0,48,5693847.846047794,7878296.773536988,9552525
0,0,49,5703132.257767431,7881309.114448153,9538616
0,0,50,5708433.562515635,7840528.218722406,9524440
0,0,51,5715265.154728444,7879968.015641197,9510104
0,0,52,5718385.766755796,7847470.984138653,9495675
0,0,53,5726365.630088464,7806820.249278038,9481272
0,0,54,5734205.636851551,7901424.4129658,9466885
0,0,55,5744306.045647948,7983252.184997459,9452296
0,0,56,5749221.781608853,7873227.735405816,9437821
0,0,57,5757963.657366513,7958658.185403975,9422779
0,0,58,5765027.364347777,7972636.967930838,9407896
0,0,59,5769784.726964915,7901967.397752988,9392944
0,0,60,5774870.115758043,7814275.653959142,9377825
0,0,61,5783610.844359834,7857932.083080978,9362578
0,0,62,5791899.177346656,7930404.171649325,9347347
0,0,63,5799005.109638328,7957675.317261203,9331723
0,0,64,5806756.63521273,7893260.085278364,9316337
0,0,65,5811890.680812684,7937822.778161797,9300628
0,0,66,5820793.116336462,7931015.877735024,9285024
0,0,67,5829045.40014693,8052000.900088863,9269164
0,0,68,5833254.974199507,7935057.271081262,9253538
0,0,69,5841709.792677639,7927900.597626133,9237727
0,0,70,5846488.969060325,7906555.326503303,9221631
0,0,71,5855041.870689376,7973206.520775811,9205151
0,0,72,5863359.810514756,7965817.165944023,9188945
0,0,73,5871780.67643381,7941644.327950883,9172650
0,0,74,5881065.950070432,7978298.494369971,9156435
0,0,75,5890642.518284227,8000230.604535917,9139715
0,0,76,5896342.865875056,7933444.855949778,9123130
0,0,77,5903312.800354558,7990732.458201244,9106316
0,0,78,5912224.595697522,7934152.86336928,9089503
0,0,79,5922544.209411232,8059405.921569472,9072538
0,0,80,5930131.448214409,8163795.131174078,9055382
0,0,81,5935941.818648652,8025055.655295671,9038162
0,0,82,5946004.875862923,8117707.070186174,9021201
0,0,83,5950281.075225454,7948078.500559107,9003765
0,0,84,5960613.076391231,7986104.108193022,8986775
0,0,85,5969530.081133643,8026032.883449213,8969575
0,0,86,5980329.312614528,8088363.860828696,8952022
0,0,87,5989023.631277313,8086588.774679026,8934782
0,0,88,6000268.389628097,8144939.916021745,8917194
0,0,89,6004822.156593105,7996556.54775585,8899328
0,0,90,6017523.738817152,8048304.363185649,8881749
0,0,91,6030063.1398277,8152586.432051309,8864064
0,0,92,6038333.107596043,8139871.099835802,8845990
0,0,93,6048834.166204235,8088975.455900325,8827866
0,0,94,6062036.4152539,8160348.446668304,8809581
0,0,95,6074157.959348152,8173163.117867584,8791738
0,0,96,6084025.282239215,8221485.980321393,8773376
0,0,97,6096741.208720845,8159088.805525266,8755410
0,0,98,6110047.843235712,8208468.250149577,8736995
0,0,99,6120349.857281839,8136327.332119562,8718663
0,0,100,6136724.95091111,8310848.407697208,8699890
0,0,101,6147266.447496543,8282145.673656206,8681352
0,0,102,6157420.28363658,8232354.191561786,8662601
0,0,103,6172282.602393363,8294059.717596501,8643880
0,0,104,6185857.065718566,8346948.008117366,8625113
0,0,105,6200441.683835149,8355700.024018629,8606200
0,0,106,6210381.565830247,8256303.257517202,8587311
0,0,107,6224276.938203948,8266557.51774313,8568160
0,0,108,6239903.492995782,8378822.27394533,8548947
0,0,109,6254081.392350791,8390695.440203968,8529807
0,0,110,6267266.280246248,8374640.094286463,8510672
0,0,111,6280690.557408369,8364411.914331175,8491040
0,0,112,6300109.828437574,8492321.471869152,8471597
0,0,113,6316586.716737987,8553374.61610602,8452005
0,0,114,6327099.915887983,8434449.694390874,8432425
0,0,115,6343614.205057118,8479274.059940908,8412627
0,0,116,6359723.169179845,8520842.72993633,8392995
0,0,117,6378401.492144006,8566287.092168761,8373349
0,0,118,6393606.486603473,8508767.153211737,8353498
0,0,119,6413042.454703018,8542384.819241516,8333388
0,0,120,6432184.851048268,8634155.964813571,8313260
0,0,121,6449432.221590468,8657489.377907693,8293118
0,0,122,6467871.5018896,8706107.077868877,8272794
0,0,123,6487300.359385982,8726627.561183056,8252493
0,0,124,6508268.119732153,8773250.593036383,8232171
0,0,125,6526249.296396174,8780684.009529613,8211399
0,0,126,6543427.927051511,8713617.690939704,8190681
0,0,127,6566737.720001259,8883694.76787488,8170133
0,0,128,6590769.473776135,8995970.027002916,8149157
0,0,129,6608149.348054926,8872334.652911766,8128465
0,0,130,6635195.308394635,9065754.052205712,8107658
0,0,131,6654622.194486477,9010185.630739788,8086408
0,0,132,6677121.755858898,8963781.711153969,8065460
0,0,133,6702134.396684223,9072376.146115143,8044143
0,0,134,6726922.520879936,9101170.338912383,8022739
0,0,135,6752228.255437894,9158050.08217909,8001798
0,0,136,6776492.717994994,9161159.336034026,7979923
0,0,137,6802218.401317241,9268150.45969549,7957910
0,0,138,6829717.775306339,9338075.190443553,7936272
0,0,139,6849092.461763239,9292827.414217971,7914228
0,0,140,6869506.571086867,9377798.821390495,7892258
0,0,141,6889648.30605348,9440176.389800865,7870272
0,0,142,6906585.953210717,9398788.737713601,7848051
0,0,143,6936562.863191633,9580813.15264293,7825695
0,0,144,6971954.659088637,9580334.366054228,7803228
0,0,145,7013001.058741717,9609468.758261112,7780722
0,0,146,7058610.936465289,9665443.415099636,7758151
0,0,147,7109683.308783011,9802658.538620533,7735276
0,0,148,7163895.17581859,9978445.113283357,7712441
0,0,149,7213586.118594114,10075681.69122181,7689123
0,0,150,7262137.828866593,10163793.522541,7665982
0,0,151,7309505.85581075,10283061.66606681,7642858
0,0,152,7354864.992277,10333672.68767112,7619238
0,0,153,7400238.326762463,10510827.80855789,7595253
0,0,154,7439831.138751454,10631130.19458764,7571209
0,0,155,7474588.531222141,10565734.87848819,7547224
0,0,156,7515145.543588027,10700208.88031003,7523196
0,0,157,7553218.453565233,10764057.19245303,7498803
0,0,158,7593372.761727228,10859247.23139452,7474270
0,0,159,7639346.510692492,11047687.60717266,7449579
0,0,160,7685756.476634167,11046605.30602623,7424557
0,0,161,7743565.705788891,11240198.23683162,7399533
0,0,162,7805116.556578846,11410946.94890981,7374015
0,0,163,7874359.859846077,11583115.85042091,7348498
0,0,164,7949564.607985113,11728039.04318369,7322688
0,0,165,8035965.110472281,11953702.9280351,7296717
0,0,166,8126531.632653447,12165206.60422032,7270671
0,0,167,8229578.482729579,12524603.19712153,7244079
0,0,168,8331321.316485083,12712344.92441136,7217355
0,0,169,8441955.211633915,13013959.00596467,7190344
0,0,170,8556104.600532267,13301845.40249498,7163333
0,0,171,8670622.589531921,13597827.4673531,7135660
0,0,172,8790114.283198752,13949279.04745733,7107981
0,0,173,8911662.066427447,14374770.36489067,7079807
0,0,174,9033508.291850161,14714591.70810986,7051424
0,0,175,9164803.731701348,15147468.63959604,7022502
0,0,176,9310598.181987517,15655235.14183028,6993247
0,0,177,9470244.522922,16230826.95206868,6963376
0,0,178,9647260.696335815,16855876.38634245,6932754
0,0,179,9847570.984488335,17608299.13004377,6901789
0,0,180,10068697.75403854,18404254.55294563,6869829
0,0,181,10308510.52383759,19189213.15530805,6837392
0,0,182,10572900.42525845,20086606.0536982,6804588
0,0,183,10857826.80920648,21070720.26398312,6770449
0,0,184,11176546.16087199,22156397.88215034,6735799
0,0,185,11535138.86770829,23400503.52422742,6700100
0,0,186,11952311.08597873,24995587.76406612,6663786
0,0,187,12443910.90303049,27013105.16262543,6625667
0,0,188,13035275.31058954,29616371.40316514,6584975
0,0,189,13764148.51936207,33211751.20188309,6541137
0,0,190,14667820.52071583,38028759.72281865,6490825
0,0,191,15813522.92567873,44935932.28436965,6427290
0,0,192,17255685.05836297,54949632.75714439,6335285
0,0,193,18934670.30925952,68595196.23366348,6182671
0,0,194,20514108.21494331,84608764.78898807,5906751
0,0,195,21247597.97285045,98370483.47453049,5418564
0,0,196,20229081.93267866,102666196.8312617,4648550
0,0,197,17027628.16734048,92514221.94970343,3612405
0,0,198,12231816.91243047,69609932.16849011,2461176
0,0,199,7288419.35918986,42675849.81117734,1427498
0,0,200,3519027.207807897,20881598.68175691,687641
0,0,201,1356064.830264589,8075368.444491051,271109
0,0,202,409114.9860470403,2412662.057508595,88485
0,0,203,97705.18575930843,567138.5426044337,26724
0,0,204,21239.22490844621,120880.0001764584,10904
0,0,205,7027.012280556523,39093.43911499866,7691
0,0,206,5114.608543778502,28448.71031226653,7086
0,0,207,4941.339987872938,27124.29606589966,6950
0,0,208,4606.441916981543,25736.48396418888,6574
0,0,209,4305.262676323013,21199.5487907572,6315
0,0,210,4179.326565795756,22740.88881357208,6099
0,0,211,4311.687641166362,23667.22000402526,6052
0,0,212,4000.252738206616,20314.05096758328,5820
0,0,213,3833.328780437288,18945.77344031005,5558
0,0,214,3779.699494202597,22230.19845003264,5308
0,0,215,3722.114852476184,21077.84826094425,5416
0,0,216,3448.115040916358,18102.26752198992,5016
0,0,217,3559.990076541088,19495.17895971585,5020
0,0,218,3593.093038344611,19137.6660752851,4880
0,0,219,3419.338314351446,19108.15456540728,4661
0,0,220,3261.739180241086,20052.04212306092,4572
0,0,221,3337.987666027377,18374.20000903267,4472
0,0,222,3109.218410948186,16384.77681661123,4393
0,0,223,3120.56389159814,17255.18216080979,4189
0,0,224,2982.957088836441,17817.0569052709,4157
0,0,225,3156.854342774045,18309.30118192803,3979
0,0,226,3034.524803677515,16791.70061887809,3986
0,0,227,2838.0955709482,16266.51244376117,3820
0,0,228,2915.057232152973,16756.13916338791,3658
0,0,229,2783.14647372167,15818.75191689961,3688
0,0,230,2791.139265936468,16245.12046429072,3631
0,0,231,2697.716735942284,16633.0352292151,3518
0,0,232,2786.14131412512,16887.92154118279,3494
0,0,233,2623.213817220812,12947.30727449374,3437
0,0,234,2487.464324598127,13467.42538726494,3244
0,0,235,2541.987329409792,12917.59959241108,3217
0,0,236,2657.273796708775,15297.34732963997,3181
0,0,237,2605.379252567942,15506.04580242679,3070
0,0,238,2282.906279703847,12470.15519389846,2957
0,0,239,2158.668819709748,9833.113085291889,2956
0,0,240,2553.920809838095,18393.5807408045,2945
0,0,241,2295.848936840106,12799.57573181618,2891
0,0,242,2129.801815192437,10982.77419982708,2795
0,0,243,2278.047060959711,12289.48627793763,2759
0,0,244,2236.697608890918,12930.69348881354,2700
0,0,245,2171.795694419119,11706.00558949975,2739
0,0,246,2235.111743311354,14053.35554475343,2556
0,0,247,2026.831263378588,13339.54758480278,2566
0,0,248,1902.952856820554,10954.99574910291,2448
0,0,249,1924.021651890261,11793.69098203161,2422
0,0,250,1924.581189333285,11079.08415948252,2323
0,0,251,1857.526128262546,11754.40258630766,2308
0,0,252,1706.324210370989,8976.544108736791,2247
0,0,253,1609.826098308396,7784.33276712969,2224
0,0,254,1754.741576427167,8907.682244582105,2162
0,0,255,1667.909859903926,8234.165314511158,2214
0,0,256,1814.566016214176,9907.432692512833,2166
0,0,257,1710.160668169809,9999.422544135281,2141
0,0,258,1785.1565016088,9985.80737659337,2154
0,0,259,1660.503840500414,9669.129402846658,2025
0,0,260,1588.012952167158,10749.4427266359,2029
0,0,261,1649.060591792698,9047.415358815801,2014
0,0,262,1512.812220136659,7200.58148286016,1936
0,0,263,1590.165418162849,8646.059961116342,1884
0,0,264,1440.629038227726,6733.144866158314,1895
0,0,265,1610.643666488453,10409.79288656748,1905
0,0,266,1457.562955324159,6805.500847875287,1823
0,0,267,1558.489843008138,10239.06796910621,1769
0,0,268,1544.629287148458,11167.08121561,1772
0,0,269,1378.420356466469,6449.109593600124,1765
0,0,270,1455.757329881194,6958.758003354081,1694
0,0,271,1575.741137627399,8818.156395322365,1671
0,0,272,1408.837821832191,9970.740682927268,1610
0,0,273,1278.746442859166,6309.249060513906,1656
0,0,274,1310.829421596225,8391.594252720311,1563
0,0,275,1302.27244931499,6851.900501074993,1600
0,0,276,1336.814770870699,7828.527160024903,1574
0,0,277,1204.51757964213,5877.940061197347,1566
0,0,278,1307.654507536547,7644.568585187806,1521
0,0,279,1060.823153842355,4910.231987246273,1450
0,0,280,1218.407742154932,7166.034816886841,1464
0,0,281,1151.93872552452,5363.378616660868,1375
0,0,282,1177.629256136429,6291.501488089722,1466
0,0,283,1080.372672634699,5128.412494115763,1367
0,0,284,1098.91477705394,5087.172472281133,1297
0,0,285,1055.853331743638,6323.269963042829,1381
0,0,286,1102.875550050907,5866.027828004082,1302
0,0,287,1150.854065685511,6711.203111686085,1265
0,0,288,1054.809527635472,5836.866142442244,1228
0,0,289,1001.675561282242,4419.34381500995,1236
0,0,290,1077.408403225785,6224.055838470995,1242
0,0,291,1192.303445318033,8079.968768415509,1233
0,0,292,1083.009408041354,5469.165164222886,1228
0,0,293,1080.392707549118,6248.680818762994,1236
0,0,294,1046.500874024704,6197.854672495986,1166
0,0,295,1015.667885558435,6503.46022415689,1212
0,0,296,1025.899068476038,5057.013863608052,1211
0,0,297,1032.41265251655,5997.868438891733,1177
0,0,298,952.7246314146757,4821.861776650116,1155
0,0,299,967.7862703147856,6255.436513600689,1562
