# mesh name: boxMesh_1
# primitive scorer name: doseScorer
# iX, iY, iZ, total(value) [MeV], total(val^2), entry
0,0,0,5060342.338293697,5954275.663627834,10000000
0,0,1,5138838.735962254,6461407.736760682,9998750
0,0,2,5172453.345381264,6782279.310531299,9996226
0,0,3,5193349.633720331,6754282.365742081,9993045
0,0,4,5218495.476603856,6947864.303333603,9989241
0,0,5,5238110.063511744,7015257.472255238,9985040
0,0,6,5253115.241043177,6971258.451306863,9980291
0,0,7,5270813.851773793,7001458.740243724,9975198
0,0,8,5293586.239379542,7235089.851855507,9969874
0,0,9,5307772.006789164,7243917.523607765,9963992
0,0,10,5321384.79023659,7321735.626422327,9957910
0,0,11,5333403.568908977,7286244.342156481,9951510
0,0,12,5348730.224255441,7414468.056011481,9944722
0,0,13,5358430.875239448,7392408.05794879,9937553
0,0,14,5370126.439727629,7383625.078707125,9930068
0,0,15,5385278.70948542,7538856.139004979,9922479
0,0,16,5393852.946490694,7466065.389132783,9914646
0,0,17,5402072.519600721,7434815.330970615,9906617
0,0,18,5412190.144789277,7489349.420685882,9898233
0,0,19,5418082.582428542,7332756.594615013,9889609
0,0,20,5428643.927867992,7396867.953818234,9880821
0,0,21,5440043.345914837,7454598.501683282,9871857
0,0,22,5450307.844882539,7529434.208317037,9862614
0,0,23,5460477.089138024,7626839.070818731,9852961
0,0,24,5469166.999353343,7615712.655113208,9843181
0,0,25,5478088.970761444,7684018.454688006,9833315
0,0,26,5483524.668199208,7521279.775289313,9823239
0,0,27,5491715.284823297,7584611.397248774,9812883
0,0,28,5498984.22359935,7596307.879484622,9802355
0,0,29,5506602.140064123,7529850.346538152,9791710
0,0,30,5517740.45720623,7728609.402045801,9780917
0,0,31,5523575.090659541,7634498.400790932,9770042
0,0,32,5532184.845494991,7705708.545556978,9758505
0,0,33,5538063.386465649,7688183.758227549,9747140
0,0,34,5546308.915223402,7740236.595698757,9735391
0,0,35,5551755.627036091,7615875.550687559,9723893
0,0,36,5560414.483246772,7710281.382895635,9711918
0,0,37,5564261.345214107,7553770.638142169,9699657
0,0,38,5570033.653553201,7607729.214562897,9687329
0,0,39,5579894.277260999,7729029.578793928,9675004
0,0,40,5585370.657941605,7645954.244021865,9662525
0,0,41,5592789.704197188,7675491.771139732,9649559
0,0,42,5600562.755094674,7730628.116538571,9636790
0,0,43,5606876.078382213,7723227.579677416,9623972
0,0,44,5614270.344359795,7680174.109281794,9610725
0,0,45,5618447.816768878,7617861.977348897,9597560
0,0,46,5627590.067528207,7674012.546842403,9584163
0,0,47,5634098.763961714,7712384.71600608,9570518
0,0,48,5639083.984728856,7692674.564236144,9556644
0,0,49,5648397.940908807,7791221.655669653,9542818
0,0,50,5656117.986414205,7847781.358215909,9528848
0,0,51,5660930.980745147,7829652.360483423,9514459
0,0,52,5665630.749500684,7817874.34922462,9500425
0,0,53,5671788.911600258,7734069.32427733,9486215
0,0,54,5679029.065324182,7801366.781896008,9471906
0,0,55,5685910.636491304,7810540.156094898,9457518
0,0,56,5695430.090082984,7829851.912867151,9442938
0,0,57,5701831.66936467,7873552.439557702,9428198
0,0,58,5706926.441320406,7838938.124678472,9413396
0,0,59,5712695.427144753,7921473.081922205,9398438
0,0,60,5715284.532419618,7722614.013952004,9383346
0,0,61,5724579.817971602,7808801.372615205,9368127
0,0,62,5733088.279734706,7908373.267887514,9353037
0,0,63,5738236.808384705,7872528.75494324,9337824
0,0,64,5744380.913623827,7856183.427241256,9322462
0,0,65,5748447.211418277,7780445.522087183,9306691
0,0,66,5756241.591235173,7796017.635899578,9291133
0,0,67,5765668.613438472,7892825.003639775,9275612
0,0,68,5771894.363406867,7886931.734271309,9259812
0,0,69,5779685.748948952,7874891.956392161,9244020
0,0,70,5785971.614318265,7962586.76985012,9228133
0,0,71,5795268.734076079,8019982.310012924,9211964
0,0,72,5799435.223408121,7948840.638067844,9195973
0,0,73,5805741.316739541,7875419.642412907,9179768
0,0,74,5814780.878222186,7919129.371360756,9163473
0,0,75,5821911.604272448,7934197.501226961,9147028
0,0,76,5831149.146132708,7983834.803355014,9130494
0,0,77,5837242.618743107,8033304.498304185,9113812
0,0,78,5843167.27149136,7919998.408251107,9097170
0,0,79,5851368.635588048,7923899.090058074,9080321
0,0,80,5861528.18901502,8086523.312285077,9063927
0,0,81,5865939.38148891,7928679.816325592,9046991
0,0,82,5874798.735134537,8018038.398391722,9030124
0,0,83,5879007.512677656,7891901.489850065,9013379
0,0,84,5889522.632600035,7956650.989486058,8996604
0,0,85,5900526.247848731,8040431.536725677,8979634
0,0,86,5909446.048021589,8038865.358315799,8962420
0,0,87,5915207.664129398,7951522.224265009,8945058
0,0,88,5925447.171988614,8049117.506663238,8927611
0,0,89,5932210.045183541,7997647.153565874,8910036
0,0,90,5940507.917033986,7981003.779881947,8892484
0,0,91,5951022.160821816,8059956.346066102,8875051
0,0,92,5958048.986563411,7967962.989850855,8857439
0,0,93,5970049.545703762,8105074.45884525,8839608
0,0,94,5980139.332490645,8069947.507331265,8821667
0,0,95,5989913.466656823,8111317.119825569,8803686
0,0,96,5997196.647072876,7978255.038238224,8785713
0,0,97,6010694.850212843,8132507.003026939,8767406
0,0,98,6020176.702881,8115640.921393246,8749411
0,0,99,6030740.264349968,8127261.656752916,8731021
0,0,100,6044037.579804769,8150054.911939858,8712950
0,0,101,6055437.724943144,8174363.739747107,8694510
0,0,102,6065749.479215153,8130118.290521415,8676037
0,0,103,6077956.266876251,8123869.775189901,8657644
0,0,104,6090498.090424716,8165080.063886381,8639133
0,0,105,6106310.608404964,8249177.571373594,8620242
0,0,106,6116998.853681081,8263103.630171287,8601471
0,0,107,6126744.332369071,8192896.20094543,8582641
0,0,108,6140232.49655958,8190140.100147333,8563777
0,0,109,6155767.201924745,8305451.037317708,8544774
0,0,110,6169189.592332386,8316873.907812568,8526034
0,0,111,6182416.683575999,8300168.306193922,8506815
0,0,112,6196751.773515692,8312231.584714754,8487743
0,0,113,6211310.301802147,8379762.125293449,8468531
0,0,114,6220740.791928645,8185383.803753113,8449144
0,0,115,6234599.058050437,8291834.508788362,8429769
0,0,116,6252567.561785239,8368945.860198012,8410414
0,0,117,6268725.726222746,8428045.059652276,8390873
0,0,118,6283471.55485948,8392845.430987531,8371249
0,0,119,6302071.55901353,8480664.208005872,8351358
0,0,120,6318212.049098161,8446775.774478517,8331723
0,0,121,6335747.350135251,8499428.191268902,8311981
0,0,122,6345781.530705401,8388436.421537435,8291861
0,0,123,6365695.669083804,8544406.748487467,8271997
0,0,124,6383578.645971382,8558828.895165518,8251886
0,0,125,6403202.308304651,8638437.120536396,8231687
0,0,126,6417944.228972962,8554596.87735288,8211239
0,0,127,6438150.222502138,8641755.44721064,8190954
0,0,128,6459476.083773637,8738682.050935466,8170307
0,0,129,6477251.863832798,8748211.37724988,8149733
0,0,130,6497858.534164984,8809051.388810268,8128853
0,0,131,6518096.378941499,8849230.726241989,8108086
0,0,132,6538900.976504151,8865865.220985999,8087897
0,0,133,6557040.889356388,8826272.751874913,8066667
0,0,134,6580223.293379927,8865711.161403924,8045764
0,0,135,6603205.245109777,8908048.393385179,8024776
0,0,136,6624396.303539647,8880210.489288203,8003680
0,0,137,6650491.515714807,9007844.435803317,7982317
0,0,138,6674542.888747891,9040781.796999438,7961075
0,0,139,6698700.559537856,9088001.599034995,7939760
0,0,140,6723307.877462583,9113334.440681964,7918174
0,0,141,6751562.024056705,9227096.627917821,7896810
0,0,142,6775699.9257307,9253364.461185854,7875080
0,0,143,6796714.694945669,9252415.291030768,7852953
0,0,144,6821056.546286294,9405942.895265069,7831020
0,0,145,6839338.040901789,9468183.32649513,7809152
0,0,146,6855867.103971791,9385557.954199951,7786844
0,0,147,6880387.883508964,9374824.055772264,7764648
0,0,148,6915004.185673835,9465118.59679994,7742289
0,0,149,6958090.388075862,9556429.242987659,7719725
0,0,150,7004534.955435068,9669459.602704948,7697180
0,0,151,7050033.853475342,9679441.810118912,7674407
0,0,152,7102873.169254096,9851543.175648687,7651776
0,0,153,7152731.528618593,9940047.246037398,7628567
0,0,154,7203118.669153033,10079404.12674337,7605169
0,0,155,7251151.999382203,10166904.87763712,7581790
0,0,156,7295692.524769455,10283120.08423223,7558153
0,0,157,7339118.400267286,10391937.41401791,7534668
0,0,158,7376123.343183049,10423583.67828125,7510604
0,0,159,7416986.756130239,10563532.95626286,7486661
0,0,160,7457731.037547611,10685644.18167824,7462397
0,0,161,7492440.831757311,10744072.8762274,7438141
0,0,162,7531327.872405016,10803488.82879833,7413886
0,0,163,7573676.538355913,10898951.41379186,7388895
0,0,164,7624398.733731806,11058749.58064292,7364231
0,0,165,7678544.366438422,11105383.72490787,7339435
0,0,166,7744196.32022904,11380245.75218902,7314539
0,0,167,7810524.510814657,11502475.41686597,7289073
0,0,168,7886012.884773452,11700415.84929281,7263393
0,0,169,7967576.82380023,11878473.66618252,7237666
0,0,170,8059291.496194184,12141289.88735923,7211522
0,0,171,8155834.007013986,12354008.56620853,7184915
0,0,172,8259046.534877077,12598477.20410513,7158625
0,0,173,8368449.049737342,12896974.22501672,7131719
0,0,174,8483887.864996184,13238070.83977111,7104701
0,0,175,8594625.283165198,13451040.20454656,7077361
0,0,176,8715450.090122078,13884255.72647167,7049789
0,0,177,8835792.944206262,14265271.12569071,7022118
0,0,178,8959221.459790524,14663827.81192849,6993636
0,0,179,9086620.402047273,14995589.86008312,6964724
0,0,180,9227060.847132843,15441647.1399711,6935964
0,0,181,9387251.019430945,16054350.80247924,6906105
0,0,182,9565227.370861929,16726902.78141392,6876247
0,0,183,9761271.551623754,17460970.84401165,6844931
0,0,184,9980951.183066953,18252989.20970523,6813730
0,0,185,10219719.08799922,19055990.12539728,6781355
0,0,186,10477848.01574275,19925721.28560896,6747926
0,0,187,10759244.267655,20845962.75230597,6714299
0,0,188,11070602.24994764,21861690.93183633,6679860
0,0,189,11427250.96426502,23157492.61821658,6644733
0,0,190,11839864.37193553,24713211.94305628,6608557
0,0,191,12332878.16349368,26800513.68715638,6571004
0,0,192,12915850.62635249,29338607.47038486,6530843
0,0,193,13633418.92109992,32833729.10875679,6487059
0,0,194,14530956.49042475,37707575.59153019,6436475
0,0,195,15661760.86533416,44582163.18763155,6372546
0,0,196,17082526.33739465,54470871.86620657,6280477
0,0,197,18708072.02522879,67692780.887104,6126406
0,0,198,20220314.64255403,83147187.93959787,5849796
0,0,199,20907058.08813304,96291906.01442057,5368182
0,0,200,19932186.45778769,100579097.2222761,4615927
0,0,201,16886318.39903975,91201243.16582875,3610176
0,0,202,12296725.31618975,69612687.83330649,2489554
0,0,203,7487806.868832996,43646899.82842422,1472686
0,0,204,3724902.386886034,22055405.98515487,727583
0,0,205,1495891.009549702,8912224.728359189,297208
0,0,206,473914.1716376706,2806897.066310798,100868
0,0,207,118228.6570004736,687357.8832261632,30891
0,0,208,26302.56008857484,146177.4368925018,11928
0,0,209,8285.196834465258,43079.33339341686,8045
0,0,210,5095.012125747582,25248.01332420162,6994
0,0,211,4729.422445797853,25336.25604306398,6669
0,0,212,4427.534157300915,22277.44243601714,6555
0,0,213,4326.116391681027,21794.65277458954,6322
0,0,214,4273.506050870048,24382.7429452228,6109
0,0,215,4036.992772637316,20485.33321864894,5880
0,0,216,4179.34057112297,23331.71030692541,5947
0,0,217,4107.968364309852,22241.88682464397,5554
0,0,218,3887.934045097536,21169.45777115618,5513
0,0,219,3808.428803798681,20990.48573555468,5344
0,0,220,3770.130719710424,22901.07840964322,5127
0,0,221,3719.538059583005,19581.05011036669,5024
0,0,222,3799.035608652302,24585.02068802732,4824
0,0,223,3497.996941363667,18726.86426227568,4798
0,0,224,3459.22811721174,20409.60739188533,4532
0,0,225,3417.287918285647,18409.29156496473,4535
0,0,226,3103.795231256291,15916.06378077856,4417
0,0,227,3152.022114314778,18815.46383280692,4216
0,0,228,3054.765742104853,17288.74739300616,4127
0,0,229,3043.130488528846,15946.84013536197,4069
0,0,230,3165.006377015398,20336.58306179989,4018
0,0,231,2956.705506908108,16184.3374435984,3884
0,0,232,2938.385467003191,18664.51745628107,3807
0,0,233,2911.150983913164,16054.99170913742,3745
0,0,234,2910.102140288827,17836.97520227198,3602
0,0,235,2745.958505746028,15955.00284789451,3505
0,0,236,2688.151409828608,14461.13291142944,3499
0,0,237,2551.321523448569,12192.79380237627,3386
0,0,238,2709.521527026421,17764.84947716915,3279
0,0,239,2698.499047516821,16142.98901065216,3274
0,0,240,2693.222248938828,20270.88186824328,3266
0,0,241,2419.806788037322,13027.28786868437,3117
0,0,242,2385.13146434208,12638.03424467321,3092
0,0,243,2226.097276343823,11790.27218899866,2935
0,0,244,2249.65148717588,13335.49508283197,2819
0,0,245,2177.770409780426,12675.69398652325,2809
0,0,246,2370.061459011805,14839.61731737698,2815
0,0,247,2252.438961122048,13978.48309537172,2763
0,0,248,2108.147776355198,12330.89267928793,2623
0,0,249,2031.322112556766,10616.44504306495,2569
0,0,250,2018.10998453885,11973.78492338011,2563
0,0,251,1891.97095616053,9133.771186789514,2510
0,0,252,1911.017818309947,9893.781991638953,2495
0,0,253,2047.659628249716,12507.44027622941,2385
0,0,254,1892.428457364722,9505.316226843534,2386
0,0,255,1909.820058141471,12709.0952968673,2335
0,0,256,1899.680468288815,12555.66188952099,2288
0,0,257,1890.143770334182,10558.13227735141,2226
0,0,258,1669.142027005776,9136.306448643461,2178
0,0,259,1747.197363405447,11842.44561233295,2199
0,0,260,1596.434999155344,8407.744187737924,2069
0,0,261,1719.769404393935,10092.77361494986,2062
0,0,262,1670.026426863979,8978.228877529335,2035
0,0,263,1724.283978393828,9723.650104223048,2052
0,0,264,1684.930059524107,9428.222139985261,1959
0,0,265,1616.231207221549,7287.935626575068,2008
0,0,266,1568.559504546734,9204.951241691793,1846
0,0,267,1577.912277337596,9279.787325159386,1874
0,0,268,1476.108644767369,7298.786564062591,1860
0,0,269,1564.44717172418,11327.83737047902,1781
0,0,270,1552.291985519123,9397.121759625777,1765
0,0,271,1469.05703417021,9072.803873502851,1804
0,0,272,1533.494775162731,9464.86075921098,1754
0,0,273,1368.515781049994,6513.475020495311,1674
0,0,274,1447.001558542007,7736.783849025669,1674
0,0,275,1470.771009890307,8433.161733600522,1646
0,0,276,1444.900629317445,8680.322194916953,1622
0,0,277,1320.681129905157,7445.156432133392,1659
0,0,278,1529.076751721416,11226.17049290474,1625
0,0,279,1427.964814893259,8841.420531844604,1633
0,0,280,1302.139375324227,7859.182397184681,1532
0,0,281,1166.441019421735,6201.132621564716,1516
0,0,282,1362.74198524601,10218.30449824735,1476
0,0,283,1200.622913896957,7614.327618839139,1427
0,0,284,1125.822154555856,5147.717642271842,1423
0,0,285,1088.818994674663,4399.340860402987,1420
0,0,286,1199.818004569946,6261.860517290417,1367
0,0,287,1170.118639606538,7215.490268171318,1375
0,0,288,1146.328319061965,5742.761810862779,1364
0,0,289,1200.700450726644,5614.907675687902,1360
0,0,290,1252.394153761439,8065.320995113103,1292
0,0,291,1146.62450458786,6469.576689357576,1320
0,0,292,1011.845826214506,4299.17939043769,1274
0,0,293,1048.75730075263,4308.014087071721,1240
0,0,294,1060.196432752557,5466.421866073704,1220
0,0,295,1154.484074861546,6190.029419812181,1243
0,0,296,1119.527221178727,6577.644115925609,1262
0,0,297,1005.966472209406,5236.609227294697,1223
0,0,298,1116.286236536985,8059.847543626423,1201
0,0,299,1087.675986788794,5378.233709288337,1654
