# mesh name: boxMesh_1
# primitive scorer name: doseScorer
# iX, iY, iZ, total(value) [MeV], total(val^2), entry
0,0,0,5020936.669988358,5959258.820376801,10000000
0,0,1,5100791.81978111,6477348.550061113,9998765
0,0,2,5132581.793672198,6727008.292782248,9996248
0,0,3,5153309.489904629,6710092.998965177,9993097
0,0,4,5178698.946727289,6925983.14132514,9989333
0,0,5,5198057.754990242,7005593.304261692,9985109
0,0,6,5212576.150103281,6928855.245304255,9980450
0,0,7,5230306.841564314,6981041.908179273,9975405
0,0,8,5252256.460719066,7169422.102276317,9970111
0,0,9,5266540.563164372,7189444.277894402,9964317
0,0,10,5281534.41686301,7337806.258562011,9958358
0,0,11,5289450.121973508,7117131.105160329,9951863
0,0,12,5307361.566212739,7348958.324002403,9945247
0,0,13,5317645.66629271,7365418.051389028,9938204
0,0,14,5330554.945034769,7381688.773596497,9930764
0,0,15,5344112.677949002,7497833.557522424,9923244
0,0,16,5353115.87524309,7425033.307390576,9915375
0,0,17,5361400.580672213,7403366.29192266,9907414
0,0,18,5372709.742369015,7507525.354551944,9899218
0,0,19,5378749.479721095,7361851.009373091,9890633
0,0,20,5387587.429275283,7429678.406945042,9881931
0,0,21,5397397.416417089,7450018.886142835,9872993
0,0,22,5409169.343824824,7598995.585606433,9863861
0,0,23,5415764.429894518,7498937.460707255,9854299
0,0,24,5424688.729139527,7505811.656074003,9844716
0,0,25,5433606.442994919,7554627.1016382,9834896
0,0,26,5438781.357238757,7389625.318463634,9824936
0,0,27,5450069.954122465,7584664.815215758,9814577
0,0,28,5454983.856392539,7519825.054409676,9804227
0,0,29,5461510.959466683,7454220.369103185,9793674
0,0,30,5470914.475719798,7625340.93758422,9782852
0,0,31,5477725.456646516,7624898.644032382,9771962
0,0,32,5488107.720830807,7735842.863316313,9760755
0,0,33,5492030.075004278,7595681.700825416,9749308
0,0,34,5500135.747217352,7752792.54639025,9737825
0,0,35,5502904.971638608,7462230.373693386,9726355
0,0,36,5513491.637405942,7651421.464557954,9714599
0,0,37,5518206.110065171,7580318.537210898,9702742
0,0,38,5524393.636787296,7604893.36046217,9690534
0,0,39,5531506.169903696,7633823.528378856,9677998
0,0,40,5540156.670133207,7705909.616904264,9665501
0,0,41,5543671.352108208,7614983.352565954,9652694
0,0,42,5553107.899692949,7756741.85826645,9639897
0,0,43,5556160.200817576,7641375.758022396,9626986
0,0,44,5563859.479678818,7719616.051613679,9613966
0,0,45,5566800.196165542,7527503.11051709,9600707
0,0,46,5576340.143417482,7674308.571791952,9587696
0,0,47,5581246.436881848,7649855.539331632,9574269
0,0,48,5588655.940229508,7682644.088589266,9560760
0,0,49,5597660.047432391,7782758.204559514,9547145
0,0,50,5603066.5576755,7760896.713605678,9533291
0,0,51,5609762.00835402,7810977.890218943,9519342
0,0,52,5612408.901498785,7681806.309111157,9505174
0,0,53,5617784.132092465,7686369.310878704,9490894
0,0,54,5625233.344127771,7783006.118352296,9476750
0,0,55,5631323.845092268,7742821.999509292,9462482
0,0,56,5641201.026354876,7811653.12729761,9448190
0,0,57,5645886.026080283,7807373.310134799,9433690
0,0,58,5652317.164360601,7828375.95631671,9418870
0,0,59,5653132.923727453,7674386.576861744,9404250
0,0,60,5661127.727674409,7753205.972890664,9389164
0,0,61,5668168.426330975,7704340.766301204,9374125
0,0,62,5677252.823271734,7900044.258787651,9359308
0,0,63,5681165.765335415,7759025.64115135,9344073
0,0,64,5687202.128964716,7752737.503641991,9328411
0,0,65,5693761.705379083,7807384.549412227,9313147
0,0,66,5699042.491726218,7786852.486950278,9297794
0,0,67,5707273.45432463,7797556.254956053,9282201
0,0,68,5713589.717220194,7855245.12354559,9266745
0,0,69,5719131.026861968,7805644.346568661,9250819
0,0,70,5727642.409476253,7925581.378728881,9235130
0,0,71,5732615.904269675,7864224.026154873,9219299
0,0,72,5739537.201976232,7826051.405949241,9203437
0,0,73,5745193.289738359,7858501.059552429,9187297
0,0,74,5752760.630183076,7896473.894006487,9171052
0,0,75,5757638.61120839,7866521.666582342,9154696
0,0,76,5763428.784260631,7825467.429627923,9138377
0,0,77,5771375.709658915,7850213.402130458,9121999
0,0,78,5777485.005887548,7849927.820097934,9105457
0,0,79,5787604.924277307,7950647.783952614,9089117
0,0,80,5794443.732189009,7951605.03442024,9072490
0,0,81,5800153.306150178,7927000.79374231,9055809
0,0,82,5810709.201588081,8023958.108035689,9039350
0,0,83,5811493.039747156,7785362.405636541,9022345
0,0,84,5822712.22349694,7900519.0094655,9005570
0,0,85,5828747.41478157,7858497.764649695,8988491
0,0,86,5839484.965223853,8014580.023339012,8971407
0,0,87,5845794.619674386,7950360.055480179,8954599
0,0,88,5849936.614895406,7842489.009779489,8937140
0,0,89,5861207.316109835,7950689.510443472,8919811
0,0,90,5867358.760453204,7873306.179719877,8902535
0,0,91,5878565.420852205,8015679.89616459,8885294
0,0,92,5884107.324692549,7881251.789590223,8867750
0,0,93,5894215.732225133,7958097.958167804,8850135
0,0,94,5904703.153518206,7992798.602202233,8832666
0,0,95,5912622.523123518,8043719.677861277,8814918
0,0,96,5921561.490583384,7952182.43389515,8797084
0,0,97,5929001.45278407,8001782.435626935,8779119
0,0,98,5940439.171952317,8038248.225447784,8761583
0,0,99,5946863.715689069,7944919.035573934,8743248
0,0,100,5959440.893723615,8084597.122717266,8725200
0,0,101,5970716.560808692,8106120.436095489,8707217
0,0,102,5979775.05451421,8078744.230758436,8688861
0,0,103,5989530.977252664,8076788.977060029,8670579
0,0,104,6001622.22540048,8077876.069748396,8652215
0,0,105,6015351.389924766,8190279.743754244,8633717
0,0,106,6023946.303093633,8115847.2213641,8615032
0,0,107,6033680.525969328,8081820.620151173,8596482
0,0,108,6046030.98565557,8143678.887482888,8577789
0,0,109,6060012.33297527,8182876.959431874,8559251
0,0,110,6070845.6055979,8168098.47767299,8540424
0,0,111,6078852.014692141,8024191.683748982,8521424
0,0,112,6093947.970676431,8097846.859865076,8502063
0,0,113,6108527.579394637,8145257.718755391,8483342
0,0,114,6119081.453576234,8163232.643370536,8464277
0,0,115,6132968.208250703,8170221.278498171,8445086
0,0,116,6145175.662574784,8166330.62178247,8425956
0,0,117,6163505.973354882,8354473.058961314,8406703
0,0,118,6170932.676687329,8101589.866688859,8387365
0,0,119,6190534.005516112,8310959.459061696,8368199
0,0,120,6207304.396128541,8336825.635498075,8348876
0,0,121,6221916.58639113,8283140.581385187,8329194
0,0,122,6236864.292946531,8381204.89606747,8309689
0,0,123,6248800.343487724,8285218.518918961,8289933
0,0,124,6268492.544489509,8410109.302185941,8270239
0,0,125,6286234.425373168,8492007.822078912,8250388
0,0,126,6301054.247555783,8499512.38531765,8230249
0,0,127,6315870.114458182,8400365.368637105,8210375
0,0,128,6333763.505795646,8481526.645129353,8190484
0,0,129,6352474.486983704,8513141.953258131,8170510
0,0,130,6372307.528773559,8555601.072707573,8150393
0,0,131,6390347.090392079,8641158.979964081,8129970
0,0,132,6408179.320443887,8625186.834769299,8109472
0,0,133,6424552.880895489,8594866.846306985,8088885
0,0,134,6448462.108033001,8757561.465302542,8068327
0,0,135,6465827.248105823,8655788.205580981,8047474
0,0,136,6486611.341036508,8760147.602962736,8026771
0,0,137,6506279.511472533,8760385.095908668,8005917
0,0,138,6528283.027090313,8808045.650281563,7984934
0,0,139,6551524.584149347,8845944.317515815,7963828
0,0,140,6574859.212305195,8936722.629454069,7942914
0,0,141,6596010.601021677,8941819.535176739,7921558
0,0,142,6618977.60747504,8941345.905311279,7900394
0,0,143,6647211.171038228,9095096.747581106,7879158
0,0,144,6672006.259500791,9088647.554352444,7857664
0,0,145,6698209.961025501,9137961.991270792,7835749
0,0,146,6720920.117541349,9192724.743972545,7814176
0,0,147,6741756.811562098,9157751.33010033,7792084
0,0,148,6760390.234526196,9196555.605384285,7770195
0,0,149,6781794.947772101,9274210.117728319,7748270
0,0,150,6799119.672161435,9282203.183766089,7725897
0,0,151,6823681.77445608,9331136.259316634,7703548
0,0,152,6856286.903950769,9374418.273940327,7681213
0,0,153,6897012.223837811,9457331.988372533,7658924
0,0,154,6947155.501825126,9611485.776959626,7636731
0,0,155,6997795.294620859,9752551.389536064,7614265
0,0,156,7045349.70387426,9790236.205757681,7591111
0,0,157,7096695.804749041,10003779.42330095,7568113
0,0,158,7143959.381086474,10014008.2281358,7545285
0,0,159,7192721.841184486,10164246.02834629,7522111
0,0,160,7234631.477288749,10158609.67655759,7498664
0,0,161,7276130.120281029,10245599.88897284,7475326
0,0,162,7316755.711953934,10412836.77366739,7451512
0,0,163,7354164.44180586,10439692.01332528,7427629
0,0,164,7392629.468113474,10593551.22702593,7403613
0,0,165,7425989.919698725,10522042.02116645,7379538
0,0,166,7469982.275440289,10737196.6696606,7355332
0,0,167,7513679.726158435,10892076.43938057,7330630
0,0,168,7562524.422150694,10961140.91096354,7305783
0,0,169,7617802.308379665,11154937.08485587,7281350
0,0,170,7673647.437655753,11180026.49341039,7256162
0,0,171,7740758.882121714,11392199.17228015,7230876
0,0,172,7814187.252117471,11535800.82111411,7205299
0,0,173,7893723.184876991,11662387.6457462,7179491
0,0,174,7987700.185797847,11970255.17713847,7153816
0,0,175,8084248.945379511,12265063.9326708,7127507
0,0,176,8185562.836195287,12501175.17933095,7101212
0,0,177,8292405.018307805,12740625.33203496,7074649
0,0,178,8407676.713161254,13133085.43250551,7047630
0,0,179,8522383.343358774,13452224.18868895,7020677
0,0,180,8633266.085319269,13661108.08462347,6992954
0,0,181,8750409.704867303,14011773.38570214,6964990
0,0,182,8877559.807850337,14512022.04647536,6936812
0,0,183,9004908.894593205,14856376.07172501,6908355
0,0,184,9144195.808473151,15339234.21856744,6879347
0,0,185,9299469.667582668,15904741.24578157,6849814
0,0,186,9474217.166820042,16569849.26283168,6819814
0,0,187,9668122.989945427,17260925.31837139,6788853
0,0,188,9884056.458507845,18068882.96015745,6757724
0,0,189,10119127.99354176,18876711.2997524,6725381
0,0,190,10373142.55412612,19706356.21639121,6693064
0,0,191,10655046.37521548,20650863.92790036,6659680
0,0,192,10961651.2548822,21640137.19390057,6625396
0,0,193,11315216.7143701,22935715.69455059,6590503
0,0,194,11716994.11497296,24428708.35101634,6554412
0,0,195,12196825.90799304,26377591.96364041,6516891
0,0,196,12778386.54073501,29010066.29269458,6477414
0,0,197,13484942.84384454,32445008.40904528,6433497
0,0,198,14364612.31509463,37195021.05960537,6383752
0,0,199,15473558.50500427,43939498.13795488,6319817
0,0,200,16853178.00047105,53519776.09762345,6228408
0,0,201,18437583.53032055,66444354.17782579,6075375
0,0,202,19889763.31606171,81260374.15712067,5803193
0,0,203,20580371.31195457,94056229.34638105,5336383
0,0,204,19698460.68929578,98627263.79407398,4608605
0,0,205,16849738.03963796,90309731.30829805,3637472
0,0,206,12486058.78471444,70255096.94368437,2547719
0,0,207,7801399.350804451,45257565.34193161,1541689
0,0,208,4027433.340717432,23799916.87673309,787075
0,0,209,1686691.959767873,10034646.41377378,334264
0,0,210,563716.3883294468,3344672.842162429,117677
0,0,211,150927.2778720438,883279.5769532941,37165
0,0,212,34694.31453838032,200454.732886589,13482
0,0,213,9483.839387183103,52705.42064665976,8020
0,0,214,5233.261778714797,29009.57830107722,6936
0,0,215,4415.921557315447,23840.57252486572,6587
0,0,216,4278.280561353195,20920.24027733752,6469
0,0,217,4471.937795824905,23272.1234267882,6320
0,0,218,4032.076976118068,21244.80222994816,6052
0,0,219,4101.197751053572,25034.2370171801,5862
0,0,220,3798.440637299973,19498.33019614256,5777
0,0,221,3928.547956337451,23095.65757239813,5580
0,0,222,3968.514202136635,22748.92014871076,5415
0,0,223,3624.203421745955,16875.12671685985,5344
0,0,224,3932.121397739484,25413.9262158631,5163
0,0,225,3873.415989370209,22526.48089514747,5022
0,0,226,3475.357389047861,16647.8680939259,4876
0,0,227,3569.187710751103,17738.29171313841,4807
0,0,228,3520.619124761909,19559.19596928963,4622
0,0,229,3372.354833741091,20079.37427822426,4507
0,0,230,3597.351416652764,23481.31699459645,4474
0,0,231,3351.134403195318,18036.77113948999,4337
0,0,232,3307.069839659844,18812.74757476454,4197
0,0,233,3004.404397480323,15820.41824098673,4008
0,0,234,3043.303576744855,17934.2490316381,4013
0,0,235,2769.663165925756,13716.42635145698,3987
0,0,236,2762.092887256219,14315.50038769061,3761
0,0,237,2720.134207280268,14156.17354474605,3750
0,0,238,2683.988933912874,14540.69029720083,3691
0,0,239,2502.691129076645,13556.91738868638,3531
0,0,240,2568.72259809914,13642.86938391636,3475
0,0,241,2666.489296944183,15080.76967290782,3348
0,0,242,2644.958989051281,16102.44218719134,3321
0,0,243,2401.997660425317,12105.52374847453,3265
0,0,244,2398.583645063301,12828.95222429647,3198
0,0,245,2477.525937168197,15460.7685386277,3172
0,0,246,2595.955623708028,17736.97679569973,3105
0,0,247,2346.925025550785,12297.26026075826,2966
0,0,248,2367.667721352323,15153.71651485456,2956
0,0,249,2204.418106152677,13202.48031712243,2871
0,0,250,2149.528839975439,11146.31298085564,2831
0,0,251,2159.86258323614,11532.44522562427,2726
0,0,252,2070.156520131239,11065.38992622063,2685
0,0,253,2289.034826415126,16572.30119393221,2685
0,0,254,2178.590137149162,14861.11268661474,2569
0,0,255,2039.045641230214,10942.65954879754,2604
0,0,256,1967.285084557382,10235.14141335622,2561
0,0,257,2091.441373007543,11501.43515766333,2428
0,0,258,2003.318148968152,11403.95184476521,2416
0,0,259,1997.880710993433,10994.74749957475,2442
0,0,260,1830.457680289165,9465.115813139173,2388
0,0,261,1930.434795603648,10507.47528895559,2340
0,0,262,1661.902613913196,7263.505368258225,2278
0,0,263,1726.971559450606,6997.732782675324,2212
0,0,264,1940.926293294215,10023.50601672312,2177
0,0,265,1834.42492940511,9777.733927458306,2122
0,0,266,1734.549314333964,9187.155634613557,2097
0,0,267,1691.478479317247,10434.21619519454,1984
0,0,268,1593.045074657443,9001.909819464137,1953
0,0,269,1518.478270082598,7816.725780207674,1901
0,0,270,1535.648814089419,7642.505505173096,1950
0,0,271,1641.998625443232,10592.26819798604,1958
0,0,272,1510.072740484557,7890.162052169086,1900
0,0,273,1472.900229236708,7887.256795353778,1833
0,0,274,1386.861166397411,6523.590994361357,1802
0,0,275,1521.418265722403,10332.61555065391,1750
0,0,276,1477.755702049155,8693.631311741668,1709
0,0,277,1355.515469213228,6485.065993233103,1708
0,0,278,1451.572817794205,9163.496397154257,1698
0,0,279,1456.77915047643,7547.724687721276,1682
0,0,280,1495.799867051807,10381.574740896,1716
0,0,281,1351.448166564981,6539.028980137078,1623
0,0,282,1298.749859026838,7105.246603332651,1580
0,0,283,1270.631808822662,6887.552752823904,1580
0,0,284,1313.90333240409,6999.453945745944,1600
0,0,285,1165.078150477251,5836.686612163974,1496
0,0,286,1223.054472390076,7042.077863010753,1552
0,0,287,1209.486807736689,7148.370759460149,1518
0,0,288,1235.046715705585,6494.54840121935,1488
0,0,289,1218.714496893753,7123.917690121865,1467
0,0,290,1281.378598875875,8108.955399858922,1468
0,0,291,1284.250095078133,8216.467506993742,1420
0,0,292,1273.91787515468,7231.177419865346,1398
0,0,293,1173.951025586738,6370.902553119851,1368
0,0,294,1109.706725664242,5646.89205179734,1294
0,0,295,1074.408633810329,5628.593163855139,1323
0,0,296,1090.535669008138,5446.918623960068,1314
0,0,297,1036.668225669795,6728.329299428377,1260
0,0,298,1201.085038501954,8163.761291092044,1237
0,0,299,1109.591165260319,6490.819310938685,1676
