# mesh name: boxMesh_1
# primitive scorer name: doseScorer
# iX, iY, iZ, total(value) [MeV], total(val^2), entry
0,0,0,4982749.909007732,5954863.626072764,10000000
0,0,1,5061208.800909394,6403966.729497286,9998756
0,0,2,5093237.717750756,6642245.400362931,9996277
0,0,3,5115435.458600467,6701121.947133662,9993186
0,0,4,5139944.83692982,6929974.128564682,9989464
0,0,5,5157150.840341222,6918623.350883398,9985326
0,0,6,5172274.743752959,6840651.585270296,9980764
0,0,7,5190327.344292687,6944124.722241987,9975731
0,0,8,5212510.61140243,7169257.947873643,9970462
0,0,9,5225057.580228308,7117648.218980396,9964738
0,0,10,5241650.529145174,7341289.311860699,9958841
0,0,11,5250321.821630746,7187898.951836798,9952379
0,0,12,5267479.601656899,7350576.067582556,9945761
0,0,13,5276953.396239051,7355494.094826824,9938840
0,0,14,5288188.617644713,7338568.949992605,9931356
0,0,15,5303239.361201093,7470778.933508087,9924000
0,0,16,5312644.208209649,7447671.48297307,9916271
0,0,17,5319805.268491847,7382203.575328326,9908307
0,0,18,5330245.094709907,7407986.071953319,9899995
0,0,19,5337216.868765838,7313880.984808035,9891485
0,0,20,5346145.148259743,7328977.155347544,9882973
0,0,21,5356303.166836661,7396269.85807095,9874106
0,0,22,5367409.162507206,7481064.003245584,9865002
0,0,23,5377587.064030514,7609971.866728366,9855573
0,0,24,5383414.381508056,7521215.108801346,9845945
0,0,25,5391569.717731026,7566555.632458195,9836199
0,0,26,5397833.092108927,7427675.288218174,9826444
0,0,27,5405688.465871993,7518169.624223663,9816216
0,0,28,5412222.538802017,7503727.896231879,9805841
0,0,29,5417822.834129404,7450548.518600632,9795328
0,0,30,5425498.778841697,7564541.503654896,9784444
0,0,31,5433342.06096815,7596380.894979475,9773644
0,0,32,5444138.602464355,7670203.097640904,9762524
0,0,33,5449899.096303795,7655106.656922679,9751249
0,0,34,5454937.073924148,7719666.463312244,9739544
0,0,35,5460221.006812667,7551235.178904413,9728082
0,0,36,5468478.386161806,7705912.715101758,9716300
0,0,37,5475011.941202267,7661010.836664528,9704345
0,0,38,5479296.9331239,7633235.806487056,9692259
0,0,39,5482349.411251795,7548045.341932192,9679791
0,0,40,5488758.613353455,7587179.86857201,9667347
0,0,41,5494439.350461507,7585242.754740406,9654826
0,0,42,5502200.066311416,7579744.995112932,9642280
0,0,43,5510106.982388476,7691119.685202134,9629410
0,0,44,5512516.655157902,7594276.708551199,9616532
0,0,45,5518748.956139115,7542285.228444549,9603434
0,0,46,5527926.816718569,7626068.594178523,9590195
0,0,47,5534625.050547386,7691251.443440709,9577095
0,0,48,5536389.278855601,7593858.20911322,9563440
0,0,49,5546454.849861055,7690797.518237669,9549992
0,0,50,5553633.141772103,7752772.803252223,9536228
0,0,51,5556241.763527086,7631439.269552436,9522450
0,0,52,5559989.071394892,7651871.788280379,9508466
0,0,53,5569251.466999742,7776805.68805027,9494516
0,0,54,5572120.271785958,7681589.055524656,9480379
0,0,55,5577190.444537837,7663080.073467332,9466264
0,0,56,5585556.66604101,7735386.54770915,9452014
0,0,57,5593885.743366158,7751594.571750167,9437758
0,0,58,5597790.387484422,7730776.446190254,9423377
0,0,59,5600200.362810322,7658788.844744259,9409021
0,0,60,5608246.814234808,7779173.064949978,9393891
0,0,61,5611264.488605656,7657906.152860075,9378744
0,0,62,5619123.701731019,7740373.492961382,9364047
0,0,63,5628613.528194647,7812772.04298739,9349197
0,0,64,5631280.679025583,7716771.575375948,9333974
0,0,65,5634907.968334139,7663017.734695544,9318681
0,0,66,5641129.751799036,7695299.558593857,9303315
0,0,67,5652482.040477084,7863303.61148727,9288144
0,0,68,5656324.900918526,7817527.221006793,9272671
0,0,69,5661533.186754547,7773092.583394963,9256883
0,0,70,5668013.273964173,7762282.664873377,9241432
0,0,71,5676247.839243683,7898331.696388857,9225767
0,0,72,5679228.576501154,7812698.768337713,9209932
0,0,73,5682009.556630176,7712852.555641443,9193801
0,0,74,5690639.761914967,7769030.209949014,9177887
0,0,75,5695921.265045043,7776604.741970637,9161822
0,0,76,5701118.565560203,7755270.614775605,9145765
0,0,77,5707631.070498494,7798405.111377195,9129812
0,0,78,5714120.251737361,7803139.799035709,9113434
0,0,79,5722926.978658813,7836669.66270708,9097178
0,0,80,5729177.981070537,7831369.086107998,9080682
0,0,81,5734724.236866497,7783585.842231723,9064143
0,0,82,5744906.582838126,7933900.539594127,9047673
0,0,83,5748465.786853855,7865404.233341302,9031092
0,0,84,5756874.19074581,7862269.33861381,9014369
0,0,85,5762090.197669964,7820915.20056018,8997552
0,0,86,5770790.445043045,7878675.965614043,8980907
0,0,87,5776372.413107738,7880587.072515924,8963705
0,0,88,5782151.757026231,7852834.373738756,8946869
0,0,89,5788342.582794335,7806390.269819087,8929659
0,0,90,5795487.099566361,7753290.009296531,8912237
0,0,91,5806013.965032561,7874403.698558145,8895305
0,0,92,5814205.767333714,7906719.567866307,8878162
0,0,93,5820545.459274457,7854463.378063125,8860861
0,0,94,5830190.139850755,7859440.754064098,8843769
0,0,95,5840369.83037984,7974341.959929586,8826210
0,0,96,5849609.247668785,8037583.873334679,8808530
0,0,97,5854038.437024678,7892253.891837334,8790944
0,0,98,5861165.124320441,7800422.19828954,8773007
0,0,99,5871660.935422582,7945968.987081522,8755349
0,0,100,5881807.326849477,7953631.337149453,8737511
0,0,101,5892127.52284188,8004293.704881032,8719274
0,0,102,5899773.927951909,8031142.243636733,8701347
0,0,103,5906490.733705263,7963840.059446134,8683174
0,0,104,5915980.15288134,7944424.605937483,8665269
0,0,105,5928821.918366401,8019704.959948551,8646992
0,0,106,5936828.788992587,7985529.327535502,8628609
0,0,107,5947245.183291982,8004335.5972109,8610070
0,0,108,5956936.60435032,8016640.537640932,8591711
0,0,109,5970690.024184101,8127496.602382218,8573244
0,0,110,5979140.921614144,8023054.442653969,8554576
0,0,111,5988786.486864332,7989289.254081692,8535846
0,0,112,6002948.061878419,8040651.636823663,8517334
0,0,113,6015254.241279948,8102434.874659885,8498387
0,0,114,6024440.175424928,8037334.310270879,8479853
0,0,115,6037058.761372718,8065924.502864271,8460985
0,0,116,6050528.010751104,8115227.065617737,8441979
0,0,117,6064350.681577434,8170546.003706923,8422852
0,0,118,6076332.011768408,8154204.773485102,8404095
0,0,119,6088395.839143455,8131343.907416184,8385019
0,0,120,6104132.815820942,8217784.036994172,8365844
0,0,121,6118837.919342876,8219808.746772885,8346557
0,0,122,6129649.671992869,8161449.450772098,8327098
0,0,123,6143881.7669678,8203190.443220373,8307603
0,0,124,6161115.077419503,8277115.409750607,8288379
0,0,125,6173476.099164955,8212832.500234917,8268830
0,0,126,6190101.341782456,8249342.347753935,8249243
0,0,127,6204848.803323826,8290833.05602226,8229433
0,0,128,6222525.327051024,8327711.219174454,8209966
0,0,129,6235673.024831699,8317311.904548886,8190087
0,0,130,6253511.574966617,8367695.91792029,8169872
0,0,131,6272410.082317151,8439637.450140934,8150282
0,0,132,6289723.164220452,8512645.985970667,8130307
0,0,133,6305225.64419866,8475987.509454135,8110149
0,0,134,6323737.82856855,8536256.95901823,8090184
0,0,135,6343125.141243331,8622658.44746593,8069909
0,0,136,6357303.394991793,8494701.928155081,8049339
0,0,137,6376524.416065821,8535722.634385901,8029046
0,0,138,6395839.217896996,8613884.975826394,8008360
0,0,139,6414537.022434783,8590725.930555832,7987752
0,0,140,6437587.405913552,8705114.945386913,7967124
0,0,141,6456171.459751593,8679257.431704892,7946416
0,0,142,6478210.051144291,8726004.122763792,7925704
0,0,143,6500534.048684362,8776417.325372983,7904808
0,0,144,6524390.274914482,8838004.757378524,7883816
0,0,145,6548310.370610649,8986124.052001042,7862698
0,0,146,6571950.528937222,8986531.936158622,7841279
0,0,147,6595003.114967857,9008249.49308056,7819991
0,0,148,6616513.259628511,8913678.025444644,7798305
0,0,149,6643641.70165951,9024866.614858832,7776902
0,0,150,6667189.427093595,9081295.315805258,7755328
0,0,151,6685922.63324766,9063362.794327065,7733482
0,0,152,6708102.895482492,9163844.852445194,7711663
0,0,153,6727255.486382387,9201200.100733027,7689799
0,0,154,6746908.290496632,9218770.833661083,7667655
0,0,155,6773995.485379288,9348827.678708505,7645782
0,0,156,6803834.80521997,9354151.101732207,7623536
0,0,157,6844923.350373176,9463106.267838676,7601047
0,0,158,6888483.533905644,9495698.596288843,7578608
0,0,159,6935523.042335216,9610648.483962312,7555856
0,0,160,6982867.003260223,9644659.781424887,7533164
0,0,161,7035589.647079022,9849233.668738799,7510301
0,0,162,7081000.787724964,9894264.173330266,7487507
0,0,163,7128045.549768403,10027412.26148746,7464446
0,0,164,7174978.398292972,10213001.65875089,7441189
0,0,165,7211965.39965856,10153145.10135026,7417680
0,0,166,7252944.353037887,10292357.14626889,7394452
0,0,167,7292478.550567781,10362646.72959374,7370597
0,0,168,7328100.788862674,10368559.33272648,7346643
0,0,169,7368776.572320208,10590512.82695712,7322351
0,0,170,7406136.031129705,10610894.03141739,7298459
0,0,171,7450134.707984713,10748870.75827998,7274321
0,0,172,7497553.191144816,10875931.4459973,7249825
0,0,173,7547986.586551606,10931422.97055214,7225433
0,0,174,7607386.626779136,11100180.99591169,7200289
0,0,175,7676037.188814818,11345927.24140144,7175314
0,0,176,7747385.107862448,11463498.09018782,7149854
0,0,177,7827058.147051567,11650789.58180881,7124172
0,0,178,7913631.039314328,11874658.69751222,7098092
0,0,179,8010436.556825005,12147913.27001972,7072054
0,0,180,8110066.593827574,12370159.83448007,7045663
0,0,181,8216910.021606943,12634589.30233403,7019505
0,0,182,8327497.508075092,12930443.47149536,6992636
0,0,183,8440821.402431099,13270169.52533512,6965641
0,0,184,8556125.359713301,13650919.91862678,6938168
0,0,185,8672093.000325643,13988818.14338339,6910383
0,0,186,8790123.84154023,14279005.5151561,6882306
0,0,187,8920775.688150242,14740753.35205479,6854028
0,0,188,9056524.895184347,15198072.81540405,6825199
0,0,189,9210636.9845677,15762802.35456716,6796282
0,0,190,9381581.20935107,16389432.34839136,6766657
0,0,191,9571045.666091574,17054407.22897463,6736168
0,0,192,9785728.432833379,17888685.3274,6705132
0,0,193,10012223.90523513,18579392.94573068,6673006
0,0,194,10268520.96959667,19552285.53254513,6640576
0,0,195,10539044.48137942,20343474.47459107,6607539
0,0,196,10840527.6897146,21340094.30430981,6573515
0,0,197,11187626.87522342,22617311.00724083,6539113
0,0,198,11587313.35052389,24151262.70133172,6503330
0,0,199,12055894.10850319,26035548.35896254,6466157
0,0,200,12623774.0726219,28569414.68545127,6426664
0,0,201,13314181.35609146,31914209.48881765,6383745
0,0,202,14174369.18590712,36586113.09879991,6334052
0,0,203,15251149.55792554,43104396.86774339,6271251
0,0,204,16586811.47306183,52342692.61490858,6180383
0,0,205,18114041.8521739,64683275.93446918,6031869
0,0,206,19537408.53012726,79002920.01565856,5769612
0,0,207,20243665.47864835,91467333.32541636,5321872
0,0,208,19525146.02664944,96680444.64116976,4630300
0,0,209,16932043.54170565,89920582.43425918,3698217
0,0,210,12809046.1335581,71513655.78376481,2637970
0,0,211,8240567.985229594,47541965.73898005,1638366
0,0,212,4423074.386377376,26036185.43022419,866401
0,0,213,1945357.183640567,11551884.2675618,384120
0,0,214,691712.4300694166,4103959.425849721,142464
0,0,215,198315.1794454799,1164007.860370408,46277
0,0,216,47274.61153220015,275527.172708393,16092
0,0,217,12003.71086446781,67533.35945430503,8631
0,0,218,5768.898048095911,30817.52567152304,7062
0,0,219,4844.5117162628,27339.95626596276,6641
0,0,220,4419.841248535324,22136.91828516739,6489
0,0,221,4558.419409717828,27763.59052362119,6276
0,0,222,4392.712546685369,23234.27831817675,6059
0,0,223,4016.510065433106,20195.70581059572,5984
0,0,224,4191.882879724208,22839.41137895348,5771
0,0,225,4095.112597880262,21581.39001715662,5680
0,0,226,3878.693423127834,22588.72094469664,5475
0,0,227,3942.933272921385,24973.43735539406,5343
0,0,228,3734.943752870583,21100.80551082763,5214
0,0,229,3873.73982748602,22564.50438476673,4976
0,0,230,3603.393786365379,21654.77121843964,4786
0,0,231,3506.225937274327,18731.15747470522,4623
0,0,232,3278.917265826916,16153.07129785667,4499
0,0,233,3596.892364425325,23264.05338192158,4450
0,0,234,3432.243766654284,20297.31619246361,4445
0,0,235,3133.507400217098,16307.17958137312,4200
0,0,236,2928.98025221574,13898.61982014707,4004
0,0,237,3174.206052165669,18310.20083468315,4009
0,0,238,3514.849372269194,23447.56214171873,4009
0,0,239,3090.022586436529,16385.75724230457,3835
0,0,240,2807.549566701421,13598.1463557105,3873
0,0,241,2922.315091398554,18276.53488000654,3764
0,0,242,2792.444789831186,16927.67488435296,3576
0,0,243,2744.500225658552,17049.79615614883,3434
0,0,244,2529.985669378484,13066.64370470663,3462
0,0,245,2632.709347357528,15322.46518415577,3321
0,0,246,2466.014587211379,12948.11922148847,3226
0,0,247,2396.760485638868,12825.01461393443,3185
0,0,248,2401.502335301666,14108.20296733417,3133
0,0,249,2554.079913632225,15772.36643609372,3168
0,0,250,2477.358312520662,13737.70253740797,3053
0,0,251,2215.146938577386,11203.82932484342,2926
0,0,252,2173.107082349024,11358.03319639109,2984
0,0,253,2235.730546863444,14458.88415041867,2804
0,0,254,2286.211246456483,12027.51739034511,2841
0,0,255,2353.662945661361,13830.32144074358,2838
0,0,256,2190.322887476718,12140.27732288012,2754
0,0,257,2292.264482834057,13450.62952223625,2708
0,0,258,2230.522855812372,13847.70187622251,2598
0,0,259,2076.592851087592,10811.62291350139,2622
0,0,260,2091.43199017725,12249.34206673901,2501
0,0,261,2019.782969441133,10832.56232688197,2517
0,0,262,2041.056580318882,12449.68473606557,2445
0,0,263,1823.359396320439,7915.163128461331,2417
0,0,264,1922.074353247657,9219.678016549147,2454
0,0,265,2065.833403643054,12341.40390355741,2294
0,0,266,1820.245852811809,9389.926486041391,2209
0,0,267,1877.869036008419,10969.48333032431,2244
0,0,268,1761.832632128803,9897.649932778308,2140
0,0,269,1828.235914396148,9050.701037572921,2160
0,0,270,1864.982846866501,10982.01494311079,2132
0,0,271,1898.569907102674,12905.30726064456,2083
0,0,272,1660.843595701329,9092.431833764926,2021
0,0,273,1615.675034012649,10077.72638568337,1967
0,0,274,1523.448606287162,7830.93128299819,1919
0,0,275,1687.150266451272,10102.00474573916,1911
0,0,276,1546.913963166164,7982.98682016404,1861
0,0,277,1519.56113011411,8646.691021061502,1808
0,0,278,1466.394275995517,6977.469325945181,1795
0,0,279,1626.706161686409,9730.069207751785,1793
0,0,280,1663.12953108728,10814.70939668109,1765
0,0,281,1431.912891209255,6923.094020057308,1745
0,0,282,1562.234413468749,8552.45873385845,1776
0,0,283,1587.855860283684,8745.046393467124,1710
0,0,284,1645.327477180108,10897.43986291433,1647
0,0,285,1440.179100958541,8988.999850885371,1621
0,0,286,1350.811021379068,6992.107892525132,1576
0,0,287,1269.699513056503,5894.489652623743,1571
0,0,288,1291.288322573507,6601.47457542663,1560
0,0,289,1250.502157641763,5888.857066680879,1516
0,0,290,1302.060220669547,6667.124027656577,1464
0,0,291,1297.846697705401,9283.742726084718,1484
0,0,292,1366.605957986075,8282.240952516857,1490
0,0,293,1190.96726998996,5080.741457342535,1454
0,0,294,1354.689116155092,8299.87001039528,1399
0,0,295,1218.388727350476,6595.584039786962,1346
0,0,296,1259.161203062894,7901.129649500876,1338
0,0,297,1179.680528347587,6452.0491572476,1338
0,0,298,1235.931944573111,9222.460060051872,1372
0,0,299,1199.338319993164,6686.519252603801,1793
