# mesh name: boxMesh_1
# primitive scorer name: doseScorer
# iX, iY, iZ, total(value) [MeV], total(val^2), entry
0,0,0,4944978.281964308,5923192.999613775,10000000
0,0,1,5024205.858181112,6408023.401156195,9998752
0,0,2,5054807.931179153,6576691.459617298,9996275
0,0,3,5078279.481612541,6694654.618513422,9993203
0,0,4,5101868.382282664,6884839.257901169,9989550
0,0,5,5119115.836500829,6863034.482742188,9985471
0,0,6,5136429.110878224,6877104.187055719,9980862
0,0,7,5152594.214868657,6871599.983102907,9975939
0,0,8,5174302.838532303,7169595.10117978,9970688
0,0,9,5186013.269417142,7074740.74190649,9965035
0,0,10,5202339.40974413,7286958.165797184,9959152
0,0,11,5211610.451831872,7157167.181519886,9952838
0,0,12,5228173.368924527,7348253.833217431,9946266
0,0,13,5237294.282350257,7300107.418589594,9939394
0,0,14,5249724.859357584,7345155.850453005,9931982
0,0,15,5262792.692004248,7484273.38393405,9924468
0,0,16,5270674.353342039,7400043.939596979,9916827
0,0,17,5277524.164817652,7308946.591219173,9908934
0,0,18,5290275.492577251,7372352.786587441,9900756
0,0,19,5296373.836162759,7278650.427879252,9892454
0,0,20,5306007.433924491,7343576.494549444,9883875
0,0,21,5313826.972404948,7324075.374129612,9875144
0,0,22,5325522.512555592,7472659.039890148,9866221
0,0,23,5334116.063557391,7460766.189456954,9856832
0,0,24,5343322.700293562,7498597.231981054,9847455
0,0,25,5352110.21860599,7560145.568348722,9837724
0,0,26,5357977.51143549,7477428.773672476,9827940
0,0,27,5364688.698986756,7472685.089809345,9817838
0,0,28,5367366.670567904,7363069.307111245,9807506
0,0,29,5376256.610788743,7476514.804142618,9797235
0,0,30,5383385.602983016,7480200.437158402,9786685
0,0,31,5391149.215425078,7598579.248082628,9775710
0,0,32,5398598.6650487,7534696.216537613,9764738
0,0,33,5403598.486954859,7508749.128897045,9753338
0,0,34,5407390.290119998,7543502.088393155,9741833
0,0,35,5414719.396671484,7525966.553414558,9730404
0,0,36,5421935.198458344,7579437.806445232,9718823
0,0,37,5429042.166940591,7592608.184742347,9706802
0,0,38,5433952.24123567,7508102.620144664,9694961
0,0,39,5438933.469038485,7510532.465028529,9682558
0,0,40,5444960.56773212,7582380.346957293,9670397
0,0,41,5452666.291819677,7605691.76732371,9657812
0,0,42,5459014.662656568,7627757.554321882,9645357
0,0,43,5466835.818011228,7719644.882960418,9632594
0,0,44,5468557.514641352,7544301.848392345,9619897
0,0,45,5471551.3796877,7527674.547992836,9606815
0,0,46,5477572.529596796,7635152.868455457,9593609
0,0,47,5483838.661452664,7654704.474258789,9580334
0,0,48,5488994.275362749,7569249.966070395,9567120
0,0,49,5492551.281014983,7534347.87788046,9553271
0,0,50,5502688.864220055,7703481.86360183,9539891
0,0,51,5507573.3686765,7644369.794522174,9526249
0,0,52,5509845.829597716,7670290.47045232,9512249
0,0,53,5516210.626874415,7665390.856332846,9498480
0,0,54,5520403.15588367,7572145.185146811,9484477
0,0,55,5527102.793704178,7634341.626166912,9470648
0,0,56,5536026.809122287,7749446.204663491,9456538
0,0,57,5539605.283668378,7596919.979526737,9442430
0,0,58,5545852.81632034,7713703.725734496,9427835
0,0,59,5548768.463217277,7664346.153543617,9413384
0,0,60,5551777.851338273,7561681.171754556,9398772
0,0,61,5557107.302740391,7572987.456672726,9383969
0,0,62,5564305.309040386,7614689.296788264,9369319
0,0,63,5575113.867755655,7777865.204622395,9354702
0,0,64,5574851.715878407,7601856.363253241,9339647
0,0,65,5583085.875848515,7660891.339812556,9324574
0,0,66,5586884.101634747,7737531.197378648,9309632
0,0,67,5595855.50981851,7747007.082269479,9294304
0,0,68,5602246.865070623,7768494.042273965,9279104
0,0,69,5605897.720626445,7734179.249332394,9263540
0,0,70,5610255.484548984,7703872.751889979,9247945
0,0,71,5616072.711782851,7704010.8103153,9232526
0,0,72,5619799.54623598,7641712.05545473,9216703
0,0,73,5625236.097415514,7644214.466005544,9200843
0,0,74,5634194.065393587,7768571.960461589,9185114
0,0,75,5639225.991019249,7727340.819101142,9169131
0,0,76,5646023.833446905,7766062.803521531,9152973
0,0,77,5650769.441489919,7771570.51250538,9136850
0,0,78,5652967.433187737,7624810.040378373,9120742
0,0,79,5660903.028590446,7746914.59209914,9104571
0,0,80,5667934.873765833,7797786.954766552,9088348
0,0,81,5673350.719887392,7823465.126472532,9071969
0,0,82,5681423.59916913,7849167.476491388,9055521
0,0,83,5683882.555496528,7790965.72317227,9039095
0,0,84,5690145.878594419,7718425.074604672,9022430
0,0,85,5697080.536265895,7728153.024492962,9005701
0,0,86,5703165.543718452,7744307.248493224,8989094
0,0,87,5711343.865726718,7839849.778332138,8972114
0,0,88,5719302.161893217,7883897.023397344,8955395
0,0,89,5724789.12837466,7788711.788604748,8938470
0,0,90,5730611.290449917,7801178.608141538,8921500
0,0,91,5736324.360802375,7802695.376432791,8904579
0,0,92,5741565.383809658,7731760.717630064,8887661
0,0,93,5749508.197283951,7799415.91486031,8870540
0,0,94,5760483.398626807,7898550.324761959,8853496
0,0,95,5767832.928967323,7888847.312796785,8836214
0,0,96,5774537.142249371,7837930.087578347,8818706
0,0,97,5778585.545761317,7721669.12347958,8801323
0,0,98,5784644.833598816,7758770.876440517,8783488
0,0,99,5795103.423703501,7839897.77154383,8765986
0,0,100,5805439.074673571,7820071.055287963,8748570
0,0,101,5815023.040299076,7905758.260805756,8731114
0,0,102,5822618.39901452,7915211.653399372,8713190
0,0,103,5828795.725315667,7838376.895585805,8695405
0,0,104,5834623.867842498,7788493.887018191,8677432
0,0,105,5843165.210780261,7812859.353740813,8659432
0,0,106,5855348.413309768,8006650.322632497,8641483
0,0,107,5863520.034954555,7909932.102592075,8623312
0,0,108,5870944.241467092,7849489.679650833,8605506
0,0,109,5884864.465890982,7961236.190765676,8587113
0,0,110,5889244.669910653,7828538.040990561,8568665
0,0,111,5902010.208885169,7865716.692295535,8550228
0,0,112,5917737.137849024,8086026.498430758,8531935
0,0,113,5925565.00183612,7981636.58215344,8513651
0,0,114,5933548.990375709,7903988.055659331,8495052
0,0,115,5944239.065162485,7954342.56293093,8476529
0,0,116,5954475.116973399,7939123.572803365,8457650
0,0,117,5968223.815223636,7976962.92853854,8438902
0,0,118,5979983.174653,8041131.312607407,8420341
0,0,119,5991779.295535725,8023787.089494829,8401435
0,0,120,6008904.858850691,8131331.182587095,8382645
0,0,121,6022352.854708788,8135876.190021709,8363975
0,0,122,6030508.903687327,8072154.546242919,8344876
0,0,123,6043369.682854922,8052743.422837056,8325664
0,0,124,6057724.072025215,8091383.562495575,8306443
0,0,125,6069359.677923013,8043176.033469782,8286846
0,0,126,6087051.266442449,8204436.028344646,8267777
0,0,127,6095956.783900487,8071824.389179543,8248619
0,0,128,6115672.997900789,8282410.880143208,8229329
0,0,129,6126916.694737392,8206248.437463921,8209544
0,0,130,6142169.582327128,8210422.598340016,8190293
0,0,131,6161613.816617042,8351780.137675991,8170575
0,0,132,6174465.109614502,8340584.428448411,8150757
0,0,133,6187871.976174876,8293997.126754357,8130757
0,0,134,6205759.193003546,8391991.447332101,8110974
0,0,135,6221082.078724654,8389931.281401575,8091083
0,0,136,6236712.641895491,8342428.235763358,8070948
0,0,137,6253221.59607364,8327853.567828868,8051033
0,0,138,6270940.302071342,8406139.744473234,8030549
0,0,139,6289982.695713826,8479467.05472656,8010462
0,0,140,6307317.710782727,8476716.283509163,7990533
0,0,141,6326064.877339549,8494158.395479057,7970071
0,0,142,6345244.272434041,8491372.020362034,7949725
0,0,143,6368654.116143285,8643280.646282915,7929283
0,0,144,6389145.994520988,8680221.228179352,7908418
0,0,145,6406297.742705639,8682771.059418336,7887728
0,0,146,6429418.734362719,8756041.386638511,7866908
0,0,147,6446585.993503377,8648798.334979828,7845821
0,0,148,6468929.00710309,8754521.641097154,7824798
0,0,149,6493524.027803835,8820368.132846357,7803358
0,0,150,6517943.236656239,8841340.883517265,7782177
0,0,151,6538360.370481798,8810739.636668697,7760728
0,0,152,6562693.36739524,8927368.101231027,7739319
0,0,153,6586284.673697174,8928633.519547813,7717938
0,0,154,6611419.656835124,9009776.968289336,7696502
0,0,155,6636248.907207569,9138492.375007534,7674719
0,0,156,6652991.542305427,9075599.830171233,7652792
0,0,157,6671843.092228302,9164985.290973762,7630562
0,0,158,6692051.541993339,9194638.429430511,7608842
0,0,159,6715898.948172931,9232088.218079653,7586724
0,0,160,6745092.237810073,9260349.621381111,7564524
0,0,161,6784213.025411811,9340624.616977759,7542270
0,0,162,6828416.561154995,9425750.489977112,7519951
0,0,163,6876222.674968259,9525274.764208427,7497409
0,0,164,6923448.364335938,9629340.54492948,7474871
0,0,165,6971579.544449541,9716317.5961424,7451950
0,0,166,7014455.32452199,9734955.083970569,7429059
0,0,167,7063096.600546566,9905458.411625452,7405921
0,0,168,7110102.89055289,10065979.11106372,7382797
0,0,169,7150300.768253474,10121854.20898154,7359303
0,0,170,7188380.669156222,10202734.74968137,7335802
0,0,171,7225375.629871726,10259495.90218222,7312078
0,0,172,7262436.2322102,10349044.1049506,7288490
0,0,173,7299594.955712879,10426867.02190643,7264487
0,0,174,7338708.66590254,10523543.33811046,7240473
0,0,175,7381757.966621806,10665771.40141806,7215931
0,0,176,7426746.788430171,10755583.33922694,7191241
0,0,177,7477787.901343736,10857663.12907727,7166942
0,0,178,7533091.053380731,10959819.84032646,7141977
0,0,179,7601960.450147589,11227436.22232547,7117508
0,0,180,7675049.763262095,11404290.32144058,7092690
0,0,181,7753452.292309551,11589001.10000208,7067388
0,0,182,7838681.983842324,11749431.34751196,7041745
0,0,183,7930017.406646,11947836.10341734,7015843
0,0,184,8033407.849867367,12323685.43200017,6989754
0,0,185,8136726.262657987,12546268.10912854,6963599
0,0,186,8243670.873816947,12779641.46494926,6937033
0,0,187,8356452.674721666,13122962.39132925,6910314
0,0,188,8467434.447139973,13432290.55271939,6882797
0,0,189,8586108.971447837,13823205.00657596,6855289
0,0,190,8703384.914108399,14117872.82700613,6827773
0,0,191,8826112.614707079,14531245.92455044,6799373
0,0,192,8960830.636571201,14971731.63869513,6770778
0,0,193,9112680.985869052,15527362.71070709,6742000
0,0,194,9278675.043533895,16098264.21796629,6712599
0,0,195,9466537.64294121,16821687.47925518,6682625
0,0,196,9674770.423113715,17582566.42576455,6651807
0,0,197,9898829.999864567,18343325.01943524,6620141
0,0,198,10144995.28210676,19157230.0063325,6587586
0,0,199,10416719.18930388,20104925.44911486,6554654
0,0,200,10713352.03206967,21056715.59967037,6520970
0,0,201,11052381.11783054,22345622.29171793,6486404
0,0,202,11438694.61110425,23749628.99733621,6451097
0,0,203,11898899.69067696,25656871.28505845,6414488
0,0,204,12448174.70990458,28049335.92556432,6375741
0,0,205,13118591.78609239,31301913.94590793,6333092
0,0,206,13950662.96816728,35739781.37811404,6284732
0,0,207,14996991.59981729,42061699.99566976,6223275
0,0,208,16278192.2216724,50806897.22520745,6135233
0,0,209,17751435.61327446,62590226.54550293,5992063
0,0,210,19143762.10771146,76291356.59588753,5744019
0,0,211,19918987.09187343,88787601.82279748,5322537
0,0,212,19365257.23303188,94657100.95364261,4667064
0,0,213,17058308.54468942,89554776.30700603,3779924
0,0,214,13226688.66250078,73185431.51838648,2754820
0,0,215,8791114.595249269,50389443.94126554,1760635
0,0,216,4918996.255031295,28822558.45636949,967161
0,0,217,2280327.165710972,13516168.73772838,448986
0,0,218,861541.6259574888,5110972.757452084,175499
0,0,219,263888.0036979097,1557347.480603963,59074
0,0,220,68073.19030932768,398144.8134985714,20228
0,0,221,16580.64884261087,94635.16854621869,9529
0,0,222,6300.558029039119,35107.09238733566,7436
0,0,223,4746.938287268796,27133.87988492712,6747
0,0,224,4502.066764950601,26500.37810169554,6585
0,0,225,4397.948731973785,25109.12671850372,6267
0,0,226,4045.286781573343,24031.8985966267,6039
0,0,227,4043.741442840988,22289.19686309639,5870
0,0,228,4047.721781800999,21692.07939283792,5714
0,0,229,4195.206989622262,24269.76903277208,5637
0,0,230,4086.762551422044,21388.59519626947,5452
0,0,231,3832.369032304142,23787.72654797616,5250
0,0,232,3658.277619224627,20153.63748295907,5124
0,0,233,3522.756605341655,17791.85571339342,4899
0,0,234,3384.487013115428,15895.32969484191,4741
0,0,235,3542.899346191303,18142.62826535071,4614
0,0,236,3358.002417498782,18370.79835147433,4507
0,0,237,3296.533437791448,19285.96951704193,4353
0,0,238,3467.359474726239,22593.11979738437,4450
0,0,239,3395.844344759626,17986.34232647406,4206
0,0,240,3301.118782704422,19971.7689344222,4130
0,0,241,3109.2317649319,16384.49815289873,3966
0,0,242,3184.596864288169,18064.07938838139,3915
0,0,243,2882.774356690874,16103.25374784466,3798
0,0,244,2808.12783299246,14389.06605586956,3757
0,0,245,2766.92956270781,16096.44758645149,3694
0,0,246,2694.208726303647,14123.70053731317,3580
0,0,247,2516.940979034269,12584.79534925117,3476
0,0,248,2689.532212027136,15857.07483266681,3480
0,0,249,2793.920881176238,16635.393832346,3427
0,0,250,2760.688421303008,17139.62664434666,3367
0,0,251,2741.865815125244,15761.95380231815,3280
0,0,252,2661.3934346398,14881.19229084681,3238
0,0,253,2485.899894740021,13003.71497562397,3187
0,0,254,2431.183237295109,12416.04006355484,3062
0,0,255,2513.309739158023,12560.22189485581,3070
0,0,256,2563.866191905541,14026.92236506079,2974
0,0,257,2362.514793119523,13295.80513590937,2910
0,0,258,2528.175054685735,17017.87271862741,2816
0,0,259,2286.675364561639,16229.4039484521,2771
0,0,260,2089.225144601155,13023.62412889361,2694
0,0,261,2103.939941881903,12712.36941634767,2539
0,0,262,1884.315774462316,8316.325165767787,2581
0,0,263,2098.876895694931,10207.43881567721,2538
0,0,264,2053.744988634462,10039.51049471814,2519
0,0,265,1882.875877157591,9177.18970773599,2471
0,0,266,1913.877363923904,10095.00908967372,2383
0,0,267,1838.481195907159,9029.054779068181,2387
0,0,268,1947.002302503835,11871.15843843712,2299
0,0,269,1766.027265989776,8726.576561538224,2263
0,0,270,1923.668444292654,11382.18932767356,2271
0,0,271,1814.81497476158,10035.17648122322,2166
0,0,272,1840.78318759056,10597.36306852507,2200
0,0,273,1674.875214601799,10026.69389785359,2089
0,0,274,1847.34564463456,10652.37561669801,2119
0,0,275,1735.26876878167,8392.271936403486,2031
0,0,276,1690.741705930609,8718.826335615235,2094
0,0,277,1558.20519991177,8555.209915555417,1954
0,0,278,1679.479523567439,9977.163133089938,1992
0,0,279,1704.495755553446,11460.75404269766,1896
0,0,280,1627.305475125567,8483.469422599006,1862
0,0,281,1639.083538311715,10334.65116168041,1894
0,0,282,1607.389438333841,10226.42684960744,1851
0,0,283,1583.821962893328,10269.51513397162,1771
0,0,284,1638.565638230044,11043.14395354451,1763
0,0,285,1495.684863321181,7444.189426200503,1786
0,0,286,1360.147630666754,5912.70995415258,1687
0,0,287,1406.618086230559,7645.451193733732,1625
0,0,288,1474.355302741591,8305.692819058733,1635
0,0,289,1609.408695465402,14845.12341295102,1542
0,0,290,1323.486205321093,7988.836225212999,1543
0,0,291,1376.701120521094,7180.674067504125,1588
0,0,292,1259.382727373839,7022.274811916105,1493
0,0,293,1214.460510645946,5359.497040208027,1459
0,0,294,1270.133447476462,6457.384431760094,1464
0,0,295,1235.863433959775,6216.963098646841,1412
0,0,296,1330.326540646024,9867.457755222405,1400
0,0,297,1249.150637665082,6148.407417391093,1343
0,0,298,1291.444055443109,6401.962882107009,1414
0,0,299,1248.046221262065,7764.028731425911,1798
