# mesh name: boxMesh_1
# primitive scorer name: doseScorer
# iX, iY, iZ, total(value) [MeV], total(val^2), entry
0,0,0,4908475.862884559,5904908.021800241,10000000
0,0,1,4988528.463119751,6382952.969938543,9998757
0,0,2,5018278.4279492,6532624.389539431,9996308
0,0,3,5041189.21775184,6668740.804290605,9993250
0,0,4,5063536.258648515,6803125.321333345,9989670
0,0,5,5081734.514598636,6819977.087254891,9985600
0,0,6,5099361.143623833,6850395.171649041,9981130
0,0,7,5114878.602091411,6901304.190342791,9976219
0,0,8,5136843.719785656,7128398.778170845,9971042
0,0,9,5149036.173421154,7094462.910308431,9965381
0,0,10,5162954.993951837,7213610.791232392,9959509
0,0,11,5173565.315271499,7125987.94328888,9953283
0,0,12,5190062.566152847,7291931.299638571,9946792
0,0,13,5198632.098602992,7247113.939105822,9940082
0,0,14,5209067.182938666,7266085.071535613,9932685
0,0,15,5222739.302833442,7380202.577989977,9925243
0,0,16,5232165.376797345,7395360.258542789,9917642
0,0,17,5236419.192611227,7264226.20211375,9909680
0,0,18,5248490.010124068,7299430.951999612,9901764
0,0,19,5257109.996049477,7293907.311878445,9893436
0,0,20,5267517.681285058,7315333.755320953,9885033
0,0,21,5274928.12096498,7307132.469537873,9876445
0,0,22,5285474.569622796,7415939.839149117,9867633
0,0,23,5296072.608004546,7535517.186747009,9858453
0,0,24,5302124.684158547,7440663.852973801,9848846
0,0,25,5312023.692023236,7524741.057968045,9839293
0,0,26,5315402.648048815,7348190.424042067,9829461
0,0,27,5327028.76766307,7603101.285500729,9819459
0,0,28,5329342.896907292,7438512.389246445,9809235
0,0,29,5335714.093090819,7420244.770496294,9798834
0,0,30,5345050.862094129,7559031.174308058,9788393
0,0,31,5349520.090540228,7508559.888750163,9777461
0,0,32,5355492.22474438,7453145.966143189,9766579
0,0,33,5360316.639380188,7452804.943717767,9755591
0,0,34,5366041.254079179,7517449.107707301,9744186
0,0,35,5371737.328086157,7442062.185626868,9732873
0,0,36,5378549.777360883,7498052.330429791,9721297
0,0,37,5385860.664793195,7620463.327828816,9709407
0,0,38,5385977.035614125,7411996.803310802,9697451
0,0,39,5396613.798475739,7572232.16237921,9685454
0,0,40,5400674.058199498,7517589.893291942,9673155
0,0,41,5407640.548556196,7616463.430958053,9660831
0,0,42,5413666.755333532,7594872.995720891,9648419
0,0,43,5419186.757446927,7566648.266831181,9635795
0,0,44,5423950.639588268,7564121.998713121,9622805
0,0,45,5424863.261305543,7408283.547238622,9609959
0,0,46,5433685.038764731,7611341.884662286,9596905
0,0,47,5437160.955631023,7515209.760611491,9583677
0,0,48,5442751.803563272,7571709.286502947,9570521
0,0,49,5448126.543718614,7537972.780457581,9556897
0,0,50,5455482.530501852,7672320.105737796,9543627
0,0,51,5461453.158459014,7625552.265031867,9530120
0,0,52,5461809.375030186,7567898.876274842,9516289
0,0,53,5467198.231527386,7561581.021298311,9502578
0,0,54,5474767.832771983,7641261.190362822,9488660
0,0,55,5480036.365679048,7599198.221198723,9474818
0,0,56,5486616.701011416,7701930.983014289,9460739
0,0,57,5491350.711579734,7634031.179752505,9446564
0,0,58,5493652.340066738,7638864.371692985,9432023
0,0,59,5495730.132924555,7562851.40664954,9417791
0,0,60,5502737.997981599,7640102.25616054,9403271
0,0,61,5509100.301514002,7689991.727788392,9388965
0,0,62,5513699.071581099,7647435.44572347,9374033
0,0,63,5518193.171703879,7624036.156587055,9359288
0,0,64,5523530.789857006,7600767.145157741,9344481
0,0,65,5531539.120700825,7704061.295197839,9329499
0,0,66,5531588.911108851,7598877.360644646,9314508
0,0,67,5539790.126924075,7704620.538085112,9299377
0,0,68,5546138.77547003,7649037.775774336,9284482
0,0,69,5552117.801304453,7665619.017931905,9269129
0,0,70,5556847.84429625,7763270.840756858,9253766
0,0,71,5560123.917489626,7683417.767815702,9238528
0,0,72,5562891.28306101,7604229.625267303,9222737
0,0,73,5570299.464616317,7647647.73571267,9207251
0,0,74,5577313.185729965,7726258.908874243,9191494
0,0,75,5581961.867415524,7729380.38678081,9175666
0,0,76,5584715.692498485,7630009.697629066,9159759
0,0,77,5590638.801513633,7669962.213381323,9144003
0,0,78,5595706.518150265,7642928.440405955,9128083
0,0,79,5600358.792659773,7636066.106920548,9111745
0,0,80,5606106.087710148,7653906.885803105,9095603
0,0,81,5613233.522211429,7700467.409381895,9079423
0,0,82,5618928.761556234,7697190.10966649,9063249
0,0,83,5621657.1128698,7655940.277989971,9046863
0,0,84,5629301.180681739,7704702.12087573,9030565
0,0,85,5637531.128297084,7761174.095442511,9013889
0,0,86,5643259.555319456,7849438.75691162,8997354
0,0,87,5649719.39267013,7820676.81572837,8980636
0,0,88,5651763.189813707,7708275.912714879,8963862
0,0,89,5661085.27511045,7831298.889779323,8947366
0,0,90,5663979.267507665,7642434.393052067,8930436
0,0,91,5671721.385658015,7734207.913010065,8913552
0,0,92,5676153.462226572,7669173.251765555,8896867
0,0,93,5682775.356450364,7682341.641065053,8879760
0,0,94,5691807.012084964,7808463.692605305,8862592
0,0,95,5699677.497716769,7758163.416611181,8845772
0,0,96,5707869.658748157,7773383.52459728,8828676
0,0,97,5713273.637723802,7748751.598714729,8811320
0,0,98,5717299.62292224,7675052.976384085,8794061
0,0,99,5726157.207031297,7698408.872575877,8776755
0,0,100,5734007.316806694,7780106.076297082,8759313
0,0,101,5741773.683246446,7800903.62245171,8741720
0,0,102,5752058.349767933,7888002.40771918,8724186
0,0,103,5757184.991039493,7834442.50926268,8706558
0,0,104,5763341.999285322,7768542.001643244,8688718
0,0,105,5773414.611443908,7879632.046463341,8671037
0,0,106,5780981.96492895,7820796.418447671,8653475
0,0,107,5785717.905975826,7766784.445614706,8635515
0,0,108,5794930.401083525,7857535.742927963,8617480
0,0,109,5805756.541320075,7924079.068565661,8599569
0,0,110,5813443.973123658,7836902.500873138,8581736
0,0,111,5821448.238298331,7939481.069584616,8563475
0,0,112,5830842.558767379,7918250.430001301,8545041
0,0,113,5840488.05338357,7877042.309983862,8526919
0,0,114,5850482.603518678,7941277.409971176,8508725
0,0,115,5857277.582871442,7842478.185080042,8490361
0,0,116,5867618.812150198,7845909.181010042,8471734
0,0,117,5879943.214320572,7923714.241883851,8453353
0,0,118,5892333.601581201,7974812.694973772,8434649
0,0,119,5904155.986459533,8010157.37742262,8415998
0,0,120,5916668.046320829,8089654.333173138,8397515
0,0,121,5925376.091253515,8005144.68478597,8378668
0,0,122,5935401.196098438,7987399.196900245,8359642
0,0,123,5944735.691560352,7904890.906973203,8340689
0,0,124,5961936.150541464,8071716.771596418,8322069
0,0,125,5973319.73484214,8035966.664351778,8303149
0,0,126,5988460.235489349,8122710.296367682,8283992
0,0,127,5996284.107904947,8041902.404109681,8265009
0,0,128,6010353.159089688,8036269.733046699,8245753
0,0,129,6024054.681381445,8081307.926349206,8226652
0,0,130,6035891.928494609,8068427.014593868,8207412
0,0,131,6052844.775825675,8166022.972736495,8188076
0,0,132,6065374.256202214,8199857.309527355,8168844
0,0,133,6077633.732995033,8149305.235433351,8149328
0,0,134,6092517.378018295,8153482.576637909,8129927
0,0,135,6110689.423736526,8269085.557013107,8110379
0,0,136,6122157.255963709,8237201.567885955,8090625
0,0,137,6136404.787319979,8178389.95919416,8070629
0,0,138,6150566.429201575,8122443.607808921,8050876
0,0,139,6169345.503376146,8277740.082373531,8030896
0,0,140,6185495.298105354,8267699.476805255,8011048
0,0,141,6204657.320697403,8384611.697224574,7990947
0,0,142,6218922.737445595,8322851.772050632,7970925
0,0,143,6239047.644914744,8398551.545414066,7950805
0,0,144,6258620.22568232,8417866.212344097,7930660
0,0,145,6276304.501024244,8467965.706278227,7910274
0,0,146,6293078.043983272,8481309.668645388,7889578
0,0,147,6311484.498113359,8496796.44405653,7869382
0,0,148,6332486.455098708,8595235.063748121,7848634
0,0,149,6351436.318547817,8598211.416957989,7827883
0,0,150,6371589.180832027,8623570.755382046,7807045
0,0,151,6391554.670283194,8561676.796723813,7786177
0,0,152,6414852.041719483,8698092.476107802,7765110
0,0,153,6436084.034376924,8720014.677927505,7743996
0,0,154,6457959.307230758,8728229.197688304,7723017
0,0,155,6486516.046527083,8939772.426757226,7701772
0,0,156,6505688.200468971,8773418.830595843,7680311
0,0,157,6530703.014495345,8875039.543417599,7658897
0,0,158,6556026.816947802,8981823.284883969,7637519
0,0,159,6578132.887998476,9039189.818855222,7615928
0,0,160,6595715.754854875,8984001.578052972,7594095
0,0,161,6613713.838187631,9008070.181425752,7572257
0,0,162,6639139.533964812,9216740.049973171,7550562
0,0,163,6656771.533437775,9081299.915793408,7528603
0,0,164,6687672.945851503,9188547.225457234,7506648
0,0,165,6725347.584991803,9250230.073130935,7484541
0,0,166,6766311.007842276,9322399.648436077,7462033
0,0,167,6811778.025890247,9412364.092558935,7439784
0,0,168,6860208.279699676,9523725.753896344,7417155
0,0,169,6906142.703369303,9617633.936105367,7394358
0,0,170,6953449.738278868,9716154.393969888,7371504
0,0,171,6997379.100202695,9749639.295603914,7348522
0,0,172,7039888.791424274,9863883.052605489,7325064
0,0,173,7085366.459283915,10044366.74186303,7301792
0,0,174,7120323.659785848,9994832.830955286,7278355
0,0,175,7155542.826677784,10065078.15160738,7254873
0,0,176,7195461.129172619,10213146.5663951,7231213
0,0,177,7234404.778337257,10341622.84697781,7207592
0,0,178,7273877.021153301,10475272.33284969,7183532
0,0,179,7310667.059970863,10462051.13485875,7159470
0,0,180,7358947.205811866,10658319.7470082,7135171
0,0,181,7410568.029554176,10769830.63254167,7110833
0,0,182,7465144.206998367,10921955.42131825,7086181
0,0,183,7526242.846623508,11010559.66390105,7061139
0,0,184,7598709.908196537,11259826.09237643,7036159
0,0,185,7675782.071208281,11427082.77299629,7011067
0,0,186,7758857.018992966,11637197.4386396,6985586
0,0,187,7849956.19250263,11860087.76571305,6959825
0,0,188,7948612.251490535,12159311.66789473,6934081
0,0,189,8050326.778565196,12409513.44762556,6907615
0,0,190,8154167.910841711,12640186.27852956,6881118
0,0,191,8268461.352877216,13018882.62204996,6854873
0,0,192,8378540.415051647,13275662.44411365,6827958
0,0,193,8494029.351433627,13626274.59528194,6800579
0,0,194,8610288.782410845,13941105.67495859,6773156
0,0,195,8733417.365552347,14349538.30593438,6745056
0,0,196,8864623.513113968,14789019.45746936,6716753
0,0,197,9012612.863236701,15334548.2322837,6687831
0,0,198,9175806.971950531,15945001.37227843,6658634
0,0,199,9355639.577918375,16555303.46756688,6628949
0,0,200,9558055.767296899,17315026.06912756,6598597
0,0,201,9780969.643959995,18114375.88228048,6566959
0,0,202,10022195.03331057,18943063.33790652,6535282
0,0,203,10286194.42809924,19835439.20234664,6502696
0,0,204,10577165.50076473,20792911.35011036,6469405
0,0,205,10902622.82422877,21924800.44639243,6435133
0,0,206,11280666.69346507,23357103.66165971,6399938
0,0,207,11721217.25079757,25098163.58570537,6363490
0,0,208,12255697.90266204,27445496.85614922,6325531
0,0,209,12902305.58401909,30524406.94088075,6283792
0,0,210,13701313.97207626,34779569.55087236,6236004
0,0,211,14705395.5434151,40779637.67353813,6176435
0,0,212,15929336.78668527,48993061.1483124,6092083
0,0,213,17350650.68421686,60196802.49497337,5957219
0,0,214,18724528.57539605,73391643.04333538,5725566
0,0,215,19560619.56093341,85671049.69751774,5333187
0,0,216,19222132.20450507,92431150.12936361,4723821
0,0,217,17247901.4350694,89324545.59876554,3886797
0,0,218,13724134.59676306,75085650.58579689,2897817
0,0,219,9449713.920246912,53693983.41904973,1910967
0,0,220,5534500.637915768,32245760.43532147,1092643
0,0,221,2708869.421824269,16005043.17610087,532887
0,0,222,1093081.140596023,6493099.118682859,219581
0,0,223,359781.8741819501,2132455.913640833,77615
0,0,224,97136.17400161702,564697.5232120028,26189
0,0,225,24372.06808027458,142274.4278261433,11113
0,0,226,7843.249046384712,42019.09704081962,7579
0,0,227,5173.075125959436,30236.55783317233,6763
0,0,228,4611.625142688363,25740.19794802873,6430
0,0,229,4176.860266941855,22121.98394296632,6334
0,0,230,4266.848147088475,22689.4483227217,6169
0,0,231,4171.462866889921,23143.1969587873,5919
0,0,232,4086.258606285048,20478.54965515163,5820
0,0,233,3874.19291896539,20675.3915266958,5517
0,0,234,3858.756433023823,20723.07461756509,5383
0,0,235,3901.71592387754,20245.04253797397,5423
0,0,236,3828.79242641139,20141.08592779722,5179
0,0,237,3832.956365710178,21990.03572516007,5002
0,0,238,3477.068124016791,18118.46284848754,4794
0,0,239,3538.325524239102,17836.33508573442,4778
0,0,240,3487.139109905261,20369.5667072814,4652
0,0,241,3358.358489297048,16597.64250778986,4600
0,0,242,3304.333414108377,20188.47576330428,4428
0,0,243,3270.154312512011,16870.47493612318,4296
0,0,244,3108.313394944516,16118.1691631395,4170
0,0,245,2906.535409880626,14587.04643706938,4087
0,0,246,2913.450877845728,17911.83097387373,3914
0,0,247,2821.754857453483,14466.23068578839,3901
0,0,248,2725.926022757275,14786.25408468108,3769
0,0,249,2987.589548163297,18609.33508238165,3705
0,0,250,2714.692302337704,15791.22379199585,3533
0,0,251,2714.558935807306,16416.88306182674,3548
0,0,252,2740.676128717823,17267.52141820885,3463
0,0,253,2616.913224773815,14364.89349215014,3424
0,0,254,2557.933448768335,15099.64050713057,3276
0,0,255,2565.666100767083,12526.33695267898,3231
0,0,256,2485.996831939699,13696.42151723967,3194
0,0,257,2471.975671884277,12612.24738520896,3079
0,0,258,2392.367397752095,12645.75856619746,3129
0,0,259,2488.683332142838,14067.10280381477,3048
0,0,260,2431.338653178901,16088.33423665509,2942
0,0,261,2046.536787760053,9595.306885909369,2826
0,0,262,2378.244202727935,14044.09446690606,2933
0,0,263,2298.117379964099,13705.23144125696,2776
0,0,264,2315.536452668785,12226.233539397,2777
0,0,265,2282.841944709181,13104.17097006815,2682
0,0,266,2144.435016508708,12110.63225537535,2559
0,0,267,2119.58873768885,10817.77981106714,2503
0,0,268,1916.077913677477,10375.27247487129,2470
0,0,269,2265.499462035942,14568.18910464082,2490
0,0,270,2032.921503475221,11876.18204619495,2360
0,0,271,1909.076025224756,10853.03165885663,2283
0,0,272,1907.616348365197,10513.05120756389,2265
0,0,273,1734.77777713814,8978.751401752441,2198
0,0,274,1734.265272511012,7499.233028711469,2170
0,0,275,1766.87799899712,8924.134327082844,2195
0,0,276,1790.806277716501,10130.0151037243,2174
0,0,277,1738.679997062374,9072.570998269661,2137
0,0,278,1941.668584816236,13075.01772271073,2119
0,0,279,1827.27587694754,10117.32563366324,2052
0,0,280,1794.20946287005,9620.324409879871,2084
0,0,281,1844.670500123858,10820.51705675102,1974
0,0,282,1822.354697341503,12791.55503372745,2016
0,0,283,1570.362647452927,7353.070609728632,1940
0,0,284,1594.083652746436,9019.632486545206,1925
0,0,285,1554.302168894054,8779.180350576866,1813
0,0,286,1561.702260368988,8950.914302812107,1824
0,0,287,1508.458691110405,7803.623125692106,1765
0,0,288,1468.434942620505,7472.65487240224,1765
0,0,289,1407.553914209527,7107.671992362266,1732
0,0,290,1376.717394068363,6607.091162784231,1671
0,0,291,1370.37339819954,6987.359487295032,1690
0,0,292,1330.2849564631,8458.773526369552,1667
0,0,293,1312.272950838877,8408.963223156834,1629
0,0,294,1271.070056466356,6117.49607790853,1599
0,0,295,1211.970971952067,6293.635016650571,1540
0,0,296,1196.592994325284,6483.594719988472,1524
0,0,297,1292.383309143197,8197.095675031622,1567
0,0,298,1344.578736440247,7507.016596282307,1529
0,0,299,1381.943286995963,7542.017539813367,2041
