# mesh name: boxMesh_1
# primitive scorer name: doseScorer
# iX, iY, iZ, total(value) [MeV], total(val^2), entry
0,0,0,4873206.707286324,5928758.510355396,10000000
0,0,1,4952983.771787059,6364169.868326796,9998768
0,0,2,4983066.638099235,6565705.33119365,9996346
0,0,3,5004914.334132996,6582851.739409301,9993345
0,0,4,5028521.683904406,6807531.063369918,9989760
0,0,5,5045758.218156361,6808115.772847631,9985767
0,0,6,5062958.72200146,6833650.684847746,9981321
0,0,7,5077742.091281451,6826985.883328295,9976460
0,0,8,5099169.327001121,7090833.903961507,9971293
0,0,9,5113068.775919787,7113014.099599867,9965714
0,0,10,5125323.028531273,7121074.525909989,9959824
0,0,11,5135409.339404463,7077562.487700136,9953723
0,0,12,5150052.473057579,7195544.707276609,9947184
0,0,13,5161466.371164269,7235096.161340025,9940545
0,0,14,5173443.269355139,7296831.475897592,9933266
0,0,15,5183425.473063557,7345605.68357344,9925845
0,0,16,5192538.058715363,7304190.889313143,9918312
0,0,17,5200664.842862934,7363998.427390996,9910535
0,0,18,5212150.701165725,7347030.468500745,9902466
0,0,19,5216248.103011045,7253162.902539799,9894212
0,0,20,5226232.56037615,7303045.539049851,9885953
0,0,21,5232576.469448426,7218067.186372098,9877397
0,0,22,5243970.834958225,7363823.757223615,9868581
0,0,23,5256606.556215559,7566694.267228572,9859349
0,0,24,5262201.166151606,7381087.606501287,9850111
0,0,25,5272589.039514909,7550991.251646711,9840590
0,0,26,5274875.504743222,7423039.161760405,9830742
0,0,27,5283316.950300059,7484905.755857115,9820782
0,0,28,5284410.876690756,7295937.382500581,9810695
0,0,29,5292492.162088186,7363212.071157915,9800549
0,0,30,5301996.529055269,7494779.178570505,9790174
0,0,31,5305980.564630309,7420872.941251989,9779341
0,0,32,5314287.852696957,7432707.731227472,9768462
0,0,33,5319308.358779136,7460412.668615352,9757684
0,0,34,5323560.516730518,7444070.542566657,9746446
0,0,35,5330456.129096816,7429272.490127928,9735203
0,0,36,5337998.420589728,7529971.473993733,9723748
0,0,37,5342859.173811528,7542777.877788384,9711994
0,0,38,5344443.479993609,7397940.499346156,9700132
0,0,39,5354198.465913788,7592923.663404422,9688303
0,0,40,5356870.950875232,7473158.090877485,9676168
0,0,41,5362894.631430455,7480367.232079415,9663951
0,0,42,5368809.987788591,7492370.553262621,9651806
0,0,43,5375181.130906692,7548961.296792803,9639225
0,0,44,5379377.60427836,7486561.601655809,9626554
0,0,45,5381200.15068721,7406824.637930212,9613686
0,0,46,5387450.585546052,7472934.083654581,9600647
0,0,47,5392849.354846506,7520179.90764387,9587454
0,0,48,5395470.096641259,7453092.857693259,9574244
0,0,49,5402106.329003582,7500999.297014074,9561070
0,0,50,5408785.157255356,7561421.733486567,9547528
0,0,51,5412744.67933327,7483125.994632306,9534139
0,0,52,5415872.304653937,7477824.639859876,9520576
0,0,53,5417317.738800908,7492775.207492088,9506763
0,0,54,5427082.147776554,7611209.702627376,9493126
0,0,55,5431967.993451308,7559527.714097876,9479335
0,0,56,5436702.375338363,7560961.852247436,9465293
0,0,57,5443514.855769439,7609849.006572021,9451297
0,0,58,5443817.722390213,7523018.459724224,9436989
0,0,59,5448478.177918289,7553118.339471111,9422682
0,0,60,5454115.717454282,7647424.663349758,9408164
0,0,61,5455179.727757978,7492254.94830049,9393832
0,0,62,5461550.176587995,7515759.725472108,9379363
0,0,63,5467671.840182185,7515615.406456932,9364922
0,0,64,5468647.287852752,7472687.098557826,9350051
0,0,65,5478864.833314773,7593338.405037122,9335221
0,0,66,5481844.199237606,7637728.382064773,9320455
0,0,67,5488794.951545326,7721108.321474476,9305517
0,0,68,5493820.631132714,7630608.712700622,9290403
0,0,69,5496960.320247494,7616509.467367001,9275179
0,0,70,5501949.195274648,7672958.065831862,9260156
0,0,71,5505730.865432515,7563511.094789946,9244700
0,0,72,5511312.225952538,7628927.363850494,9229362
0,0,73,5513693.573641793,7535344.073367779,9214083
0,0,74,5523064.435052269,7606506.616495521,9198333
0,0,75,5528356.321102818,7646328.683432024,9182651
0,0,76,5532381.415186823,7680265.717304855,9166840
0,0,77,5534246.337142865,7582193.61298975,9151177
0,0,78,5537800.31759627,7569640.21912173,9135316
0,0,79,5545307.805809264,7608474.93801755,9119482
0,0,80,5550446.878444387,7657696.370994486,9103490
0,0,81,5555103.386711427,7594334.056147186,9087452
0,0,82,5563373.903622208,7782054.506726764,9071263
0,0,83,5565178.026473851,7570428.672703661,9055023
0,0,84,5569761.104934381,7579862.958041552,9038604
0,0,85,5575405.404706066,7558555.978714153,9022096
0,0,86,5585013.797456584,7740197.008242965,9005633
0,0,87,5588534.791389603,7669628.580427355,8989066
0,0,88,5592598.904587453,7660781.350060461,8972846
0,0,89,5598785.232089548,7731416.809943779,8955928
0,0,90,5601131.503018356,7610039.383596722,8939004
0,0,91,5610534.195720971,7692284.090010103,8922292
0,0,92,5614617.754998973,7606319.317851588,8905719
0,0,93,5620406.647201185,7654557.628936416,8888975
0,0,94,5625918.769295205,7582319.929027859,8872329
0,0,95,5638228.41021329,7869382.394080492,8855402
0,0,96,5641437.21810196,7734773.467515614,8838204
0,0,97,5645216.733543467,7692938.083846109,8821022
0,0,98,5648715.682291305,7567294.204251077,8804027
0,0,99,5656273.592861504,7602808.267296754,8786973
0,0,100,5664096.058317948,7717539.231318906,8769757
0,0,101,5672231.07332343,7688607.239891151,8752804
0,0,102,5678940.528023755,7656234.108339355,8735356
0,0,103,5685884.344878366,7711955.098933276,8717912
0,0,104,5692221.768187023,7737139.268847342,8700422
0,0,105,5697914.611484503,7672253.172937587,8682869
0,0,106,5707470.152814273,7776968.948905646,8665194
0,0,107,5713072.244116967,7728033.956230769,8647565
0,0,108,5718483.802872859,7679019.929931258,8629765
0,0,109,5729424.933999983,7750465.820960118,8611689
0,0,110,5734008.955744926,7719095.836601241,8593891
0,0,111,5741020.991273707,7637102.3520114,8576075
0,0,112,5751071.898908162,7751103.673540444,8558000
0,0,113,5760068.49436918,7826749.395995577,8540036
0,0,114,5769206.287880885,7874365.641389757,8521606
0,0,115,5771957.455375927,7678872.01364244,8503405
0,0,116,5782539.788039633,7715975.083015718,8485309
0,0,117,5792691.144571343,7800129.176530264,8467039
0,0,118,5803356.076275635,7813024.593567917,8448931
0,0,119,5812115.032198006,7791830.793791145,8430477
0,0,120,5825402.49669766,7893539.670729364,8411798
0,0,121,5836282.663572528,7877872.189606326,8393481
0,0,122,5844782.840467427,7851855.771247882,8374930
0,0,123,5854649.429908756,7845351.572400789,8356439
0,0,124,5870379.328151891,7977050.902122557,8337665
0,0,125,5880589.969488221,7969561.330164501,8319153
0,0,126,5892335.233847097,7979678.452018538,8300173
0,0,127,5899158.540588113,7890081.261313147,8281397
0,0,128,5913020.177011691,7968979.961978535,8262525
0,0,129,5924134.356038791,7944553.894511405,8243620
0,0,130,5936876.4256497,7952931.470043796,8224824
0,0,131,5950401.78617841,7979803.948667552,8205721
0,0,132,5963341.578562526,8051802.675254856,8186541
0,0,133,5975777.92797786,7969161.952422252,8167306
0,0,134,5988046.175157765,7998260.566134286,8148088
0,0,135,6003035.002453756,8103290.657745508,8128866
0,0,136,6016097.373601513,8082245.338693757,8109422
0,0,137,6031568.814615992,8141646.340057103,8089700
0,0,138,6043846.774110128,8095656.576808051,8070364
0,0,139,6057595.733376963,8096983.303303431,8050883
0,0,140,6075718.21206177,8222542.590234747,8031120
0,0,141,6088945.077536885,8151480.019504387,8011295
0,0,142,6104292.162927036,8185406.107332997,7991556
0,0,143,6121770.869064023,8284282.981219133,7971459
0,0,144,6137478.664114129,8242738.892700574,7951724
0,0,145,6152938.141808687,8258904.115913548,7931646
0,0,146,6172029.553012557,8329069.591490287,7911584
0,0,147,6188668.946681674,8382712.835588657,7891097
0,0,148,6204986.139158919,8344971.453075053,7870702
0,0,149,6221238.698099636,8391714.343244696,7850198
0,0,150,6241643.119720599,8468697.775645077,7830107
0,0,151,6257468.113051499,8467059.397976069,7809534
0,0,152,6276930.118877157,8484970.09328492,7788961
0,0,153,6298150.091399195,8559457.486619782,7768379
0,0,154,6316366.19413098,8523900.125432495,7747864
0,0,155,6339789.449592797,8615795.084884144,7726913
0,0,156,6363379.054138502,8747500.0049787,7706145
0,0,157,6383702.255720282,8717159.339376431,7685139
0,0,158,6404600.063809128,8694428.88870387,7664118
0,0,159,6426158.458890602,8702418.622341204,7642789
0,0,160,6451068.201563981,8753296.517321287,7622070
0,0,161,6474222.342043152,8816145.819570906,7600501
0,0,162,6498200.435566619,8834813.041029628,7578971
0,0,163,6519778.888958683,8878966.373307297,7557599
0,0,164,6538765.56027027,8893512.851668047,7535674
0,0,165,6559527.77190019,8999763.402086161,7513863
0,0,166,6577821.21095308,9011297.243391711,7492205
0,0,167,6597877.300301655,9017361.188574988,7470386
0,0,168,6626604.684255208,9084193.936532468,7448293
0,0,169,6661011.148313986,9168505.431407357,7426045
0,0,170,6700448.602294832,9187384.511389999,7403729
0,0,171,6745398.135780552,9292207.028069017,7381744
0,0,172,6791100.925286058,9384145.401302697,7359189
0,0,173,6837301.436423163,9516239.217858223,7336296
0,0,174,6885361.787506195,9605806.953489169,7313765
0,0,175,6928462.643965485,9674812.787585152,7291098
0,0,176,6972610.587104077,9763565.496357173,7268149
0,0,177,7016315.977631521,9901871.616887365,7245079
0,0,178,7055277.374740962,9959786.592980832,7221927
0,0,179,7091284.302646529,9993988.559783788,7198607
0,0,180,7130646.62458897,10157815.42587532,7175164
0,0,181,7170244.699587448,10299524.12662677,7151473
0,0,182,7208107.293555005,10380467.99533595,7127889
0,0,183,7245628.669998376,10423370.27771575,7104143
0,0,184,7288518.885132091,10528958.07973241,7080002
0,0,185,7336776.791521491,10618059.28361634,7055561
0,0,186,7394395.146843625,10821988.95212627,7031445
0,0,187,7454038.245301377,10954858.15457123,7006671
0,0,188,7521008.375514405,11122121.80171853,6981632
0,0,189,7597845.160193405,11322338.58826191,6956871
0,0,190,7679584.63072098,11496184.14072644,6931790
0,0,191,7770028.9192807,11805148.23597616,6905978
0,0,192,7865273.070937423,12004093.80859845,6880249
0,0,193,7965226.804467741,12258093.93762119,6854410
0,0,194,8068179.690061614,12547439.80292921,6827809
0,0,195,8176856.373409163,12811603.45937278,6801482
0,0,196,8287635.111851034,13125837.75060635,6774564
0,0,197,8396957.207714118,13381309.71433758,6747334
0,0,198,8518259.779457543,13859361.41466647,6720088
0,0,199,8635788.037851907,14147777.19080732,6692261
0,0,200,8760415.450056389,14482486.24766491,6663950
0,0,201,8904882.809721258,15046884.02866747,6635304
0,0,202,9066612.958060496,15699163.81346343,6606463
0,0,203,9242417.580166835,16340727.28446515,6576719
0,0,204,9439635.900809709,17063179.84742041,6546630
0,0,205,9656582.961343508,17832925.14240779,6515826
0,0,206,9891517.559035901,18640353.80996723,6484253
0,0,207,10146388.92710451,19445900.38680158,6451921
0,0,208,10430389.71973256,20403274.56256383,6419008
0,0,209,10748872.02259926,21545513.70816229,6385079
0,0,210,11114483.30641782,22895197.08963241,6350376
0,0,211,11541206.38389293,24578266.21865324,6314538
0,0,212,12051951.92554648,26788087.39609034,6276777
0,0,213,12676018.75790913,29767148.95384846,6236105
0,0,214,13439028.09821095,33751885.68155742,6189088
0,0,215,14394321.43331864,39382664.48755891,6132230
0,0,216,15565660.69219266,47168050.99890407,6051728
0,0,217,16925385.36820573,57619118.05864407,5926421
0,0,218,18279500.66214696,70178668.50733112,5713128
0,0,219,19196348.12597752,82421195.49013931,5354135
0,0,220,19072764.39593472,90078170.68734699,4790883
0,0,221,17430234.44362248,88858141.46717387,4006477
0,0,222,14262539.30830805,77050683.67675656,3059525
0,0,223,10192389.34233374,57352424.65882932,2084907
0,0,224,6246602.767978801,36157059.5480454,1241544
0,0,225,3236091.601956438,19052785.45980329,636894
0,0,226,1393260.307648373,8259269.658843147,277964
0,0,227,493857.0507355871,2922500.248316963,103769
0,0,228,145189.6132538074,856230.925226246,35646
0,0,229,36709.6599954992,209379.3947247193,13850
0,0,230,10756.22331195751,60234.83082122276,8294
0,0,231,5780.340620864729,32696.86777052467,7143
0,0,232,4638.069202364262,26148.46741613567,6597
0,0,233,4139.704537244585,20219.5405346555,6442
0,0,234,4261.688049972581,24410.8845477634,6079
0,0,235,4076.492664118726,23710.08226028913,5946
0,0,236,3795.6578501118,19595.64662452551,5774
0,0,237,3672.083725731964,18959.34531675797,5541
0,0,238,3751.979132342539,19591.82006010621,5376
0,0,239,3603.389661554189,17942.87832872516,5340
0,0,240,3796.440113356685,20049.83129335263,5152
0,0,241,3788.195000915756,22461.31463850126,5081
0,0,242,3604.513959799762,18401.78668910522,4849
0,0,243,3676.012924862335,21376.25745680977,4791
0,0,244,3396.463989111916,19672.54202742688,4636
0,0,245,3452.650517908075,18791.89541424396,4423
0,0,246,3375.79244863327,19214.51760907705,4369
0,0,247,3177.927589933663,15846.54743882918,4311
0,0,248,3352.072835290641,19196.14842375637,4169
0,0,249,3349.875056459061,18184.30887824078,4124
0,0,250,2896.228585350418,15620.07950517386,3872
0,0,251,3123.998790352236,22153.03498255429,3892
0,0,252,2838.881631785063,16346.73042442251,3625
0,0,253,2795.946115922659,14184.39908471499,3619
0,0,254,2662.501866145843,14270.67881339648,3574
0,0,255,2668.168605053829,13008.58903792674,3455
0,0,256,2562.745336183163,11738.3020009446,3451
0,0,257,2699.444328764031,15092.62652895587,3210
0,0,258,2484.897167430349,12869.29818469136,3252
0,0,259,2706.003440481489,17997.02769050833,3222
0,0,260,2760.891552245685,18862.94255291934,3099
0,0,261,2617.144468851311,15665.51001576777,3082
0,0,262,2430.643944456071,13108.70404096582,2980
0,0,263,2459.165529138855,15723.55913721348,2920
0,0,264,2406.430453956934,14501.0395288425,2952
0,0,265,2211.149600917535,11837.00830927747,2798
0,0,266,2134.785520472877,11364.74496546682,2812
0,0,267,2168.104330930729,12375.15322387133,2775
0,0,268,2113.837057470559,10439.33789235048,2621
0,0,269,2239.558948496267,13534.36123464884,2653
0,0,270,2082.636009108742,11421.52465143582,2530
0,0,271,1986.847145064853,10934.21224559875,2471
0,0,272,1945.119187612636,10363.93534618541,2450
0,0,273,1974.372593993089,11243.62343953015,2397
0,0,274,1906.662422723317,11130.52824353927,2320
0,0,275,1865.622198188474,12118.6005537878,2247
0,0,276,1757.962156457943,8743.017037950311,2209
0,0,277,2013.182107620928,13695.25052702106,2193
0,0,278,1814.006741226736,9679.678380324975,2182
0,0,279,1795.990079728368,10621.13915090356,2182
0,0,280,1747.136189071979,9912.141625349661,2096
0,0,281,1675.044642134347,8616.411436045433,2046
0,0,282,1608.952759116145,7348.898868897909,1998
0,0,283,1648.218943102392,7926.72236450194,2001
0,0,284,1672.655863611495,9566.046593464331,1955
0,0,285,1649.462660464284,9842.339155895668,1919
0,0,286,1677.268218311004,10725.8067544119,1960
0,0,287,1476.303395304358,6745.660489441244,1951
0,0,288,1472.198659772681,8583.711844398713,1822
0,0,289,1574.729937034604,8595.744940901004,1830
0,0,290,1597.497674133746,8621.453323167194,1806
0,0,291,1623.151647213851,8317.462156628861,1767
0,0,292,1699.703069046074,11321.29624120086,1791
0,0,293,1499.203792588229,8542.956815409569,1750
0,0,294,1452.472124059351,7802.02058829136,1643
0,0,295,1439.940943286869,7274.053827242165,1692
0,0,296,1490.967057014634,11689.27814730917,1699
0,0,297,1541.907259589343,9754.844198216555,1641
0,0,298,1442.523477239556,8179.113010180217,1570
0,0,299,1497.504696422668,9111.899682682873,2166
