# mesh name: boxMesh_1
# primitive scorer name: doseScorer
# iX, iY, iZ, total(value) [MeV], total(val^2), entry
0,0,0,4837696.814295186,5845561.844703465,10000000
0,0,1,4917830.598541366,6297312.081890201,9998782
0,0,2,4948280.75042995,6532928.884743625,9996386
0,0,3,4970445.364085949,6598309.825485831,9993388
0,0,4,4993264.036562878,6799436.874733709,9989800
0,0,5,5011024.151117791,6778666.027320534,9985853
0,0,6,5026722.045908873,6756083.056928311,9981454
0,0,7,5042292.447682371,6811044.268063964,9976705
0,0,8,5063722.966677513,7118342.380330522,9971490
0,0,9,5076944.538983803,7108642.755801838,9965965
0,0,10,5088268.793430313,7085581.715708471,9960207
0,0,11,5099982.737106281,7102580.991611807,9954153
0,0,12,5114244.338516358,7204106.630722167,9947602
0,0,13,5123564.538021195,7177841.735793161,9940906
0,0,14,5136901.450958295,7292947.047337346,9933815
0,0,15,5145453.589947866,7302544.488116095,9926431
0,0,16,5154189.003076661,7250845.315204562,9919006
0,0,17,5162715.59310401,7341236.457138416,9911350
0,0,18,5173806.376757655,7315273.055335621,9903376
0,0,19,5176550.784064995,7148642.671329258,9895278
0,0,20,5187958.607704952,7267286.066772623,9886880
0,0,21,5197972.770370604,7315874.27000272,9878370
0,0,22,5205061.080883349,7293799.69965882,9869606
0,0,23,5215474.908729004,7416443.607708544,9860418
0,0,24,5224357.611269474,7421535.946095698,9851278
0,0,25,5232888.794720566,7516008.360481532,9841793
0,0,26,5236443.429759663,7401509.688584795,9831948
0,0,27,5243593.081529674,7429417.683142427,9822183
0,0,28,5246188.820154329,7338737.548555968,9812077
0,0,29,5252370.39743944,7349403.259698972,9801907
0,0,30,5263864.624985711,7510831.352930887,9791653
0,0,31,5267404.124527915,7415175.642106485,9781026
0,0,32,5275272.290813549,7500384.664680411,9770202
0,0,33,5277324.591980854,7379936.819584595,9759323
0,0,34,5282407.542401848,7419046.999214743,9748140
0,0,35,5288485.347702515,7373990.951244844,9736906
0,0,36,5295154.901863781,7455152.953855362,9725332
0,0,37,5299341.013934977,7415625.825107605,9713566
0,0,38,5305725.329706805,7466877.039631197,9701892
0,0,39,5311703.143159339,7494281.279909592,9690117
0,0,40,5315776.19552269,7462643.585086594,9677983
0,0,41,5320793.923502279,7491501.414979365,9665892
0,0,42,5326122.289402866,7492491.580514481,9653638
0,0,43,5329823.337375343,7488951.906697482,9641093
0,0,44,5334262.220525842,7472872.348891008,9628552
0,0,45,5337102.026365512,7375518.461800899,9615716
0,0,46,5342395.851856505,7397007.837762921,9603068
0,0,47,5349296.5559911,7487753.904296946,9590126
0,0,48,5351574.466450308,7469863.045664699,9577143
0,0,49,5359067.430230165,7540935.359861556,9564011
0,0,50,5365523.4872261,7547618.401583619,9550781
0,0,51,5367286.963533289,7455725.95381793,9537338
0,0,52,5371389.39223529,7499088.447537162,9523677
0,0,53,5373775.235010771,7520431.497673741,9509988
0,0,54,5380272.430143536,7563259.429269706,9496535
0,0,55,5383638.387093465,7476152.155616422,9482648
0,0,56,5392227.288938222,7591868.807516489,9468959
0,0,57,5396063.065651678,7587506.859952866,9455020
0,0,58,5398983.157269647,7554379.363008298,9440755
0,0,59,5401425.502446024,7554340.46149074,9426614
0,0,60,5403055.245039439,7463933.661942814,9412384
0,0,61,5408229.014146423,7445156.004566023,9398108
0,0,62,5414944.101675617,7558103.446041989,9383790
0,0,63,5419023.410530413,7497621.231571727,9369211
0,0,64,5421003.513306139,7429009.020432334,9354350
0,0,65,5428005.135770391,7527520.660105282,9339603
0,0,66,5430877.461975653,7553430.314762015,9324910
0,0,67,5435468.932226145,7616449.197133074,9310149
0,0,68,5440371.419564264,7558926.666387713,9295269
0,0,69,5444825.910839908,7616049.539899582,9280207
0,0,70,5450746.751840426,7647156.463313589,9265195
0,0,71,5451784.921777552,7528734.599916109,9249827
0,0,72,5455271.050030012,7459583.298513001,9234586
0,0,73,5458675.93800108,7472514.984470233,9219269
0,0,74,5467626.596064535,7587030.65571034,9203779
0,0,75,5471090.49577479,7559579.170866168,9188262
0,0,76,5477260.524217642,7618709.084613634,9172962
0,0,77,5483365.636814086,7630860.091724508,9157374
0,0,78,5486720.369688254,7651682.506836714,9141698
0,0,79,5491252.984224406,7613637.265797705,9125963
0,0,80,5495530.646949189,7611738.322419086,9110237
0,0,81,5498083.251220452,7607386.036608908,9094220
0,0,82,5504528.016524352,7624846.769158537,9078337
0,0,83,5508669.413003233,7606117.020668697,9062287
0,0,84,5513835.883616648,7609928.465761134,9046208
0,0,85,5520927.835514459,7657693.82124999,9029857
0,0,86,5524384.835296444,7581836.879732428,9013358
0,0,87,5529589.408042228,7598322.972803921,8996855
0,0,88,5534649.095226077,7658578.91436868,8980361
0,0,89,5539770.533040839,7687618.129119583,8963962
0,0,90,5545790.401381247,7747481.46674566,8947558
0,0,91,5552295.228090578,7796973.347549746,8931105
0,0,92,5551883.169643993,7595636.231884379,8914100
0,0,93,5554476.661654773,7479812.845828501,8897527
0,0,94,5564791.526007224,7629061.626120711,8881103
0,0,95,5571514.705357811,7628988.812214796,8864619
0,0,96,5580315.748318296,7655372.496616876,8847866
0,0,97,5583222.317656353,7622429.968871638,8830819
0,0,98,5588080.387394125,7607527.457733646,8813612
0,0,99,5595118.726823786,7764709.023429675,8796635
0,0,100,5599111.293861932,7631090.129741638,8779453
0,0,101,5606549.878696676,7646869.19055828,8762524
0,0,102,5612007.118386492,7625282.299448828,8745252
0,0,103,5620621.747219562,7697779.290450512,8728093
0,0,104,5625989.457160089,7678189.789011871,8710903
0,0,105,5630633.224939589,7611199.57120691,8693493
0,0,106,5638542.256800906,7621905.55835868,8676148
0,0,107,5645465.287999806,7744973.534530219,8658635
0,0,108,5653312.133256975,7789191.572589049,8641195
0,0,109,5657961.445742926,7701223.326858317,8623592
0,0,110,5664443.573406945,7713406.688175577,8605731
0,0,111,5668836.312221745,7617811.494448825,8587918
0,0,112,5679904.831585359,7778499.768849622,8570260
0,0,113,5689178.063014847,7817961.145052422,8552528
0,0,114,5693953.47956542,7689451.420819484,8534389
0,0,115,5696157.463026887,7569186.191018578,8516261
0,0,116,5703935.869648877,7600591.72455682,8498014
0,0,117,5715016.117584405,7657724.834388998,8480054
0,0,118,5725747.42178382,7752337.587090136,8462257
0,0,119,5732941.671261478,7741091.766380526,8443705
0,0,120,5744029.493991058,7817735.010326418,8425578
0,0,121,5752404.234614967,7774278.750918921,8407374
0,0,122,5761749.002933598,7751843.138681591,8389079
0,0,123,5769493.532035682,7720060.156533798,8370648
0,0,124,5779253.361002277,7753467.825124513,8352073
0,0,125,5790795.812646249,7817061.637556611,8333440
0,0,126,5801247.617987427,7844358.598910064,8314894
0,0,127,5807755.809137333,7809283.207975971,8296077
0,0,128,5819721.948510564,7809357.042184766,8277592
0,0,129,5828845.301627671,7790892.967166127,8258789
0,0,130,5839666.479805429,7789418.418434078,8240415
0,0,131,5852801.776157569,7839981.039619044,8221822
0,0,132,5867161.123440313,7969006.353795483,8202963
0,0,133,5875592.873251371,7837242.469215266,8183967
0,0,134,5887377.138967814,7886397.550305023,8164975
0,0,135,5902161.201978962,7927120.24658335,8145938
0,0,136,5913541.558066326,7886988.409770144,8126897
0,0,137,5929111.699920502,7980541.00624733,8107872
0,0,138,5942192.711165715,8007507.67876268,8088353
0,0,139,5953431.68481176,8011992.857256022,8069125
0,0,140,5966351.380996091,8011547.677983104,8049752
0,0,141,5979886.092551989,8022922.119275588,8030229
0,0,142,5993349.20279089,8046786.778373353,8010921
0,0,143,6010334.502007553,8146059.205065425,7991395
0,0,144,6025095.783070331,8174750.210664315,7971674
0,0,145,6040022.715533423,8118870.227885847,7952242
0,0,146,6059380.765358789,8286125.579916651,7932303
0,0,147,6070307.170222041,8221902.527785596,7912317
0,0,148,6082899.85162867,8132629.845784013,7892347
0,0,149,6097202.436886161,8132970.923644353,7872119
0,0,150,6117298.830700467,8252504.874600267,7852227
0,0,151,6134626.12485074,8273399.732076474,7832168
0,0,152,6149786.949832303,8274063.890234458,7811496
0,0,153,6167736.252983352,8294394.292103123,7791572
0,0,154,6183768.864181612,8318666.975063653,7770991
0,0,155,6203829.988801389,8399111.299160188,7750701
0,0,156,6222599.538966033,8339136.321880608,7730308
0,0,157,6244986.274037587,8509670.238955712,7709990
0,0,158,6261784.147747725,8415819.90414818,7689264
0,0,159,6286789.692741888,8610833.881557863,7668584
0,0,160,6304875.792409072,8553058.595409498,7647736
0,0,161,6325987.622031964,8599913.610140184,7626828
0,0,162,6346942.609305149,8562643.374266865,7605905
0,0,163,6370624.760209451,8673504.237576185,7584430
0,0,164,6391620.772124734,8635194.343703117,7563450
0,0,165,6414512.203806023,8668410.404590078,7542471
0,0,166,6439001.351681617,8788946.255297184,7521007
0,0,167,6460265.501795668,8820330.138438033,7499612
0,0,168,6480757.818404989,8823506.742058374,7478295
0,0,169,6500279.185495323,8876948.360135034,7456689
0,0,170,6515534.175497253,8805876.274367152,7434892
0,0,171,6541244.266720189,8997235.694448551,7413068
0,0,172,6565389.820482006,8997916.959852701,7391033
0,0,173,6598763.297203688,9087108.876409914,7368980
0,0,174,6636927.020078789,9149049.430411473,7347059
0,0,175,6678056.171614001,9163701.687833136,7325061
0,0,176,6722603.450426249,9263565.359011939,7302757
0,0,177,6770407.308034265,9384826.175363252,7280474
0,0,178,6817292.129397983,9444652.492520932,7257925
0,0,179,6861765.148566678,9551163.949156988,7235106
0,0,180,6909575.493317192,9789037.646903208,7212795
0,0,181,6950602.240722522,9821815.767004207,7190077
0,0,182,6989963.914067961,9891751.9633947,7166946
0,0,183,7028192.201522874,9969549.230344841,7143662
0,0,184,7063023.027928798,10014499.9521493,7120249
0,0,185,7100561.180462924,10147992.53670515,7096472
0,0,186,7139534.879645569,10250642.71407032,7072795
0,0,187,7176293.79767677,10285648.22545395,7049016
0,0,188,7218116.193725161,10353546.35940614,7024869
0,0,189,7265934.190942872,10525220.51863099,7000578
0,0,190,7318113.154724841,10622302.05779127,6976779
0,0,191,7377712.088305662,10801893.95751627,6952284
0,0,192,7444272.629096864,10967194.33646126,6927731
0,0,193,7516469.150496054,11146542.7950392,6902608
0,0,194,7597806.985684387,11373080.2903315,6877789
0,0,195,7683416.843377525,11574288.70381116,6851970
0,0,196,7776374.581016943,11831141.26189798,6826503
0,0,197,7874479.36974964,12104541.26754005,6800692
0,0,198,7975964.251246512,12333538.11597612,6774592
0,0,199,8085437.85399754,12650751.07871653,6748187
0,0,200,8192267.833153043,12939467.51652263,6721408
0,0,201,8300627.968117226,13234087.50638052,6694401
0,0,202,8416500.098638233,13619784.3535571,6667256
0,0,203,8533035.080026459,13960907.31942139,6639724
0,0,204,8661770.862164345,14390695.40742475,6611823
0,0,205,8799254.224374309,14895360.41252709,6583302
0,0,206,8951212.705122918,15407809.32059724,6554758
0,0,207,9124486.784761041,16086824.91654026,6525371
0,0,208,9313560.39181844,16734787.3201465,6495724
0,0,209,9520409.165460683,17438523.05895684,6464951
0,0,210,9751296.071772464,18275566.00528641,6433805
0,0,211,10002353.46384737,19106688.15772218,6402440
0,0,212,10277348.53412625,20019460.45931614,6369594
0,0,213,10585047.41387745,21104534.21596334,6336137
0,0,214,10936002.53338787,22383692.62733613,6301925
0,0,215,11349935.18844543,24045469.08402828,6266975
0,0,216,11836985.73103665,26093018.65841799,6229686
0,0,217,12427313.66045441,28846892.77237229,6189380
0,0,218,13154489.89047682,32594153.11895167,6144311
0,0,219,14058939.60189768,37808945.18150578,6089326
0,0,220,15171774.61378951,45054163.79903361,6014657
0,0,221,16475256.38654341,54856734.08300962,5899317
0,0,222,17803192.61941998,66695836.94376784,5705951
0,0,223,18795155.37931294,78837387.75714597,5381191
0,0,224,18897428.80718426,87357228.95532423,4868064
0,0,225,17619048.44685318,88169433.31246519,4142357
0,0,226,14837029.90927677,78914714.83523946,3243782
0,0,227,11024433.75500018,61324230.90247359,2285726
0,0,228,7085189.222842765,40639146.56333738,1421144
0,0,229,3887426.16940003,22763424.03101204,767062
0,0,230,1788431.59459464,10571727.29382265,355043
0,0,231,685575.0307099554,4067471.777288527,140586
0,0,232,217875.0095500591,1286154.564954156,49690
0,0,233,58318.00031634958,341417.9569151276,17956
0,0,234,15912.76331445332,89290.80597322769,9342
0,0,235,6256.411727744449,32895.49264634662,7222
0,0,236,4652.854033725323,25956.70279989795,6590
0,0,237,4332.091782852629,24580.38110484053,6257
0,0,238,4324.939991267949,22112.77148017747,6244
0,0,239,4103.466483062385,22505.86454942813,5914
0,0,240,4123.703174081321,23780.21037898562,5766
0,0,241,4022.483399190745,21064.05862021302,5708
0,0,242,4263.128991895388,25566.62630196346,5549
0,0,243,3718.636936224654,19251.22538530728,5279
0,0,244,3822.127722202504,21720.51272580266,5172
0,0,245,3732.84750490647,17673.26202029907,5001
0,0,246,3807.82143151222,21186.22663840822,4840
0,0,247,3597.189143267249,21496.62721185817,4741
0,0,248,3551.526541985919,23209.246958248,4595
0,0,249,3383.048004394769,19639.33054796292,4427
0,0,250,3385.726636518542,19482.86351696288,4280
0,0,251,3298.1957860951,20133.54368005202,4182
0,0,252,3592.823550947859,27106.6203716503,4044
0,0,253,3096.396268911891,16885.03465451642,3970
0,0,254,3172.566800994385,18151.68793796216,3947
0,0,255,3042.181851123271,16361.41622454998,3867
0,0,256,3039.448638234038,17469.68876172957,3802
0,0,257,3072.427003974348,19020.4245604,3699
0,0,258,2904.600929862074,14504.75044284452,3656
0,0,259,2758.814599963701,13536.44401917151,3567
0,0,260,2912.597120038028,19528.7625663215,3437
0,0,261,2660.941992572265,17148.90029069914,3377
0,0,262,2485.908046311539,12262.89052350715,3342
0,0,263,2650.775583238944,15283.29795695728,3218
0,0,264,2658.745545948062,17116.34699816427,3154
0,0,265,2499.743711384081,12962.16783305577,3033
0,0,266,2512.013460289766,14843.76072757718,3049
0,0,267,2462.296959264466,14882.85013859827,2916
0,0,268,2227.630797715185,13870.94739381557,2920
0,0,269,2363.730667353781,15400.13291446897,2847
0,0,270,2142.640434196661,11337.50920152285,2686
0,0,271,2239.078821966086,12005.97178848104,2710
0,0,272,2127.75338244145,11790.0529934215,2656
0,0,273,2186.881695167631,11753.89880708151,2582
0,0,274,2072.68688151984,11394.40499077783,2577
0,0,275,1858.472424220395,8885.652022000386,2567
0,0,276,2069.925854564099,15027.49597305132,2449
0,0,277,1918.448882025017,10904.06316210753,2389
0,0,278,2002.827659666377,13583.92187062141,2372
0,0,279,1804.012275487081,9767.327670002327,2241
0,0,280,1836.644902874335,12011.24379179565,2299
0,0,281,1788.575793777946,11022.89206082763,2197
0,0,282,1726.439190129472,7915.975176191886,2242
0,0,283,1882.807560235687,10804.17552856281,2215
0,0,284,1745.119531788836,8561.532506068777,2105
0,0,285,1679.279117779375,8825.813046926492,2116
0,0,286,1554.97920400898,8325.511075435505,1991
0,0,287,1611.675207479916,9736.561211473096,2002
0,0,288,1727.421804596798,8886.934544433352,2028
0,0,289,1635.205953801699,8452.121857604663,2026
0,0,290,1645.880805765225,8614.604910526778,1931
0,0,291,1578.906017995097,7247.633702735426,1888
0,0,292,1585.755090784793,9101.477252855308,1863
0,0,293,1539.797765072624,9882.149566520326,1834
0,0,294,1650.729100567146,8787.240192041094,1782
0,0,295,1574.652301418505,8576.304057731577,1790
0,0,296,1513.797599105341,8037.487683130267,1684
0,0,297,1705.45396977998,9869.700969649712,1741
0,0,298,1560.311296818184,8280.604406241328,1701
0,0,299,1468.596201444399,7350.110780926829,2236
