# mesh name: boxMesh_1
# primitive scorer name: doseScorer
# iX, iY, iZ, total(value) [MeV], total(val^2), entry
0,0,0,4803434.739546916,5805819.680177469,10000000
0,0,1,4884532.966283153,6276987.578241252,9998794
0,0,2,4914378.769616178,6513956.583627224,9996418
0,0,3,4934961.171447052,6509316.569822238,9993385
0,0,4,4957165.159746434,6723606.332064459,9989823
0,0,5,4975981.65516222,6753650.268438634,9985951
0,0,6,4991939.151500338,6702727.877585521,9981594
0,0,7,5007438.876470435,6820976.029149437,9976858
0,0,8,5028035.412671282,7065752.272148574,9971782
0,0,9,5041739.580087903,7087837.26405848,9966370
0,0,10,5053514.956897825,7094990.836366804,9960557
0,0,11,5065060.289603035,7111918.177850179,9954594
0,0,12,5079047.877122367,7209634.723404313,9948106
0,0,13,5087262.759997061,7179136.93007508,9941458
0,0,14,5099188.940529631,7233259.410278657,9934457
0,0,15,5108268.8431237,7239925.680342604,9927179
0,0,16,5117336.276037857,7254522.021081919,9919718
0,0,17,5125070.375042467,7302355.949484158,9912082
0,0,18,5132995.42672828,7190211.302786842,9904214
0,0,19,5137647.424270727,7125804.981010791,9896113
0,0,20,5149101.816836716,7233820.924158081,9887952
0,0,21,5157060.560298093,7251441.870904505,9879393
0,0,22,5168057.854407582,7333343.400650038,9870861
0,0,23,5177594.86104043,7407668.011523301,9861656
0,0,24,5184094.17779321,7386458.880415251,9852536
0,0,25,5190512.696582651,7413417.67559444,9843094
0,0,26,5196213.620770289,7367665.075331675,9833475
0,0,27,5204521.933695456,7458237.663842286,9823693
0,0,28,5208642.31219132,7402440.690568499,9813654
0,0,29,5215202.329398748,7430889.982190321,9803720
0,0,30,5223633.962597634,7471620.68671293,9793334
0,0,31,5225605.474380017,7301170.98087809,9782916
0,0,32,5234732.780796226,7435355.988570226,9771958
0,0,33,5240139.378872019,7480124.378947476,9761322
0,0,34,5242626.580495918,7400830.132056067,9750359
0,0,35,5247099.214960696,7277984.366071941,9739106
0,0,36,5256863.795483304,7477385.590428907,9727970
0,0,37,5261490.997876776,7464580.092397518,9716347
0,0,38,5265393.021323564,7468838.586820854,9704691
0,0,39,5272494.434296997,7491150.941055939,9693018
0,0,40,5274068.332216039,7408492.109010477,9681072
0,0,41,5280264.801515151,7437357.496559006,9668990
0,0,42,5286175.915134842,7447821.709902241,9656846
0,0,43,5292210.192720648,7489436.314957477,9644696
0,0,44,5298274.466474771,7589377.289442431,9632064
0,0,45,5298622.191016074,7383209.795739951,9619263
0,0,46,5301591.233159588,7391497.119113882,9606560
0,0,47,5306653.805899644,7458460.805114898,9593694
0,0,48,5311813.295688319,7487234.761134053,9580731
0,0,49,5316075.063086929,7446715.974520326,9567530
0,0,50,5322189.112857639,7496288.789835196,9554336
0,0,51,5323601.37480944,7417071.782335469,9540756
0,0,52,5327443.407720351,7414306.730516273,9527199
0,0,53,5328949.681383645,7366312.529985733,9513706
0,0,54,5336653.109520352,7544227.368928987,9500106
0,0,55,5339512.480638335,7483740.541886364,9486473
0,0,56,5346722.927611758,7584575.261777903,9472971
0,0,57,5348724.66322292,7495389.090042688,9459134
0,0,58,5354329.960734845,7543918.923794257,9445165
0,0,59,5356738.269210122,7514617.257672686,9431232
0,0,60,5359030.468363779,7518497.149212431,9417094
0,0,61,5362676.487752375,7471745.023784259,9403061
0,0,62,5369489.800623355,7562038.654579472,9388456
0,0,63,5371616.327928747,7427134.532056471,9374159
0,0,64,5374669.835117918,7483049.34166983,9359502
0,0,65,5379750.253286283,7538783.506188683,9344832
0,0,66,5382007.687163273,7501143.990763145,9330462
0,0,67,5385507.147801343,7433633.872659791,9315658
0,0,68,5393034.670012203,7517419.276680675,9300793
0,0,69,5397900.201929467,7601404.745901752,9285759
0,0,70,5399701.906678674,7469120.848639835,9270755
0,0,71,5401933.518908408,7474098.395327138,9255579
0,0,72,5407996.894347714,7551136.720314853,9240394
0,0,73,5412583.280951984,7462602.835752146,9225500
0,0,74,5419089.88586029,7561186.192149706,9210227
0,0,75,5425074.330329577,7613585.210402459,9194928
0,0,76,5429903.25263459,7606170.872848235,9179632
0,0,77,5429087.009865094,7477543.990319757,9163798
0,0,78,5434218.473235815,7531520.035624759,9148243
0,0,79,5437621.433563437,7489006.018092541,9132732
0,0,80,5441282.107784333,7545827.058993064,9116882
0,0,81,5441778.120397226,7387567.883575963,9101105
0,0,82,5448955.622718374,7573639.239569305,9085260
0,0,83,5453037.180384105,7512625.077802524,9069423
0,0,84,5460036.543088637,7574783.172558603,9053477
0,0,85,5466352.516907349,7586664.738014917,9037688
0,0,86,5469684.103724971,7593505.527739439,9021525
0,0,87,5476273.549578609,7599901.791943044,9005430
0,0,88,5480789.338790674,7640125.364078043,8989388
0,0,89,5484471.795617849,7573712.278389104,8972791
0,0,90,5488046.052632181,7596484.989607905,8956498
0,0,91,5494258.661956442,7693816.080128206,8940040
0,0,92,5498496.194837227,7613508.012644792,8923299
0,0,93,5501702.971885371,7526049.637865501,8907018
0,0,94,5507311.500173728,7550607.882018518,8890652
0,0,95,5514258.015841149,7566381.672584005,8874280
0,0,96,5522696.378379364,7666536.448257029,8857437
0,0,97,5524337.203178703,7556395.86723137,8840775
0,0,98,5528299.708444716,7595255.178047855,8823665
0,0,99,5535635.853210285,7634199.692464408,8807050
0,0,100,5538231.705786414,7499578.016163846,8790164
0,0,101,5545714.879766326,7651613.840564989,8773155
0,0,102,5550867.201369353,7610237.651474075,8756370
0,0,103,5559716.241639619,7693363.04332359,8739511
0,0,104,5564746.720748303,7646759.899348227,8722297
0,0,105,5568014.360739115,7624265.266608248,8705071
0,0,106,5575529.152231283,7665482.591312281,8687647
0,0,107,5579178.064540965,7643413.09288937,8670237
0,0,108,5584744.572217848,7625609.622404415,8652752
0,0,109,5591283.414874287,7631297.233056337,8635173
0,0,110,5597197.907605861,7633028.737045046,8617529
0,0,111,5602605.040281476,7550607.630678145,8600086
0,0,112,5607920.416324387,7497296.613989741,8582621
0,0,113,5619435.86555697,7698376.897109778,8565015
0,0,114,5627198.832949791,7756308.41202686,8547340
0,0,115,5632190.780432132,7688041.156762385,8529498
0,0,116,5636642.603915252,7660640.220508388,8511556
0,0,117,5645162.414641516,7708848.556572138,8493630
0,0,118,5648637.262729316,7579234.743857049,8475883
0,0,119,5657075.035101624,7585647.210021026,8458054
0,0,120,5662911.98416798,7573256.625429453,8440088
0,0,121,5671182.390461944,7613485.55577789,8421771
0,0,122,5680892.678797855,7685572.819449706,8403767
0,0,123,5687731.761623148,7626961.07447698,8385810
0,0,124,5695439.971377191,7626556.635512819,8367539
0,0,125,5708046.610253952,7741403.487461495,8349264
0,0,126,5718807.604446803,7810800.696300568,8330928
0,0,127,5726986.354777213,7752973.397906356,8312564
0,0,128,5735648.471856234,7800134.494563163,8293878
0,0,129,5744193.385272488,7754678.719723481,8275548
0,0,130,5756487.970617935,7803237.444790471,8257197
0,0,131,5766032.177501362,7776513.664502816,8238284
0,0,132,5780271.312917933,7898365.407400865,8219565
0,0,133,5787418.135162558,7859214.798225347,8200841
0,0,134,5793458.535400013,7714714.317637051,8181927
0,0,135,5809703.84126699,7886662.585485857,8163276
0,0,136,5819421.877692271,7819050.458614783,8144389
0,0,137,5832106.402200794,7902462.157079414,8125646
0,0,138,5841828.862879619,7908364.299059496,8106618
0,0,139,5853898.107655225,7863563.909276985,8087490
0,0,140,5866799.711647709,7880037.581284679,8068603
0,0,141,5881819.278870138,7977570.66191868,8049223
0,0,142,5893995.814138394,7977296.84259337,8030232
0,0,143,5905571.662600037,7983451.126131787,8010900
0,0,144,5919985.294471263,7991256.376129219,7991243
0,0,145,5931985.64644969,7971201.496574666,7971596
0,0,146,5945673.219430134,8010915.488938052,7952038
0,0,147,5957459.990075765,7986440.993118696,7932495
0,0,148,5970948.78947178,7997440.021374146,7913129
0,0,149,5987969.567130311,8065364.88831562,7893112
0,0,150,6002332.849119349,8120268.960426436,7873503
0,0,151,6016809.827969631,8115420.966246113,7853670
0,0,152,6033219.706264274,8143048.752800524,7833988
0,0,153,6049987.889922039,8164795.778318115,7814051
0,0,154,6063928.95443878,8189698.375596309,7793982
0,0,155,6081862.244844167,8280662.933703908,7773879
0,0,156,6099316.13297987,8264383.119699398,7753877
0,0,157,6115753.943158815,8246236.151627851,7734007
0,0,158,6132094.117283734,8328530.176307678,7713882
0,0,159,6151897.908532872,8325854.938485093,7693563
0,0,160,6169854.287361551,8324688.993436839,7673089
0,0,161,6188766.381042788,8348986.136045499,7652692
0,0,162,6208689.414396262,8455980.287244283,7632081
0,0,163,6229086.319982621,8448278.95911943,7611215
0,0,164,6248144.838330097,8464379.558000123,7590428
0,0,165,6268428.670454221,8481415.316559192,7569353
0,0,166,6291450.124415532,8569020.912649855,7548447
0,0,167,6312266.270179707,8581566.288740655,7527399
0,0,168,6334418.585646559,8612690.77239986,7506247
0,0,169,6356992.598494894,8640207.302343875,7485318
0,0,170,6382149.228783951,8762615.059260063,7463987
0,0,171,6400753.440347358,8708394.278442258,7442423
0,0,172,6422410.905006337,8796620.265165797,7421036
0,0,173,6438576.937655682,8788843.152992904,7399405
0,0,174,6460977.796230174,8899044.965821424,7378169
0,0,175,6480951.182885595,8951238.815846365,7356464
0,0,176,6501427.072332165,8866374.364713158,7334659
0,0,177,6533647.373873486,8982985.217550633,7312656
0,0,178,6571428.008996721,9057527.06033876,7290865
0,0,179,6613553.90461546,9127912.361079946,7268755
0,0,180,6656883.789671523,9220178.554297622,7246586
0,0,181,6704464.935668585,9333543.158949142,7224096
0,0,182,6751611.450073859,9466606.526847024,7201890
0,0,183,6798500.302984288,9622825.581309345,7179327
0,0,184,6839863.580478294,9615091.91078881,7156668
0,0,185,6882688.302124535,9750037.481470816,7134098
0,0,186,6921547.853605025,9777624.509698607,7111156
0,0,187,6959937.215477402,9853662.232983796,7088030
0,0,188,6993956.450578633,9896277.751628624,7064811
0,0,189,7031118.375330299,10056569.63487035,7041554
0,0,190,7066498.302946469,10125452.54882153,7017721
0,0,191,7105420.743075733,10234470.10190182,6994089
0,0,192,7145188.386558679,10255793.10593692,6970263
0,0,193,7192261.304120914,10441986.72465604,6946532
0,0,194,7243186.095511954,10521262.68034505,6922493
0,0,195,7301404.999096376,10689849.37859638,6898590
0,0,196,7361767.886816847,10778873.53358212,6873934
0,0,197,7433612.856552723,11036285.92038979,6849051
0,0,198,7510427.526133075,11201634.05699058,6824274
0,0,199,7594180.294039182,11419217.13606517,6799301
0,0,200,7686521.459277749,11692020.70896711,6774118
0,0,201,7779998.938790517,11893824.78668304,6748176
0,0,202,7880573.390060633,12171758.2616285,6722574
0,0,203,7985047.123569694,12410793.61594661,6696601
0,0,204,8094021.673747115,12758528.31627629,6670241
0,0,205,8206453.823971394,13140517.69045676,6643617
0,0,206,8317903.290981625,13457047.40676237,6616800
0,0,207,8432171.181812165,13765701.29127325,6589350
0,0,208,8555527.595206764,14186889.83293917,6561395
0,0,209,8686895.112690276,14608644.15530114,6533517
0,0,210,8837501.426327489,15165349.10567681,6505109
0,0,211,9003403.148930168,15753966.57215932,6476383
0,0,212,9186987.25362595,16412896.87375796,6447125
0,0,213,9388978.139917767,17152363.97951788,6416790
0,0,214,9611731.213644769,17938825.19456508,6385671
0,0,215,9854518.924371341,18758791.84011212,6353976
0,0,216,10118372.01218239,19628893.97100024,6321606
0,0,217,10414803.737857,20652931.29167764,6288397
0,0,218,10751743.8043432,21828526.24044909,6254642
0,0,219,11145955.21696286,23378488.44434104,6220102
0,0,220,11615872.14168328,25421237.146433,6183703
0,0,221,12175906.98541161,27959076.08012886,6144543
0,0,222,12861935.71021333,31425649.50388005,6101125
0,0,223,13711357.14512121,36201817.92159424,6048634
0,0,224,14759852.71344349,42886734.58043537,5979016
0,0,225,15992350.05535126,51836594.34140675,5873725
0,0,226,17297028.8043868,63065703.20423675,5701084
0,0,227,18362140.78250722,74952783.04848859,5412259
0,0,228,18692532.62215214,84360065.00702119,4952220
0,0,229,17788612.95451836,87233694.27370438,4288749
0,0,230,15411347.5942591,80588624.84237121,3441644
0,0,231,11899398.1936686,65331151.97521671,2507529
0,0,232,8016970.530294029,45554469.92150117,1625176
0,0,233,4651608.775320881,27036747.81695516,923099
0,0,234,2296455.358354709,13538873.41005166,453841
0,0,235,945640.0786784699,5607262.71356844,190865
0,0,236,326756.9652055878,1932238.656204868,70787
0,0,237,94935.07758474676,555364.8763214115,25291
0,0,238,25405.28833776688,146732.3295786202,11087
0,0,239,8488.344368975491,49483.09452670605,7516
0,0,240,5206.905412208776,29401.50533105806,6755
0,0,241,4471.956682330084,25942.64103610316,6320
0,0,242,4570.027792957459,28826.3671315247,6209
0,0,243,4399.007815346541,27462.24781491556,5952
0,0,244,4235.220005926264,25277.23543926054,5887
0,0,245,4151.764027155679,24211.7483573337,5620
0,0,246,3983.735597836655,20473.52757002277,5402
0,0,247,3866.848824503244,21222.00876201131,5295
0,0,248,3818.028702245924,22168.82400894917,5230
0,0,249,3584.439149098729,17950.63705223793,4942
0,0,250,3523.168668367119,17854.26410019976,4844
0,0,251,3666.938213388476,21692.39773123602,4754
0,0,252,3825.476281112345,28673.02378536204,4588
0,0,253,3457.329967440406,20189.75488849785,4533
0,0,254,3569.872208207696,21065.90285546405,4440
0,0,255,3308.437551565415,17462.76550651262,4290
0,0,256,3416.326807857232,19280.68996838346,4262
0,0,257,3323.954724580693,19361.84614184291,4115
0,0,258,3321.71887826999,22119.1580648504,4024
0,0,259,3279.441458437285,21569.34274091898,3898
0,0,260,3002.181418604969,18749.92897185996,3831
0,0,261,2875.222872613921,14583.21106632417,3691
0,0,262,2910.970102325266,18249.66540267546,3704
0,0,263,3003.483965370871,21098.43484122527,3503
0,0,264,2784.038186979883,19551.97911675896,3510
0,0,265,2756.789763144768,16634.72959364045,3388
0,0,266,2660.265199962328,15102.19197747469,3329
0,0,267,2337.348083424909,12638.67004461594,3210
0,0,268,2470.320844231656,15044.71853701079,3149
0,0,269,2426.47845231778,13700.51501255168,3060
0,0,270,2277.612334838658,11979.01001414839,3067
0,0,271,2330.490025714248,12584.5609721958,2991
0,0,272,2351.636021078133,14865.34216614404,2904
0,0,273,2204.805631553888,10646.53506273294,2777
0,0,274,2278.607733265094,14086.2807085212,2848
0,0,275,2123.586289232425,11756.2116216941,2732
0,0,276,2224.491275747869,13415.76556003549,2739
0,0,277,1959.506507701858,10024.49114087504,2617
0,0,278,2096.601138327549,14246.84256042022,2539
0,0,279,2137.472578898591,12742.45819771642,2485
0,0,280,2049.00640012319,12902.20952638295,2528
0,0,281,1864.802762767718,9308.178654993886,2444
0,0,282,1847.061322671516,9318.165383309108,2369
0,0,283,1907.055126724049,10447.8709061603,2291
0,0,284,1884.797142739458,11145.75944026386,2249
0,0,285,1877.909706148286,11261.72904976548,2206
0,0,286,1864.964809345354,12794.72258052449,2231
0,0,287,1761.257590911596,10418.87312948024,2131
0,0,288,1936.27752604908,11868.28141406632,2124
0,0,289,1739.390741418779,9768.970209701845,2093
0,0,290,1632.768551099747,7941.880306416235,2044
0,0,291,1613.665060283639,9337.667714145657,2016
0,0,292,1590.244690214065,9098.719008159807,1953
0,0,293,1673.767432561502,11205.00155094875,1935
0,0,294,1629.639777626767,12344.20531543222,1844
0,0,295,1509.79890273964,7973.136867010862,1913
0,0,296,1537.749256895475,9658.387253666679,1816
0,0,297,1517.749879408076,8236.053457618904,1849
0,0,298,1503.090737192034,8989.410318921349,1789
0,0,299,1346.544941596422,6394.370661923097,2375
