# mesh name: boxMesh_1
# primitive scorer name: doseScorer
# iX, iY, iZ, total(value) [MeV], total(val^2), entry
0,0,0,4770402.254023964,5833036.42431764,10000000
0,0,1,4851248.199738046,6253007.052292502,9998786
0,0,2,4882099.809539988,6530893.867599971,9996404
0,0,3,4902055.805153272,6493334.812049396,9993389
0,0,4,4923879.445321187,6671109.388927395,9989881
0,0,5,4942638.25428766,6713747.546470862,9986019
0,0,6,4957734.431237546,6685839.490192023,9981673
0,0,7,4972377.164295232,6781282.613693058,9976986
0,0,8,4993668.302383,6992746.183981571,9971946
0,0,9,5007087.160646309,7089539.0720537,9966521
0,0,10,5019152.060330862,7074906.154241877,9960843
0,0,11,5028320.934573827,7065902.195560313,9954896
0,0,12,5042296.848601251,7124183.866819384,9948559
0,0,13,5050095.570806722,7092546.018795125,9941931
0,0,14,5063475.542186695,7168755.435453095,9934946
0,0,15,5073130.58358238,7220408.389977008,9927822
0,0,16,5080667.744892137,7229487.375578836,9920429
0,0,17,5088398.935779857,7308344.962345136,9912739
0,0,18,5097540.871941218,7246280.912240807,9904972
0,0,19,5102419.351585715,7184090.649723084,9896863
0,0,20,5111282.345599482,7169771.029675102,9888718
0,0,21,5118856.305443709,7151723.157598061,9880371
0,0,22,5130110.224551204,7322561.996400966,9871810
0,0,23,5140012.718795138,7408440.096157652,9862851
0,0,24,5146607.995934004,7375859.891303241,9853679
0,0,25,5154257.055760672,7411124.817006278,9844271
0,0,26,5160242.411580471,7358117.080973324,9834879
0,0,27,5167084.77227078,7419930.96185091,9825031
0,0,28,5171535.664726811,7334268.980804669,9815069
0,0,29,5176306.082199744,7366763.58106637,9805188
0,0,30,5185897.420989688,7508409.733642157,9794824
0,0,31,5186287.933773627,7315384.82933907,9784303
0,0,32,5196503.677047095,7419950.533091831,9773842
0,0,33,5199991.473577806,7438223.682585698,9763120
0,0,34,5205089.931739121,7458249.146280112,9752265
0,0,35,5207265.84087131,7265944.851064391,9741143
0,0,36,5216944.055464034,7474875.445679933,9729819
0,0,37,5221100.524871398,7498040.281760424,9718302
0,0,38,5222865.194508569,7391243.094333707,9706751
0,0,39,5230516.948755691,7496437.351438402,9695036
0,0,40,5234645.201949979,7453924.264582621,9683209
0,0,41,5239815.819295127,7395589.213303882,9671157
0,0,42,5246118.235640395,7443935.414724125,9658923
0,0,43,5251230.243498269,7446215.418030377,9646745
0,0,44,5258231.949304935,7575947.774354999,9634537
0,0,45,5255959.899856639,7373064.308098872,9621872
0,0,46,5258916.918501853,7309881.862742139,9609022
0,0,47,5266529.270150302,7411984.633911181,9596549
0,0,48,5268554.308929021,7410599.406829203,9583530
0,0,49,5275362.085729895,7465500.363522632,9570486
0,0,50,5277528.778613522,7387701.599878931,9557338
0,0,51,5282960.912214153,7477986.373986817,9544057
0,0,52,5286482.594343642,7454286.15148565,9530730
0,0,53,5287891.460364245,7371350.845538696,9517353
0,0,54,5294625.079856209,7511792.457100917,9503885
0,0,55,5297025.453559756,7534045.80593809,9490228
0,0,56,5302726.823960569,7583365.322044745,9476763
0,0,57,5305437.34271262,7501287.18563051,9462996
0,0,58,5307287.186212172,7448920.843094019,9449132
0,0,59,5309942.217309928,7411901.614479305,9435307
0,0,60,5311158.521849848,7398460.577832682,9421175
0,0,61,5314156.38548751,7380650.253354291,9406960
0,0,62,5319961.737064978,7462388.418326383,9392476
0,0,63,5324496.929521458,7456191.968330652,9377996
0,0,64,5326799.608773027,7386183.550087223,9363781
0,0,65,5331076.313452518,7448604.129132753,9349411
0,0,66,5335218.566858828,7440001.76324816,9334754
0,0,67,5338765.995122357,7438891.459303518,9320231
0,0,68,5345406.296322361,7523084.565864874,9305411
0,0,69,5346863.922505281,7433288.051913465,9290657
0,0,70,5352526.79793625,7465460.597794656,9275777
0,0,71,5357316.127102495,7507614.476923102,9260746
0,0,72,5360569.040175985,7524272.152955798,9245772
0,0,73,5361069.979949608,7445327.811183539,9230798
0,0,74,5368889.210293414,7527601.931423612,9215600
0,0,75,5372454.179402898,7520244.622758478,9200419
0,0,76,5375329.68292972,7463549.939788644,9185088
0,0,77,5377247.606446169,7455409.526368849,9169482
0,0,78,5382659.27788958,7478330.967221206,9154082
0,0,79,5390454.548144486,7638835.34922003,9138637
0,0,80,5391603.629058139,7576692.72119795,9122960
0,0,81,5392538.296155386,7491635.073933518,9107170
0,0,82,5400329.519911475,7595766.35243825,9091738
0,0,83,5401638.914085849,7454478.080110189,9076044
0,0,84,5402954.492037854,7375521.943190801,9059970
0,0,85,5408391.044376094,7480279.837166689,9043908
0,0,86,5413642.413194188,7495933.931698002,9027753
0,0,87,5418187.748143751,7472347.226653389,9011564
0,0,88,5422690.93520265,7529673.761427932,8995476
0,0,89,5428446.657889082,7597560.965401689,8979342
0,0,90,5428612.851799284,7470153.567681907,8963017
0,0,91,5433814.460563717,7491445.96999023,8946853
0,0,92,5438503.143488511,7474631.909980223,8930310
0,0,93,5440041.934379004,7458668.746303389,8914016
0,0,94,5448461.724803837,7574204.957525025,8897854
0,0,95,5451153.182353995,7515204.456867449,8881191
0,0,96,5461350.551773149,7629493.981521903,8864658
0,0,97,5463999.816870851,7536236.0701789,8848153
0,0,98,5468683.465659004,7572326.030802278,8831374
0,0,99,5471455.61100124,7488352.076865052,8814685
0,0,100,5477725.05474718,7525209.133254015,8798076
0,0,101,5484110.264210256,7605258.294821225,8781159
0,0,102,5483997.36016717,7447250.096224049,8764189
0,0,103,5491861.242240686,7539380.982827191,8747410
0,0,104,5497351.318577713,7524342.05578137,8730517
0,0,105,5499739.924869413,7467090.745913886,8713431
0,0,106,5509319.478290403,7647299.899799259,8696503
0,0,107,5513689.582534983,7532819.260373989,8679322
0,0,108,5517493.675968101,7481052.419780753,8662241
0,0,109,5522288.636785778,7468789.560470341,8645129
0,0,110,5527475.353273133,7487183.401634035,8627685
0,0,111,5536674.625940906,7540292.894151764,8610157
0,0,112,5540161.234662701,7513877.340922534,8592620
0,0,113,5549594.186863577,7613465.925562442,8575319
0,0,114,5555293.906763353,7621486.289132398,8557896
0,0,115,5558713.727254663,7510041.036080455,8540441
0,0,116,5564377.939603075,7593609.193983187,8522623
0,0,117,5570022.17349861,7552881.681507202,8505097
0,0,118,5578346.403981624,7549189.421432628,8487308
0,0,119,5584767.893537004,7542481.851430334,8469590
0,0,120,5592130.095256007,7625110.466922816,8451939
0,0,121,5596244.282226626,7546083.264660673,8434201
0,0,122,5603749.290362051,7556099.628074391,8416198
0,0,123,5612876.836908476,7618680.233907025,8398270
0,0,124,5619145.246182506,7598995.303116264,8380123
0,0,125,5625789.492718965,7580221.391291783,8361791
0,0,126,5636283.334229681,7669338.878035897,8344085
0,0,127,5640753.76966247,7552532.716515391,8325898
0,0,128,5649755.849433686,7553190.517822244,8307527
0,0,129,5661604.817544504,7682899.420480324,8289438
0,0,130,5671637.791130725,7758425.047906764,8271244
0,0,131,5678475.664198146,7619705.348039209,8253070
0,0,132,5691192.100084441,7755198.411144757,8234689
0,0,133,5697657.323315708,7614197.808022037,8216319
0,0,134,5706090.562609595,7670441.954743461,8197642
0,0,135,5716150.174380626,7656583.686864948,8178812
0,0,136,5728158.204756362,7706648.25479363,8160290
0,0,137,5741050.455397894,7826285.322681427,8141677
0,0,138,5749893.002366426,7729170.101601704,8122758
0,0,139,5758115.028699931,7755196.926291425,8103732
0,0,140,5770465.858668243,7757622.189621695,8084981
0,0,141,5782014.234550552,7770760.256477571,8066266
0,0,142,5794068.778884813,7810505.241544076,8047532
0,0,143,5805117.007470416,7786412.119719409,8028491
0,0,144,5817222.947092295,7839179.370113032,8009243
0,0,145,5828346.660380633,7837627.447979926,7990204
0,0,146,5840935.793819474,7773380.16344867,7971116
0,0,147,5855642.099050141,7915427.704186914,7951961
0,0,148,5866299.67773586,7821596.818106011,7932537
0,0,149,5882334.038226046,7954153.352790832,7913120
0,0,150,5895441.266374975,7903453.322318398,7893964
0,0,151,5908485.484166907,7940527.129413057,7874559
0,0,152,5921855.188452377,7930077.55450067,7854792
0,0,153,5935953.72936686,7976932.813988127,7835156
0,0,154,5950340.818957809,8006230.606650039,7815544
0,0,155,5963556.211604774,7999991.338415206,7795599
0,0,156,5982029.992408881,8093929.706000213,7775577
0,0,157,6000435.126198323,8278422.584677923,7755556
0,0,158,6013189.129855705,8179322.527719391,7735486
0,0,159,6027925.688420078,8162695.011457227,7715381
0,0,160,6045485.54029227,8177968.259699926,7695382
0,0,161,6060909.728894986,8147772.560525058,7675399
0,0,162,6079643.963560279,8268997.599186948,7655117
0,0,163,6095814.625953861,8211604.604766558,7634605
0,0,164,6110804.905575311,8173971.752344327,7614233
0,0,165,6131444.106088266,8248908.666287892,7594183
0,0,166,6151762.968379513,8304572.099325545,7573543
0,0,167,6169751.475278536,8305985.125309196,7552886
0,0,168,6191350.429231897,8425402.73382191,7532562
0,0,169,6211930.193556049,8410285.399223343,7511899
0,0,170,6234601.810695134,8500060.76299678,7491231
0,0,171,6254059.045755568,8485442.904271815,7470296
0,0,172,6279527.366410909,8631095.5182983,7449184
0,0,173,6300838.541250975,8623204.073375043,7428360
0,0,174,6324603.633525884,8697769.699255031,7407067
0,0,175,6345400.561637067,8762742.689667983,7385671
0,0,176,6363514.647936336,8715394.183223907,7364393
0,0,177,6380791.890154111,8686818.005436048,7343042
0,0,178,6401148.826826447,8751888.640588108,7321761
0,0,179,6421453.87339629,8813494.42681152,7300554
0,0,180,6444659.536391047,8863934.765477065,7278589
0,0,181,6472332.384283183,8877266.059965463,7256989
0,0,182,6509216.776697517,9016084.450798558,7235291
0,0,183,6548870.595733485,9096972.921184866,7213262
0,0,184,6588827.217828453,9134097.894087262,7190751
0,0,185,6634279.335016056,9211884.019895682,7168495
0,0,186,6681299.169526258,9369611.71077311,7146486
0,0,187,6726460.817820883,9454316.607560348,7124234
0,0,188,6768090.922366187,9451897.081385402,7101837
0,0,189,6812093.934113776,9624294.548658073,7079249
0,0,190,6850599.512164609,9655166.449529326,7056373
0,0,191,6887543.498896202,9741237.546346139,7033437
0,0,192,6924453.11195474,9815549.716548081,7010555
0,0,193,6960794.773318321,9947515.305243537,6987354
0,0,194,6995157.926374942,9992746.102100022,6964169
0,0,195,7032169.721809071,10045995.79055889,6940739
0,0,196,7072434.69839564,10162663.20209258,6917482
0,0,197,7118894.501926036,10338100.24012078,6893977
0,0,198,7168581.350370429,10450887.09733771,6869790
0,0,199,7224133.664908647,10636932.70600101,6845454
0,0,200,7283046.395405442,10708475.25515627,6821247
0,0,201,7349255.386229711,10859142.56197864,6796529
0,0,202,7423959.482502254,11080819.46458266,6771905
0,0,203,7502630.276942721,11207196.99602146,6746971
0,0,204,7591915.981368463,11473773.04577098,6721755
0,0,205,7684848.783776682,11730247.44046173,6696165
0,0,206,7783985.09846646,11989602.71439806,6670716
0,0,207,7886933.799928198,12293166.92105993,6644678
0,0,208,7995207.522111393,12634171.53025733,6618726
0,0,209,8100123.253344714,12858269.77655676,6592296
0,0,210,8208914.828213497,13151649.3491921,6565680
0,0,211,8325849.941807249,13557979.843588,6538752
0,0,212,8447429.544958092,13986064.57363247,6511487
0,0,213,8575491.01690023,14377364.48154292,6483736
0,0,214,8719562.838889161,14913526.08069115,6455660
0,0,215,8879818.754432961,15500636.55837318,6427138
0,0,216,9058509.148271944,16190295.15005608,6398052
0,0,217,9249554.249674987,16774310.29164755,6368139
0,0,218,9462396.819021668,17514731.74909529,6337358
0,0,219,9696928.145166552,18311120.42354069,6306345
0,0,220,9954541.338093685,19180720.72087029,6274703
0,0,221,10242501.8036279,20183037.8435724,6241864
0,0,222,10567311.01133738,21362665.58394014,6208910
0,0,223,10942481.95841472,22811653.2327079,6174378
0,0,224,11386165.82496392,24660356.53449872,6138990
0,0,225,11911096.78079081,26963545.91792114,6100547
0,0,226,12558745.51929764,30203373.45512022,6058365
0,0,227,13355007.88317714,34578910.37857287,6008548
0,0,228,14337552.41185162,40669803.96270853,5944104
0,0,229,15500379.0490466,48850735.25580023,5849087
0,0,230,16772821.20819143,59372606.00018599,5696114
0,0,231,17884207.55643336,70884720.78209004,5441351
0,0,232,18419681.26106277,80865583.26496437,5034713
0,0,233,17868902.01921472,85525073.70296542,4434517
0,0,234,15938110.95801011,81732232.09567738,3647490
0,0,235,12786111.81917722,69084149.03153478,2747737
0,0,236,9042190.078555411,50734803.17961843,1859325
0,0,237,5557214.964247919,32001368.09436868,1111855
0,0,238,2932210.932979945,17178760.86641872,580278
0,0,239,1307719.76583128,7724125.925812228,261419
0,0,240,490746.4467925879,2910361.679373433,102517
0,0,241,155238.0092491772,915064.8412230868,37027
0,0,242,44226.02365119541,260477.5690944688,14841
0,0,243,12730.19596419195,69649.940349841,8627
0,0,244,6078.960372830107,34863.39630678721,6866
0,0,245,4799.741814043135,22816.56871379198,6515
0,0,246,4583.523390959327,22900.35295318476,6244
0,0,247,4474.442766408845,24713.15362339265,6046
0,0,248,4398.025060535376,22997.53832257292,5796
0,0,249,4208.807515573732,24693.92471495906,5647
0,0,250,4114.495957120209,29230.81596655267,5523
0,0,251,3959.252822840836,21935.05397230061,5233
0,0,252,3966.676804251981,24330.66966293196,5171
0,0,253,3463.858981222391,16868.528035219,4930
0,0,254,3575.279562291247,19322.29810189991,4850
0,0,255,3469.081702775161,15688.49070897368,4748
0,0,256,3528.171984289443,18749.17684497163,4664
0,0,257,3262.914804828779,15549.10450794198,4528
0,0,258,3521.840303566993,22527.86630885448,4459
0,0,259,3204.113670865553,17480.36343636862,4377
0,0,260,3178.073175811661,18281.69837069657,4184
0,0,261,3100.520702369491,16806.19293483214,4092
0,0,262,3143.003618204526,20663.56137403565,4012
0,0,263,2996.441308729283,16474.04688810908,3927
0,0,264,2825.894748833186,13352.19626624623,3785
0,0,265,2616.058691524644,12290.95242472323,3616
0,0,266,2663.940270607223,13008.97977384365,3601
0,0,267,2854.178527837792,19692.53408092057,3551
0,0,268,2587.262696045871,13815.18805152833,3498
0,0,269,2711.365100102174,18544.3256311998,3237
0,0,270,2807.647150364033,18194.89922268891,3315
0,0,271,2530.298920237742,13961.61840991849,3270
0,0,272,2572.137064920792,16507.8576456565,3169
0,0,273,2421.767193248723,11850.8664099709,3118
0,0,274,2340.225335102914,12019.84344639097,3047
0,0,275,2390.112212923231,12808.87015703131,2929
0,0,276,2431.19196960108,12733.495186313,2898
0,0,277,2484.748621187726,15201.77452049755,2907
0,0,278,2252.611090775705,11934.63715498635,2807
0,0,279,2279.824957799646,11509.23765746563,2765
0,0,280,2333.540830655005,12340.2329773988,2698
0,0,281,1997.867364120222,11174.428485948,2610
0,0,282,2290.658894697005,15636.2477581713,2607
0,0,283,2175.134639157332,12147.92069048238,2548
0,0,284,2154.497410125849,12884.6296412342,2538
0,0,285,1982.115255423363,10646.02848164951,2499
0,0,286,1889.044480175452,9399.236717643358,2415
0,0,287,1969.962675598509,10564.13235868098,2340
0,0,288,2047.505438533809,14027.75127136174,2376
0,0,289,1928.295552357731,13414.32029796873,2315
0,0,290,1837.093208611607,10196.86430277082,2194
0,0,291,1883.582493503276,10416.16522987263,2151
0,0,292,1808.711097049363,8804.294315313877,2164
0,0,293,1712.551987893776,8126.57082940677,2130
0,0,294,1862.748606767221,11039.2860324712,2029
0,0,295,1747.906072524131,10486.72059396816,2005
0,0,296,1740.760762693103,10633.50139184089,1995
0,0,297,1694.202971104922,9376.455905343666,2020
0,0,298,1695.540029236442,9452.457773495325,1917
0,0,299,1745.290817985022,9973.979106675733,2521
