# mesh name: boxMesh_1
# primitive scorer name: doseScorer
# iX, iY, iZ, total(value) [MeV], total(val^2), entry
0,0,0,4737072.386352571,5795207.348563616,10000000
0,0,1,4818514.179692084,6218687.65589872,9998798
0,0,2,4848595.913169078,6451847.884105199,9996446
0,0,3,4869609.705399278,6496430.039321293,9993445
0,0,4,4890820.934120309,6643420.096069157,9989931
0,0,5,4909605.080547135,6727230.690218047,9986086
0,0,6,4924859.66035253,6696724.725305062,9981875
0,0,7,4938459.164267676,6734524.786428087,9977213
0,0,8,4961279.462229039,7074025.725210359,9972151
0,0,9,4972197.934764542,7052417.795799106,9966778
0,0,10,4984411.215916441,7027269.578801222,9961168
0,0,11,4993962.787160091,7021255.682826104,9955249
0,0,12,5008187.511239486,7064681.720011161,9948963
0,0,13,5013933.003425961,6974585.80482905,9942389
0,0,14,5028914.78259283,7147343.358332565,9935607
0,0,15,5037992.492590854,7225686.680869693,9928403
0,0,16,5047674.790677644,7225426.204087166,9921136
0,0,17,5052487.847748099,7238272.249050643,9913415
0,0,18,5060954.26273009,7142801.955162302,9905644
0,0,19,5067141.996633766,7172050.927172452,9897683
0,0,20,5076774.32689469,7224395.324254232,9889630
0,0,21,5080603.977430318,7060326.593353064,9881346
0,0,22,5091548.415035962,7166243.039188089,9872830
0,0,23,5102064.729162395,7302422.260821192,9863935
0,0,24,5110536.615681511,7342974.641310389,9854927
0,0,25,5116879.603004817,7297178.70554964,9845618
0,0,26,5123494.440803714,7360268.560698219,9836084
0,0,27,5126724.916496568,7252073.346857613,9826316
0,0,28,5129582.953322236,7174985.624092788,9816462
0,0,29,5137082.092614086,7321843.574543249,9806501
0,0,30,5146228.245941435,7481005.287024649,9796212
0,0,31,5147853.694450403,7289581.381158459,9785918
0,0,32,5156374.79462772,7353252.747316775,9775496
0,0,33,5160158.364867149,7415152.389563939,9764924
0,0,34,5164341.820528368,7360804.36271805,9753951
0,0,35,5167148.454284715,7214571.085268255,9742926
0,0,36,5176417.303756689,7428376.443398538,9731625
0,0,37,5177484.608175409,7297307.328346044,9720147
0,0,38,5182004.874724539,7360420.193303407,9708646
0,0,39,5189046.946611587,7372630.02626332,9696974
0,0,40,5192127.474087505,7371434.055035508,9685553
0,0,41,5197120.869063569,7342258.401078695,9673321
0,0,42,5203563.155651293,7454002.375677318,9661381
0,0,43,5207889.721889884,7413645.89262813,9649242
0,0,44,5213946.692828494,7504659.748584843,9636898
0,0,45,5214758.529749013,7407945.60507843,9624318
0,0,46,5218059.564967581,7306282.89748641,9611862
0,0,47,5225878.04928535,7483943.864258037,9599210
0,0,48,5225455.398148571,7314154.831398759,9586391
0,0,49,5234442.609011664,7438325.658831139,9573599
0,0,50,5236728.915171791,7445007.840591566,9560650
0,0,51,5241857.681645696,7498963.577657708,9547358
0,0,52,5242284.965437761,7390522.075387742,9534228
0,0,53,5245563.03313377,7341238.906744149,9521072
0,0,54,5251444.384369619,7464506.172385449,9507645
0,0,55,5252501.15286978,7350129.390590465,9494048
0,0,56,5259085.096693584,7471077.270054804,9480833
0,0,57,5262207.509348923,7424597.530725893,9467108
0,0,58,5265392.413296564,7455081.981544237,9453214
0,0,59,5267032.665654708,7418499.71958138,9439409
0,0,60,5268715.091580172,7407603.791740009,9425502
0,0,61,5270238.639866897,7320605.062711585,9411227
0,0,62,5277868.362789134,7452489.444606702,9397182
0,0,63,5279864.391764716,7347811.377574634,9383038
0,0,64,5284980.793756754,7434193.119233702,9368669
0,0,65,5288552.188138186,7498734.563871075,9354289
0,0,66,5288791.189184353,7350900.665791283,9339696
0,0,67,5293674.126841632,7412153.06765548,9325314
0,0,68,5298211.703471488,7428427.288546656,9310927
0,0,69,5299350.149718499,7403529.895847991,9296207
0,0,70,5305943.844180783,7511116.919740533,9281471
0,0,71,5309191.315266152,7470617.307107206,9266621
0,0,72,5311036.875236159,7456921.687884992,9251782
0,0,73,5314500.010454099,7380215.800178908,9236680
0,0,74,5316702.764154807,7348643.973626965,9221794
0,0,75,5322150.004664864,7393701.081704818,9206753
0,0,76,5326642.565430411,7446213.316589819,9191744
0,0,77,5328934.35727107,7469269.657495385,9176491
0,0,78,5331247.395317147,7420273.688942514,9161231
0,0,79,5338085.717409862,7498466.637666501,9145762
0,0,80,5342429.717281574,7589124.875807025,9130353
0,0,81,5339611.618122721,7349344.782195199,9114989
0,0,82,5347235.97574676,7471346.998311369,9099357
0,0,83,5351202.564034198,7457942.887675648,9083865
0,0,84,5353336.826543879,7378939.083370721,9068116
0,0,85,5358560.599295041,7437332.237045284,9052289
0,0,86,5360226.765200795,7393913.070895691,9036358
0,0,87,5367009.144517899,7477218.408124575,9020340
0,0,88,5370090.006774887,7496134.475980967,9004519
0,0,89,5376149.507364173,7525403.514720136,8988223
0,0,90,5374656.795557771,7436513.333155763,8972012
0,0,91,5379984.769964889,7473532.599268584,8955787
0,0,92,5384869.900191607,7431218.84860679,8939692
0,0,93,5384542.420251052,7280797.630800199,8923701
0,0,94,5390550.390404141,7401108.63641228,8907487
0,0,95,5397866.175236363,7416228.55761564,8891196
0,0,96,5404459.463939654,7563702.685860358,8874937
0,0,97,5406276.101663141,7474969.875562136,8858319
0,0,98,5412315.380470354,7571761.579403095,8841788
0,0,99,5412016.004014932,7372495.802896045,8825000
0,0,100,5419513.47961232,7440277.162262483,8808881
0,0,101,5428764.658761899,7601570.679552674,8792315
0,0,102,5428924.366299723,7453615.157943574,8775527
0,0,103,5435632.463994335,7548497.057208857,8758774
0,0,104,5438777.57380953,7440004.591038694,8742034
0,0,105,5442328.153218337,7397783.830534634,8725319
0,0,106,5449295.236422091,7517725.613708302,8708385
0,0,107,5452170.701023588,7419323.196310253,8691442
0,0,108,5459157.529479777,7549327.43779098,8674227
0,0,109,5463503.362890101,7458603.219356173,8657168
0,0,110,5470252.551977082,7478906.481447729,8640172
0,0,111,5472604.39898032,7408975.799341289,8622935
0,0,112,5476013.439339288,7396789.049225895,8605652
0,0,113,5486049.4341605,7530016.308232895,8588273
0,0,114,5491172.971921824,7473224.938602841,8570967
0,0,115,5495403.992844222,7430840.668474901,8553717
0,0,116,5503045.063303602,7565883.239290649,8536328
0,0,117,5509059.59888706,7569430.244558221,8518846
0,0,118,5514526.393390065,7501492.862995845,8501297
0,0,119,5517935.212615067,7470182.720331418,8483695
0,0,120,5527242.62360102,7578650.19663999,8466211
0,0,121,5531017.278534928,7475486.751120016,8448414
0,0,122,5537122.617615828,7519892.293596831,8430263
0,0,123,5544507.565539457,7589870.371398356,8412455
0,0,124,5551158.834745484,7530193.364666264,8394844
0,0,125,5557242.587729558,7518809.325325408,8376818
0,0,126,5564267.629085939,7597482.482930587,8358682
0,0,127,5568976.92025882,7479935.930682195,8340586
0,0,128,5572628.577085537,7382851.024593506,8322478
0,0,129,5585123.649468582,7553052.624338909,8304765
0,0,130,5594503.803298553,7608604.440346774,8286656
0,0,131,5598259.937471939,7561774.080354432,8268231
0,0,132,5607893.247292167,7590918.208904094,8250064
0,0,133,5616025.36958837,7601954.579455346,8231709
0,0,134,5624861.867876428,7637715.412532737,8213534
0,0,135,5634189.434806336,7583676.385841399,8195215
0,0,136,5645306.764382981,7690126.628253977,8176888
0,0,137,5652945.450457079,7616050.595377482,8158543
0,0,138,5661809.474231336,7667640.108583703,8139825
0,0,139,5669229.452988356,7566277.272839768,8121528
0,0,140,5682812.7987002,7651686.536302138,8103019
0,0,141,5692494.180977388,7617210.056667023,8084146
0,0,142,5703427.52640808,7690073.858004081,8065508
0,0,143,5713793.951894367,7658575.458371932,8046668
0,0,144,5726413.987257784,7752972.419944383,8027945
0,0,145,5732762.591298286,7630153.58744203,8008765
0,0,146,5746660.084302344,7797739.38352121,7989500
0,0,147,5755311.333132139,7661648.282861575,7970531
0,0,148,5764288.788948271,7594568.175086694,7951384
0,0,149,5778257.421324097,7732620.062500273,7932448
0,0,150,5790204.075109866,7704484.669293091,7913095
0,0,151,5805435.782525493,7856555.879903121,7894070
0,0,152,5818331.987350097,7881866.962601938,7875018
0,0,153,5829953.984688682,7857036.893478368,7855496
0,0,154,5842868.999731131,7863258.39523772,7836244
0,0,155,5857777.275882518,7919784.466060265,7817095
0,0,156,5871689.938779352,7904645.109227104,7797511
0,0,157,5885741.815966496,7940602.712220084,7777998
0,0,158,5901313.839685988,7995338.329894286,7758307
0,0,159,5913564.233557002,7928892.685087785,7738699
0,0,160,5929861.531238645,8049600.918322727,7718706
0,0,161,5943208.394884743,8028259.486849385,7698932
0,0,162,5958442.64984257,8091908.953471493,7678902
0,0,163,5971704.76190058,8050372.808527257,7659021
0,0,164,5990232.09008158,8090152.857978682,7639066
0,0,165,6006682.285061401,8092841.140834047,7619266
0,0,166,6024628.895695517,8109428.002639089,7599168
0,0,167,6044604.863217281,8219066.830645529,7579020
0,0,168,6058197.642346021,8167597.320906933,7558809
0,0,169,6076325.392558295,8225322.337173261,7538308
0,0,170,6096851.546504389,8283412.988150467,7518135
0,0,171,6114050.757186447,8257337.100712112,7497440
0,0,172,6136631.961974129,8333978.67207733,7477048
0,0,173,6152813.866217399,8276013.95158527,7456331
0,0,174,6177558.908706188,8399939.01550132,7435953
0,0,175,6197948.762981025,8419353.143711947,7415272
0,0,176,6217632.019386548,8431488.04206986,7394361
0,0,177,6236206.742105972,8381396.989791485,7373408
0,0,178,6262781.725152016,8506496.516133811,7352451
0,0,179,6289386.187556949,8626438.154443622,7331743
0,0,180,6308556.82392014,8680152.343019754,7310618
0,0,181,6325359.888870245,8643260.674762864,7289117
0,0,182,6346657.028317336,8715943.627073614,7267826
0,0,183,6366155.974000698,8738771.724492569,7246369
0,0,184,6387452.670782063,8818319.208166717,7224841
0,0,185,6410019.20962208,8799014.163183419,7203053
0,0,186,6441697.356637329,8826755.715883723,7181072
0,0,187,6482354.026242206,9005574.307304488,7159225
0,0,188,6521922.672258751,9007720.735399341,7137287
0,0,189,6565985.207029141,9100074.874510314,7115388
0,0,190,6612353.078173639,9221882.026918331,7092949
0,0,191,6656614.366581962,9385476.881494911,7070717
0,0,192,6699170.293572536,9427546.709517999,7048313
0,0,193,6742298.379699778,9550986.826417908,7025776
0,0,194,6781475.225647274,9598675.837639051,7003111
0,0,195,6818377.456865896,9659792.304215834,6980202
0,0,196,6853816.385140092,9733091.391462475,6957132
0,0,197,6889773.368243451,9820194.753087712,6933691
0,0,198,6924400.25530639,9897420.671052391,6910775
0,0,199,6961206.017210565,10009573.79102688,6887327
0,0,200,6997760.491018121,10021786.66989341,6863941
0,0,201,7044171.284999801,10240767.38007134,6840543
0,0,202,7087509.596252318,10280545.76004419,6816509
0,0,203,7138514.662962455,10393939.81372822,6792497
0,0,204,7196214.769953554,10518639.74297338,6768759
0,0,205,7263480.322512649,10712870.1716524,6744887
0,0,206,7336208.933082851,10889159.32224321,6720422
0,0,207,7416137.671015063,11122894.74123354,6696112
0,0,208,7501648.783382723,11360329.00095608,6671046
0,0,209,7589536.172114399,11511612.75668741,6645709
0,0,210,7687674.42038865,11831083.44317719,6620289
0,0,211,7790228.179230962,12136507.85869142,6595014
0,0,212,7893158.510050867,12433025.05792273,6568871
0,0,213,7997885.390749434,12699568.86633465,6542308
0,0,214,8106643.729992763,13036138.36997876,6516064
0,0,215,8217139.742723349,13321596.90260012,6489328
0,0,216,8333375.954043146,13679586.14609868,6462632
0,0,217,8463071.79869752,14170405.48061464,6435172
0,0,218,8598016.85998038,14563227.01505302,6407493
0,0,219,8751414.841012048,15159950.12014866,6379031
0,0,220,8920329.620522371,15784363.74863346,6349915
0,0,221,9110870.989892228,16512018.16022603,6320342
0,0,222,9313726.789131582,17150974.91139521,6290190
0,0,223,9542813.725539951,17970862.66595488,6259772
0,0,224,9787125.912383787,18773266.0867317,6228011
0,0,225,10064728.59234626,19748635.93272958,6195942
0,0,226,10373494.82994595,20818222.72919609,6163294
0,0,227,10727377.14685655,22154309.61693016,6129330
0,0,228,11141236.61588185,23776812.19015177,6094335
0,0,229,11641498.96933879,26017383.04461832,6057410
0,0,230,12250418.67687976,28989607.93862028,6017073
0,0,231,12992694.26968466,32941119.62091785,5970257
0,0,232,13906703.05764855,38438089.96786147,5910467
0,0,233,15005241.64358173,45960916.85302666,5825136
0,0,234,16227181.69871876,55613744.76797218,5690932
0,0,235,17369581.8901291,66643847.59209773,5469125
0,0,236,18067430.41530317,76928824.99616936,5111701
0,0,237,17860589.3578212,83200827.47531162,4578071
0,0,238,16391782.1785404,82163610.13255526,3858382
0,0,239,13660704.9849843,72437077.89033726,3004430
0,0,240,10130802.26760255,56016912.03189222,2118961
0,0,241,6595019.110825163,37601879.85544533,1333784
0,0,242,3712127.225662866,21593208.96114623,737866
0,0,243,1790865.844571427,10551597.46739618,355751
0,0,244,730599.600875471,4332767.521004518,148878
0,0,245,252671.0007041794,1497351.569177661,56019
0,0,246,73630.60525870955,430743.6005999744,20941
0,0,247,21368.16726307753,123293.5939009874,10344
0,0,248,7831.16131545005,43271.25652883049,7278
0,0,249,5101.781617974041,33705.34997066996,6582
0,0,250,4584.151314297621,25740.22683331861,6191
0,0,251,4621.216568683769,31850.91127070281,6016
0,0,252,4522.462134517207,28015.09905027942,5911
0,0,253,4078.179956606873,21750.06666205981,5644
0,0,254,4144.204546442996,23198.3802390474,5582
0,0,255,3746.300728703028,17440.01574376577,5340
0,0,256,3759.970666910148,19586.40923569683,5090
0,0,257,3651.146861896099,21279.99493127074,4910
0,0,258,3610.36466010958,22266.90738886103,4850
0,0,259,3573.880942587437,20647.29345872167,4714
0,0,260,3537.990173828094,20898.21536878901,4591
0,0,261,3560.49348986821,27259.135090453,4421
0,0,262,3247.416334709859,17369.3873943946,4417
0,0,263,3236.185807942259,19268.07355684979,4237
0,0,264,3150.022982365367,16595.38221848409,4185
0,0,265,3114.987700421856,15645.8855776604,4104
0,0,266,2914.438126416706,16821.13579761311,4036
0,0,267,2964.947369256592,16580.73352797862,3936
0,0,268,2907.729599708783,15929.24035701046,3793
0,0,269,2821.988941845826,19364.2340324613,3656
0,0,270,2811.920097687724,15492.17185885461,3637
0,0,271,2809.828986975781,17003.39371112883,3578
0,0,272,2830.729193220397,15150.02922189243,3511
0,0,273,2820.567927326093,18534.07868683869,3383
0,0,274,2631.186419405919,14195.46402012986,3326
0,0,275,2700.635828976779,15605.97068901914,3265
0,0,276,2619.953790393968,14469.30975123462,3197
0,0,277,2627.538426404156,16580.53026265584,3112
0,0,278,2621.697871208618,17084.77281764181,3019
0,0,279,2583.391098478886,13718.32515218375,2980
0,0,280,2500.649191303549,14063.55025065455,2932
0,0,281,2375.960556519134,13915.10746800605,2829
0,0,282,2257.062282596792,10930.1811438292,2822
0,0,283,2380.617827391532,15307.13917082708,2801
0,0,284,2141.853257550292,11854.91335220902,2616
0,0,285,2140.168547594576,10389.23328008853,2764
0,0,286,2063.335493560792,10466.98046001923,2616
0,0,287,2181.288496802997,13052.6311712243,2506
0,0,288,2171.362484510829,13680.1432132279,2506
0,0,289,2171.785538100665,12473.14061682693,2451
0,0,290,2067.135879623042,12692.20748933687,2472
0,0,291,1907.414445869472,10206.4857488741,2373
0,0,292,1963.703977898907,13551.60596574865,2248
0,0,293,1947.795183444648,11667.46090345041,2232
0,0,294,1967.874182221539,11969.62782905884,2234
0,0,295,1858.390862284904,11220.9750931895,2212
0,0,296,1774.860448468197,10655.39455572404,2185
0,0,297,1879.364435588291,12052.9900044793,2086
0,0,298,1752.24511225624,10595.2400611012,2058
0,0,299,1730.266383493066,9865.748455590126,2630
