# mesh name: boxMesh_1
# primitive scorer name: doseScorer
# iX, iY, iZ, total(value) [MeV], total(val^2), entry
0,0,0,4704784.964062565,5763717.157656813,10000000
0,0,1,4786895.272682376,6208530.775601158,9998818
0,0,2,4818144.242606563,6523114.116479882,9996491
0,0,3,4837428.791578476,6496639.714906005,9993475
0,0,4,4857943.637130077,6600269.053330737,9990023
0,0,5,4876395.16022517,6644439.476180896,9986217
0,0,6,4893124.00458736,6716665.405286063,9981984
0,0,7,4905825.073607778,6736357.057176008,9977345
0,0,8,4927436.300853942,6995535.734563163,9972357
0,0,9,4939061.140882812,7011209.791828155,9967070
0,0,10,4950115.215816977,6973145.02586997,9961479
0,0,11,4959779.145983901,6964241.588440293,9955695
0,0,12,4974429.112496798,7053860.725732673,9949368
0,0,13,4979590.867921143,6906140.3912466,9942901
0,0,14,4993462.599684496,7057660.240753222,9936101
0,0,15,5003292.578541351,7178083.546752314,9928981
0,0,16,5011984.557536384,7116338.458096026,9921783
0,0,17,5018781.782091494,7191243.917434286,9914234
0,0,18,5026978.414705036,7110957.00831141,9906421
0,0,19,5035749.324429137,7234478.875413313,9898629
0,0,20,5042840.924717557,7147335.422005462,9890490
0,0,21,5048366.337682086,7099786.395689792,9882281
0,0,22,5059103.155008096,7221706.241024647,9873781
0,0,23,5064670.54425183,7223707.552166998,9864917
0,0,24,5073503.104653012,7236627.229386535,9855752
0,0,25,5079262.912134963,7297170.315671351,9846610
0,0,26,5085994.549065268,7300611.040471222,9837109
0,0,27,5090042.07294753,7213651.349014998,9827500
0,0,28,5094829.330033835,7224098.2383755,9817829
0,0,29,5099932.738406627,7210951.527373863,9807951
0,0,30,5109040.872523393,7402368.583563508,9797759
0,0,31,5109399.851177447,7205761.184059162,9787420
0,0,32,5119138.612235707,7277979.402444701,9777155
0,0,33,5122558.406100374,7365522.59915808,9766422
0,0,34,5125099.164442648,7263446.798105035,9755475
0,0,35,5129664.663250731,7147446.248349564,9744481
0,0,36,5138411.686824038,7416912.333780658,9733530
0,0,37,5140502.862708474,7333959.206287457,9722102
0,0,38,5146649.070582729,7421036.04750794,9710668
0,0,39,5147992.067712182,7293985.266645489,9699256
0,0,40,5154979.462588895,7409010.795819606,9687616
0,0,41,5159219.819736411,7345796.35689659,9675638
0,0,42,5165707.103026895,7472386.298888044,9663768
0,0,43,5168580.180887423,7392505.720506132,9651677
0,0,44,5176057.893702189,7486858.615210835,9639524
0,0,45,5176253.166191896,7301343.930558478,9627008
0,0,46,5179826.037140885,7379106.095658575,9614725
0,0,47,5184700.510852098,7391510.924906677,9602064
0,0,48,5186639.970104014,7349056.692901959,9589375
0,0,49,5195106.591151605,7458434.379503025,9576662
0,0,50,5198759.473757541,7437219.605969738,9563682
0,0,51,5203355.114822282,7510932.278464575,9550546
0,0,52,5204428.921353613,7431301.219014039,9537364
0,0,53,5204903.252388566,7325938.905929416,9524013
0,0,54,5209932.584420569,7361697.378664427,9510507
0,0,55,5212279.719930636,7386262.861251671,9496935
0,0,56,5215801.456428628,7370648.927516731,9483405
0,0,57,5218421.598837897,7357539.755719726,9469990
0,0,58,5225011.467065793,7471708.858457064,9456430
0,0,59,5224583.607063722,7408318.562813195,9442763
0,0,60,5225575.493057014,7255788.699988315,9428953
0,0,61,5230455.384925315,7372299.280355182,9414989
0,0,62,5233756.597775827,7358478.18188667,9401009
0,0,63,5235782.622126279,7319329.549639427,9387184
0,0,64,5242861.66695435,7439611.490871996,9372844
0,0,65,5244582.961328538,7416994.776990358,9358481
0,0,66,5245144.062192827,7308285.048463802,9344134
0,0,67,5250237.300080674,7385266.631728964,9329855
0,0,68,5256412.910702827,7527575.414765356,9315319
0,0,69,5254073.038033472,7351113.570112928,9300717
0,0,70,5261983.049589712,7479542.507622214,9285936
0,0,71,5264104.579460384,7426163.462560709,9271198
0,0,72,5265640.725981959,7451633.018241771,9256310
0,0,73,5265808.796853068,7302580.685731173,9241334
0,0,74,5269031.816457089,7277318.413224942,9226423
0,0,75,5276730.043473516,7456829.321242152,9211417
0,0,76,5280729.942644989,7439466.868045811,9196337
0,0,77,5281685.665683215,7392360.110539766,9181093
0,0,78,5283964.509564557,7405049.596188365,9165861
0,0,79,5290097.632180616,7497755.281045527,9150607
0,0,80,5296357.507961284,7534980.692444431,9135342
0,0,81,5293961.267613265,7363496.831697335,9119959
0,0,82,5298213.265641274,7394241.952862869,9104359
0,0,83,5301241.930485419,7361284.052974929,9088676
0,0,84,5303076.024105391,7429027.217876868,9072962
0,0,85,5307106.831403056,7386117.160895603,9057255
0,0,86,5310254.524400413,7346310.387879007,9041666
0,0,87,5315534.417355938,7433495.964380709,9026035
0,0,88,5317601.976131579,7450975.418631831,9010158
0,0,89,5322311.895697737,7452525.121933769,8994392
0,0,90,5324872.736438517,7439216.402482039,8978484
0,0,91,5328493.15192627,7406045.356247502,8962675
0,0,92,5331592.928389092,7363015.516634823,8946374
0,0,93,5332917.701821,7298545.918299054,8930243
0,0,94,5339543.901394634,7377428.740164088,8914106
0,0,95,5342690.529259862,7358516.572015516,8897892
0,0,96,5352739.42059663,7489186.920102442,8881611
0,0,97,5351773.852628601,7367887.849622083,8865103
0,0,98,5354213.49033113,7343701.222664197,8848770
0,0,99,5355834.195387267,7333647.055022148,8832187
0,0,100,5362156.932613784,7381364.850682651,8815954
0,0,101,5368523.17818932,7443372.03592222,8799476
0,0,102,5375411.137377605,7547481.882575339,8782627
0,0,103,5378372.453517134,7484657.419207227,8766057
0,0,104,5383788.079380732,7470816.160824055,8749293
0,0,105,5387631.013095141,7528037.045497823,8732488
0,0,106,5390494.65662688,7405868.937381199,8715817
0,0,107,5396445.688590233,7475063.868432433,8698889
0,0,108,5396512.336017419,7401585.094694972,8681942
0,0,109,5399236.664316005,7410488.02487137,8664722
0,0,110,5408667.726787559,7485369.031396516,8647932
0,0,111,5410163.536940673,7444329.786712955,8630771
0,0,112,5412674.766166709,7370881.472475022,8613634
0,0,113,5423289.609970777,7506153.536608625,8596758
0,0,114,5426775.735564231,7425753.923268905,8579628
0,0,115,5430548.994859277,7459278.736448083,8562071
0,0,116,5430496.772315701,7355839.334297026,8544672
0,0,117,5440494.917083269,7483697.878332469,8527547
0,0,118,5443521.238455791,7376594.043949196,8510269
0,0,119,5450528.32185916,7445449.68696311,8493116
0,0,120,5455876.378322661,7424587.881057534,8475797
0,0,121,5464287.225852448,7466590.842329868,8458444
0,0,122,5468058.733351229,7427530.392393081,8440699
0,0,123,5474746.899751263,7499964.99627433,8423161
0,0,124,5479135.695804255,7452696.3918186,8405528
0,0,125,5486851.860792284,7502883.510334598,8387764
0,0,126,5493933.901922651,7472155.536086403,8370168
0,0,127,5499076.254766324,7504675.724421533,8352225
0,0,128,5503403.261662027,7450100.31071389,8334266
0,0,129,5510393.360451717,7505897.483274837,8316362
0,0,130,5517556.815610756,7482027.743132629,8298718
0,0,131,5524100.668228866,7481648.7637171,8280745
0,0,132,5533919.335590971,7633520.515229529,8262725
0,0,133,5536845.425263471,7462384.270110093,8244776
0,0,134,5547282.949030058,7601053.834631087,8226689
0,0,135,5550298.939586463,7460668.605839915,8208265
0,0,136,5563375.274331409,7650270.754860044,8190065
0,0,137,5568225.461617075,7588967.824750209,8171657
0,0,138,5576149.574148327,7521980.530506387,8153639
0,0,139,5582453.352722251,7499745.244746983,8135271
0,0,140,5594654.215402236,7565383.704699394,8117172
0,0,141,5603984.251553895,7573942.409473198,8098829
0,0,142,5614415.653464515,7620634.532324231,8080546
0,0,143,5620430.068371463,7560017.899371669,8061890
0,0,144,5632436.375821517,7573022.097526307,8043557
0,0,145,5644431.273054725,7650414.513631771,8025081
0,0,146,5654887.424154904,7620047.619198107,8006552
0,0,147,5667172.894705113,7721598.162247565,7987859
0,0,148,5673676.39840035,7550402.568351431,7969133
0,0,149,5686308.749198816,7674837.035702791,7950408
0,0,150,5695746.675589832,7661552.204122527,7931417
0,0,151,5707050.683070219,7636605.29483285,7912549
0,0,152,5714153.768879208,7570109.479385912,7893065
0,0,153,5726145.133012037,7627652.833107216,7874257
0,0,154,5742089.27973513,7723641.800572122,7855020
0,0,155,5750687.538886554,7661630.816133492,7836021
0,0,156,5764731.142144003,7744088.107947044,7816817
0,0,157,5780147.470522827,7821371.082059038,7797407
0,0,158,5794875.96811149,7859001.091287115,7778263
0,0,159,5807131.083179155,7870948.029347576,7758634
0,0,160,5819992.179916076,7883565.149363296,7739245
0,0,161,5833352.543868424,7918015.446078757,7719794
0,0,162,5843931.671190331,7815770.469527765,7700248
0,0,163,5861139.751187176,7938371.071178466,7680692
0,0,164,5875806.288395695,7887332.721956316,7661080
0,0,165,5888871.346724007,7916703.728604414,7641295
0,0,166,5902769.152435549,7878479.844935073,7621507
0,0,167,5920151.286578568,8017211.918214818,7601633
0,0,168,5934495.943149963,7955323.140856677,7581691
0,0,169,5951570.477601848,8044251.542978898,7561879
0,0,170,5970396.104684644,8107595.61047835,7542031
0,0,171,5987914.996752408,8135712.763935349,7521824
0,0,172,6001294.240175995,8032532.191659389,7501776
0,0,173,6020562.762417919,8168681.755051194,7481298
0,0,174,6037627.00586131,8075737.010901075,7461236
0,0,175,6055183.761781851,8150932.72094479,7440839
0,0,176,6075141.229900376,8166701.75559857,7420685
0,0,177,6096786.860913251,8317484.875954973,7400332
0,0,178,6113704.98621868,8259997.990618198,7379568
0,0,179,6137566.234833285,8331176.620319786,7359171
0,0,180,6159317.768650635,8397346.212335389,7338454
0,0,181,6178971.152840044,8411498.230930131,7317621
0,0,182,6201887.518909363,8457910.419762779,7296549
0,0,183,6225235.527745278,8565543.856179103,7275694
0,0,184,6244365.933847087,8557530.943849023,7254660
0,0,185,6265584.925064035,8618091.790343992,7233523
0,0,186,6283383.741240464,8622704.38480648,7212379
0,0,187,6301954.908823852,8592640.42193581,7191300
0,0,188,6321338.815506517,8649679.979813933,7169682
0,0,189,6347618.454412803,8740712.18499995,7148240
0,0,190,6374035.359777492,8721190.526465537,7126414
0,0,191,6412646.325145269,8842468.814333288,7104948
0,0,192,6451300.288984149,8893441.032741029,7083086
0,0,193,6494999.488098917,8979408.395271996,7061098
0,0,194,6539522.419282626,9093624.551882729,7039261
0,0,195,6582032.909817196,9153987.462733274,7017172
0,0,196,6626728.807446292,9275719.259052379,6994843
0,0,197,6672468.125166429,9457556.412498619,6972710
0,0,198,6709933.684801188,9462221.991569843,6950215
0,0,199,6747044.028436832,9535042.04647297,6927399
0,0,200,6786065.118383155,9692287.102839908,6904727
0,0,201,6818271.016472565,9658761.177381041,6881879
0,0,202,6858724.077687332,9873880.334936045,6858939
0,0,203,6889676.213950668,9818808.912813313,6835805
0,0,204,6928459.058330739,9964635.62415817,6812384
0,0,205,6965333.566355389,9998153.228558354,6788786
0,0,206,7009996.726493944,10128476.08311454,6765043
0,0,207,7062314.441207528,10279781.64787782,6741699
0,0,208,7121294.74373972,10505495.98723466,6717695
0,0,209,7183170.046789844,10637062.19866856,6693439
0,0,210,7246747.916864055,10726669.03632316,6668749
0,0,211,7323275.180722153,10928357.83236295,6644094
0,0,212,7406995.591734701,11229176.73803385,6619447
0,0,213,7492077.844734837,11366293.65813403,6594456
0,0,214,7588144.998417169,11679749.54265438,6569577
0,0,215,7687905.312004137,11954358.78875121,6544286
0,0,216,7787692.405620746,12205449.02276119,6518830
0,0,217,7889700.902629383,12447752.38733475,6492797
0,0,218,7998377.688639926,12787247.53268196,6466826
0,0,219,8108964.144405045,13112280.1719518,6440587
0,0,220,8220118.245010842,13414227.13717207,6413632
0,0,221,8342675.093639742,13850045.05860131,6386446
0,0,222,8475356.18918971,14309213.60724555,6359233
0,0,223,8621045.123210151,14823499.37686436,6331072
0,0,224,8788112.467004307,15504856.21298864,6302908
0,0,225,8963056.799515795,16042966.55112212,6273653
0,0,226,9162639.817289203,16780181.17530632,6244096
0,0,227,9379310.723737,17515189.69846613,6213608
0,0,228,9614265.456964441,18263897.45430809,6182038
0,0,229,9881452.017400671,19242625.11845201,6150637
0,0,230,10173781.76940208,20259359.65994117,6118218
0,0,231,10508728.49945445,21473304.13087283,6084866
0,0,232,10904573.99142512,23112102.59862265,6050695
0,0,233,11362666.54909421,24962011.00688194,6014465
0,0,234,11930735.20427515,27706899.58965133,5975660
0,0,235,12617266.48936976,31255452.4810372,5930962
0,0,236,13466278.34293317,36229191.63402604,5875566
0,0,237,14490959.80882673,42958637.79864661,5800007
0,0,238,15655781.94989292,51793567.19491594,5682656
0,0,239,16817507.03289483,62242667.97784026,5493274
0,0,240,17664382.64663021,72720570.02371825,5186505
0,0,241,17768995.21900669,80320284.76336199,4717246
0,0,242,16737019.67835727,81688040.98849835,4067404
0,0,243,14475156.23238636,75157123.78882924,3267462
0,0,244,11256418.7569074,61241610.30342656,2401230
0,0,245,7745305.414750185,43606313.34464978,1588096
0,0,246,4650581.806840862,26821299.69168873,931354
0,0,247,2411794.596933058,14120810.28684659,479304
0,0,248,1069832.258971493,6320644.361165543,215185
0,0,249,402294.4857428423,2378822.293222323,85275
0,0,250,129641.1325733673,764414.9042019838,31791
0,0,251,37389.25664010394,220789.4646882785,13397
0,0,252,11944.24363574978,68452.86756704042,8189
0,0,253,5837.841482557971,36133.20267432243,6642
0,0,254,4527.283705347523,25002.71658623687,6296
0,0,255,4140.589156011951,20143.16841930872,6010
0,0,256,4312.187194958691,24135.49402655383,5882
0,0,257,3966.009726543784,22588.45159132919,5534
0,0,258,3897.163704532994,18936.60167043093,5555
0,0,259,3900.861059577253,22678.19724600109,5397
0,0,260,3823.644218011291,19363.13795627459,5242
0,0,261,3859.784268414031,21542.08886119018,5167
0,0,262,3805.47472254604,21416.49905172677,5011
0,0,263,3615.461452420867,20544.18271775006,4983
0,0,264,3258.096578819697,15212.54137799609,4805
0,0,265,3335.507943882956,18189.18922615047,4647
0,0,266,3504.276701043205,21210.12150876516,4518
0,0,267,3094.131993083643,17321.89100507118,4382
0,0,268,3209.108971283951,16351.49302784105,4313
0,0,269,3151.368759124208,15852.55770649486,4180
0,0,270,3217.484003810596,19343.47296794036,4063
0,0,271,3298.659682640445,19944.99863160995,3964
0,0,272,3094.868238591545,20758.02271515509,3838
0,0,273,3064.104477707111,17449.53749898928,3862
0,0,274,3159.088581130137,18923.01348272405,3686
0,0,275,2734.239634125448,15419.33586291419,3567
0,0,276,2859.270001433574,16175.28780087134,3527
0,0,277,2676.481744311007,15178.27055419783,3460
0,0,278,2570.540620898207,13867.17231932582,3291
0,0,279,2482.075789068585,11410.25866493371,3289
0,0,280,2630.691644399883,15265.70187065936,3202
0,0,281,2600.602454348053,13695.49404024154,3084
0,0,282,2588.20142105099,16555.3573375038,3117
0,0,283,2561.132140744423,16684.47224110662,3037
0,0,284,2485.336052189594,15187.86347220073,2967
0,0,285,2340.836168534435,11611.88187424462,2895
0,0,286,2333.668152339681,13127.82303209577,2892
0,0,287,2546.320853682363,16278.96104433901,2753
0,0,288,2402.405613981517,13996.41945290213,2830
0,0,289,2119.921431556363,10569.28084813503,2697
0,0,290,2122.064298610878,11572.02655414436,2591
0,0,291,2159.674899978786,12355.40924956656,2536
0,0,292,2062.201179073891,11346.67738976776,2501
0,0,293,1958.255820657751,13186.96021256828,2361
0,0,294,1981.01559370304,11394.45466895828,2431
0,0,295,1954.170856139227,12044.95275891527,2349
0,0,296,1947.635543393831,12433.44057345768,2244
0,0,297,1821.502847909449,9712.433256683747,2197
0,0,298,1714.234111683313,8728.18687112477,2196
0,0,299,1782.231159780755,11971.14408736903,2798
