# mesh name: boxMesh_1
# primitive scorer name: doseScorer
# iX, iY, iZ, total(value) [MeV], total(val^2), entry
0,0,0,4673125.999145835,5742231.539688661,10000000
0,0,1,4756820.466498498,6217494.296717266,9998814
0,0,2,4786818.716094273,6497068.465146737,9996510
0,0,3,4806052.453714046,6454352.225054124,9993556
0,0,4,4827609.898633399,6653266.184087452,9990120
0,0,5,4845940.672313053,6680897.392887658,9986356
0,0,6,4861806.364833702,6727078.331840537,9982101
0,0,7,4873666.305178376,6718745.412525043,9977542
0,0,8,4894374.08004926,6939565.928668663,9972567
0,0,9,4905857.172035961,6942986.982943017,9967241
0,0,10,4917676.181562054,6944414.651406531,9961841
0,0,11,4929385.193278582,7010693.435544868,9956104
0,0,12,4942712.331025268,7100340.539086132,9949837
0,0,13,4946566.792213171,6878913.201918657,9943405
0,0,14,4959941.444651335,7022613.513639663,9936757
0,0,15,4969694.498065429,7134730.89799499,9929499
0,0,16,4980009.186837126,7181709.097897039,9922344
0,0,17,4984298.970145535,7145017.526275918,9914840
0,0,18,4992282.316553674,7084739.970182062,9907109
0,0,19,5000539.062309672,7207487.03540282,9899285
0,0,20,5008174.106356965,7206596.255982202,9891247
0,0,21,5012227.474970013,7045155.788544299,9883080
0,0,22,5021846.689281952,7148495.675722212,9874659
0,0,23,5029585.512959272,7203768.987729785,9865979
0,0,24,5037709.53881849,7194695.229041118,9856941
0,0,25,5044937.532646028,7268811.28985726,9847851
0,0,26,5052284.756662792,7294088.542790924,9838374
0,0,27,5054957.240852397,7245109.474798396,9828904
0,0,28,5058458.211035434,7195410.131724499,9819259
0,0,29,5064784.475427506,7211874.449190175,9809474
0,0,30,5073645.75136824,7352293.799567844,9799368
0,0,31,5073662.02794303,7150256.155585353,9789186
0,0,32,5080329.147917389,7236506.951983846,9778939
0,0,33,5082337.848434906,7161343.546341839,9768273
0,0,34,5087890.301213497,7259503.025832997,9757556
0,0,35,5090672.912028421,7172289.139704484,9746632
0,0,36,5100485.883388112,7337028.858319196,9735674
0,0,37,5102017.737337972,7287162.138709589,9724202
0,0,38,5105736.716054971,7339856.068858385,9712819
0,0,39,5110312.790329154,7276257.157264656,9701442
0,0,40,5116395.112580197,7413018.907149646,9689834
0,0,41,5121310.670925479,7338572.354816002,9678098
0,0,42,5127208.399775307,7523564.069409789,9666131
0,0,43,5129868.750438301,7414466.83157522,9654244
0,0,44,5134137.831100935,7340485.272601216,9642209
0,0,45,5137545.540272491,7344703.361324376,9630161
0,0,46,5141303.19085905,7296069.770268664,9617715
0,0,47,5145908.937847883,7348925.234054938,9605397
0,0,48,5144891.655206302,7213021.988031458,9592606
0,0,49,5151337.478832899,7353113.424410136,9579823
0,0,50,5154304.895287782,7254410.072791791,9566982
0,0,51,5162409.400571421,7477583.786791518,9554204
0,0,52,5161524.720250197,7312642.792928748,9540728
0,0,53,5163197.409805755,7246457.314277703,9527571
0,0,54,5170682.866414103,7426397.817782164,9514133
0,0,55,5174364.419165476,7368029.067206163,9500819
0,0,56,5178384.504595906,7415590.011945041,9487404
0,0,57,5180750.647743888,7375420.705215449,9473957
0,0,58,5185032.531499037,7330016.777468964,9460456
0,0,59,5184401.48078883,7328892.662326515,9446444
0,0,60,5190355.801354246,7481060.161979507,9432524
0,0,61,5190022.590085478,7317718.471671336,9418480
0,0,62,5192141.951138345,7302377.973713257,9404858
0,0,63,5196836.93952601,7394052.108434364,9390822
0,0,64,5200760.696111246,7393772.448353162,9376796
0,0,65,5208213.261140143,7518846.660230553,9362580
0,0,66,5203666.835221902,7300412.824435403,9348078
0,0,67,5206484.62874775,7334878.268445603,9333881
0,0,68,5210057.934891758,7371957.386186509,9319464
0,0,69,5213481.734308176,7398328.329482703,9305044
0,0,70,5215783.773124256,7431460.145965163,9290266
0,0,71,5217791.729243159,7338708.763265677,9275427
0,0,72,5222986.889423924,7452936.039783107,9260773
0,0,73,5223149.7975352,7328829.009520177,9246261
0,0,74,5225949.091585098,7308646.750930133,9231321
0,0,75,5232611.982519493,7455377.119331793,9216524
0,0,76,5235633.268429754,7417871.282447064,9201563
0,0,77,5234890.011750026,7271695.803140039,9186542
0,0,78,5235258.714348063,7281502.565506519,9171340
0,0,79,5243080.675411544,7436941.975168478,9156066
0,0,80,5246318.911162122,7340200.885924906,9140988
0,0,81,5247841.009516359,7394112.765087059,9125370
0,0,82,5250267.385280079,7408764.93208165,9110035
0,0,83,5252912.871275934,7383496.410113237,9094388
0,0,84,5251906.950549707,7288001.94583771,9078738
0,0,85,5256890.212000199,7298388.773887185,9063199
0,0,86,5259220.952724695,7283708.191224391,9047744
0,0,87,5265327.137876255,7361717.48267569,9032194
0,0,88,5266385.414034664,7289669.597490159,9016460
0,0,89,5270245.291486673,7297864.750262544,9000908
0,0,90,5278385.866477116,7480581.93585412,8985058
0,0,91,5276593.552997857,7287395.988517724,8969273
0,0,92,5279501.920900769,7231182.034632707,8953543
0,0,93,5283831.974321793,7341342.410602817,8937467
0,0,94,5287521.015798189,7292997.021435203,8921567
0,0,95,5289395.969843249,7251134.107292982,8905194
0,0,96,5299828.236876462,7491952.555495437,8889181
0,0,97,5302887.93011152,7430529.815732318,8872999
0,0,98,5303591.57406256,7288867.294827199,8856641
0,0,99,5306672.337450793,7376003.016997357,8840413
0,0,100,5309285.977468852,7311712.23169741,8824122
0,0,101,5314276.892215157,7364281.264639402,8807438
0,0,102,5317028.289125584,7366026.219746834,8791275
0,0,103,5320705.73514792,7298841.530636925,8774719
0,0,104,5328230.673720422,7450046.651889202,8758344
0,0,105,5330100.157149925,7335257.321968626,8741778
0,0,106,5335882.151093212,7467467.722497698,8725026
0,0,107,5339077.733475935,7359869.699311729,8708245
0,0,108,5343831.205429835,7388819.324140497,8691923
0,0,109,5346180.412901949,7400036.744781665,8674857
0,0,110,5349999.368009744,7322097.775577299,8658136
0,0,111,5350107.131283142,7242939.715391411,8640985
0,0,112,5355158.276438697,7261304.536825911,8623923
0,0,113,5364493.384355938,7428097.131516427,8607138
0,0,114,5365357.891914366,7320355.25137776,8589973
0,0,115,5370156.022322732,7320342.736166628,8572967
0,0,116,5373475.788994953,7401162.866677321,8556001
0,0,117,5381261.738738834,7423641.777786406,8538647
0,0,118,5386477.885737373,7445678.028833379,8521544
0,0,119,5392032.261344908,7443816.763173961,8504378
0,0,120,5396488.19556417,7408760.767447103,8486740
0,0,121,5400221.434783572,7374685.167259567,8469574
0,0,122,5405005.22294411,7379394.555381937,8452343
0,0,123,5410533.183086641,7432195.557561067,8434966
0,0,124,5416052.176693094,7357048.763922351,8417330
0,0,125,5420944.091272353,7400853.460250629,8399683
0,0,126,5426460.371312671,7430729.545018296,8382261
0,0,127,5430112.99847992,7375611.297054108,8364624
0,0,128,5434434.50941695,7301783.740931542,8346964
0,0,129,5444129.309543596,7520742.487189031,8329429
0,0,130,5448922.922415134,7430859.834093911,8311312
0,0,131,5455125.425210267,7467044.478040675,8293607
0,0,132,5463958.448989302,7562966.250542112,8275991
0,0,133,5467688.559776131,7470776.920867319,8258075
0,0,134,5474689.571261032,7531787.96212952,8239885
0,0,135,5476380.768454664,7321317.337702313,8221995
0,0,136,5486315.090613348,7430801.129825294,8204154
0,0,137,5490155.07449213,7396991.770437519,8186045
0,0,138,5496158.275816386,7343917.930429932,8168038
0,0,139,5502573.812746731,7325045.292229909,8150117
0,0,140,5515204.158962299,7559429.494221052,8132286
0,0,141,5522595.656165625,7453916.504879728,8114364
0,0,142,5530543.733161258,7443530.357172507,8095905
0,0,143,5540090.267351435,7437257.47689469,8077685
0,0,144,5551524.220786949,7630467.47588253,8059458
0,0,145,5556127.791304372,7454556.410470821,8040973
0,0,146,5567465.92247642,7524854.938371196,8022681
0,0,147,5575515.663766429,7520327.12955975,8004348
0,0,148,5586016.244754329,7545456.882297618,7985443
0,0,149,5592667.599493304,7543340.374300225,7966743
0,0,150,5599211.40933579,7390002.849379105,7948136
0,0,151,5615695.948464957,7649895.810286445,7929586
0,0,152,5621310.968252405,7467656.319955951,7910951
0,0,153,5635627.973682638,7621292.057540081,7892143
0,0,154,5647295.906322941,7684180.57900657,7873235
0,0,155,5652500.140042208,7525865.525500651,7854391
0,0,156,5667743.825423922,7718334.591127743,7835418
0,0,157,5680707.507289283,7693159.367448417,7816410
0,0,158,5692568.003184165,7758449.00950706,7797323
0,0,159,5703549.598718183,7714427.310757447,7778305
0,0,160,5715399.637129985,7662856.068302371,7759120
0,0,161,5727399.543881307,7725956.442740988,7739948
0,0,162,5739445.478382513,7678952.210843098,7720621
0,0,163,5754270.130212457,7804436.755294596,7701634
0,0,164,5765323.776536343,7711340.254938784,7682442
0,0,165,5778187.518207976,7721505.07864261,7663027
0,0,166,5794818.027672987,7855442.53781804,7643723
0,0,167,5808034.138567506,7840272.67009972,7624178
0,0,168,5820681.60765628,7807970.268138615,7604774
0,0,169,5834570.128933528,7835264.308313002,7585273
0,0,170,5850114.16897257,7896270.034424846,7565527
0,0,171,5868009.639308941,7993337.674486052,7545826
0,0,172,5878854.676393878,7851649.755954606,7526007
0,0,173,5897050.695400322,7925426.477739068,7506372
0,0,174,5911219.854702154,7907831.590963604,7486551
0,0,175,5928071.687790523,7945299.55165104,7466469
0,0,176,5945456.181911252,8059994.285220075,7446306
0,0,177,5963861.537178416,8110609.58310023,7426207
0,0,178,5977947.540244041,8065147.653553605,7406068
0,0,179,5996283.098475575,8021694.541061597,7385631
0,0,180,6017781.702741819,8174513.66887686,7365625
0,0,181,6039808.245678734,8245927.116199682,7345210
0,0,182,6056185.360491178,8201466.394172976,7324884
0,0,183,6080495.664431499,8362386.349580104,7304417
0,0,184,6096252.828251249,8203754.209126799,7283661
0,0,185,6121741.741376398,8378624.002662856,7263052
0,0,186,6141118.451660954,8338965.845573024,7242513
0,0,187,6162595.008443765,8394331.255648948,7221824
0,0,188,6183986.657379712,8455290.252986921,7200707
0,0,189,6205041.522246903,8487526.066965884,7179488
0,0,190,6220836.911448792,8456209.529441273,7158330
0,0,191,6243637.791112831,8590236.364801832,7137363
0,0,192,6263106.589594994,8644495.71376719,7115866
0,0,193,6283525.15192093,8649439.424572747,7094400
0,0,194,6309890.704063227,8664753.456853874,7072777
0,0,195,6343545.2631369,8743943.262416083,7051244
0,0,196,6381037.251321813,8780434.494679436,7029543
0,0,197,6423196.184873432,8895044.973022288,7007836
0,0,198,6465607.375767458,9009036.381962579,6985758
0,0,199,6509172.843149303,9090817.364918238,6963846
0,0,200,6552072.752711267,9166108.012520771,6941789
0,0,201,6596936.533218333,9374772.154018788,6919810
0,0,202,6636306.935671018,9360827.73681506,6897293
0,0,203,6673330.915566169,9419990.541014459,6874945
0,0,204,6710761.80887624,9486423.717750838,6852611
0,0,205,6744351.917436884,9496300.251885496,6829893
0,0,206,6781723.282384362,9623946.12411391,6807260
0,0,207,6818700.465392047,9783628.318460746,6784323
0,0,208,6851532.219970908,9818801.796805568,6760803
0,0,209,6895296.837170432,10024695.08798943,6737793
0,0,210,6938950.164729759,10121758.61190663,6714536
0,0,211,6982238.483825222,10202572.26437874,6690503
0,0,212,7033445.015417784,10269359.13824244,6666852
0,0,213,7095447.345665023,10497626.49678072,6642747
0,0,214,7159594.905148802,10614163.43309819,6618880
0,0,215,7233629.315722941,10842795.67716468,6594589
0,0,216,7308998.371076236,10946239.4950493,6569978
0,0,217,7396143.891528885,11229458.65351865,6545414
0,0,218,7482165.243576912,11390264.5752959,6520534
0,0,219,7579063.432596589,11652990.11877858,6495003
0,0,220,7677718.15857034,11912249.05592417,6469532
0,0,221,7779727.556031326,12207127.84606318,6444171
0,0,222,7886216.173678806,12545336.22066468,6418215
0,0,223,7996118.632849616,12917849.23049145,6392004
0,0,224,8104683.562999436,13171460.03038594,6365556
0,0,225,8223412.061293158,13585330.93339523,6338722
0,0,226,8351778.158536699,14065331.21781628,6311527
0,0,227,8489256.358591672,14470367.65267697,6284004
0,0,228,8644290.458611859,15041611.68016142,6255651
0,0,229,8816859.150574325,15691617.32651818,6227356
0,0,230,9003827.461142384,16308675.66693134,6197970
0,0,231,9213383.02716204,17074821.62847783,6168010
0,0,232,9442823.227139566,17889372.42879303,6137571
0,0,233,9691178.833404928,18684444.08090805,6106129
0,0,234,9971971.325078905,19676939.62505072,6074367
0,0,235,10287655.73385047,20789744.90579986,6041898
0,0,236,10657967.22432618,22238135.70517787,6008493
0,0,237,11092876.95320888,24045402.66932447,5973621
0,0,238,11616918.09197051,26492077.89363728,5935901
0,0,239,12255876.9920561,29722935.49898978,5893734
0,0,240,13036025.31009262,34108143.1118404,5842815
0,0,241,13983107.1014028,40090647.11737484,5774449
0,0,242,15086158.82768791,48103563.43880272,5674031
0,0,243,16228461.00959278,57769146.66569176,5512051
0,0,244,17183763.10818339,68141815.92785889,5250753
0,0,245,17566497.43548126,76758506.30897778,4847240
0,0,246,16970124.98012476,80463049.7757979,4270523
0,0,247,15183560.26486315,76923097.86200033,3532925
0,0,248,12352581.18545107,65875923.62737891,2700837
0,0,249,8977646.835881267,49786995.77968409,1873792
0,0,250,5746109.064889619,32767247.73464382,1163287
0,0,251,3204661.375097189,18625212.34623609,639018
0,0,252,1545988.614135793,9098461.633863747,308669
0,0,253,636915.0426053001,3767513.833290808,130909
0,0,254,223593.7845147723,1317888.309508513,50348
0,0,255,68560.68132621015,401360.9256403228,19813
0,0,256,20150.20024524138,116429.2457815839,9878
0,0,257,7683.28902922397,42016.39235909831,7253
0,0,258,5090.221739753384,28343.16178105532,6366
0,0,259,4511.52436107494,24975.89947733406,6161
0,0,260,4446.121664680863,28190.67703196402,5899
0,0,261,4052.980991604571,21513.9481100358,5746
0,0,262,4064.289642210759,21637.17919401624,5507
0,0,263,4064.683838763231,20800.3342903021,5287
0,0,264,3967.545372686169,20156.56101180501,5337
0,0,265,3810.613337114452,22611.8010748128,5067
0,0,266,3790.018673950009,24668.08175819897,5011
0,0,267,3498.464972866347,18867.55606154028,4784
0,0,268,3600.076095991895,20066.07260908262,4783
0,0,269,3472.893717079432,19034.16160216572,4628
0,0,270,3353.395738098108,18526.23664900096,4484
0,0,271,3342.369612499478,18500.46376345458,4323
0,0,272,3462.768363344789,22292.53786465336,4234
0,0,273,3022.724103136077,15590.47753804832,4147
0,0,274,2922.376146426945,16496.83937175677,4006
0,0,275,3106.348745596203,18440.78877359325,4004
0,0,276,3123.593959896289,20393.43418241552,3896
0,0,277,3009.801497760209,15578.83721951129,3918
0,0,278,3058.072080846739,18495.09197663282,3733
0,0,279,3041.699827723724,18234.80830423607,3666
0,0,280,2843.30381732809,14145.99392281436,3569
0,0,281,2852.192030162593,16726.78600681495,3527
0,0,282,2865.171251940201,17753.7618743399,3424
0,0,283,2568.936195660386,14135.03669273153,3300
0,0,284,2547.800391229971,12812.22156360867,3245
0,0,285,2577.097130361732,14615.5757829587,3158
0,0,286,2535.552748683117,17066.90148157852,3037
0,0,287,2381.491609749705,11132.00933524749,3033
0,0,288,2493.549443765947,15404.60595616613,2956
0,0,289,2369.325622880757,14815.63606547139,2925
0,0,290,2351.891458616133,12582.49032151339,2894
0,0,291,2304.268592984395,11800.27380929727,2848
0,0,292,2146.259606083353,11049.82448368737,2744
0,0,293,2052.100813201417,9760.386283768141,2686
0,0,294,2179.977222306261,13494.33502635073,2661
0,0,295,2300.340601970683,15585.82215225192,2579
0,0,296,2111.627241332125,11759.50579473361,2447
0,0,297,1862.90423211665,9739.982740195204,2496
0,0,298,1999.906120801762,13373.26299906825,2431
0,0,299,1851.625844426815,9639.236346196834,3029
