# mesh name: boxMesh_1
# primitive scorer name: doseScorer
# iX, iY, iZ, total(value) [MeV], total(val^2), entry
0,0,0,4641313.970847769,5675849.006777502,10000000
0,0,1,4726565.786136384,6216081.777693695,9998827
0,0,2,4756013.847044539,6498883.209022489,9996527
0,0,3,4775923.518824203,6462020.044782198,9993614
0,0,4,4797549.69902495,6673606.01211909,9990234
0,0,5,4815403.276506077,6668268.814471178,9986453
0,0,6,4831319.042601235,6725256.741627808,9982308
0,0,7,4844457.117520891,6743543.008893119,9977742
0,0,8,4862540.594620547,6897574.255790244,9972786
0,0,9,4873833.83617034,6911634.527176512,9967547
0,0,10,4885348.644258833,6924369.605567955,9962167
0,0,11,4897412.888416294,6958606.471963271,9956488
0,0,12,4910658.309199758,7066065.612916758,9950362
0,0,13,4914760.951830881,6838041.362505054,9943969
0,0,14,4926966.662355279,6956737.630018221,9937366
0,0,15,4936793.470685142,7068351.525186722,9930274
0,0,16,4946872.319642833,7174901.067183499,9923076
0,0,17,4950683.641033269,7065654.392045232,9915703
0,0,18,4961471.03761264,7118980.746580312,9908060
0,0,19,4968515.331376532,7165688.587907635,9900270
0,0,20,4974372.487509079,7136404.773065773,9892244
0,0,21,4981171.318075815,7079784.799452361,9884162
0,0,22,4988361.152846054,7188345.468229641,9875770
0,0,23,4995705.841069253,7168912.5101457,9867210
0,0,24,5004643.246930264,7235481.715624481,9858250
0,0,25,5011439.262522548,7256361.27900725,9849053
0,0,26,5016084.376285212,7237367.370682281,9839776
0,0,27,5019536.140278097,7180795.881713873,9830387
0,0,28,5022160.966976778,7177099.918061227,9820656
0,0,29,5030061.644041872,7239977.918565612,9810929
0,0,30,5037809.668079867,7323812.332305449,9800937
0,0,31,5037827.086495945,7079626.997457574,9790752
0,0,32,5046704.325069275,7302925.274754922,9780431
0,0,33,5049913.420065492,7257572.845455787,9770050
0,0,34,5052331.288836163,7214227.158122513,9759403
0,0,35,5055771.801601882,7168555.787619074,9748726
0,0,36,5063883.406689113,7293965.065094874,9737670
0,0,37,5066341.58070372,7305518.222293683,9726422
0,0,38,5071297.760316165,7331497.450493857,9715222
0,0,39,5074628.050845417,7267717.23040224,9703898
0,0,40,5079149.451555087,7306324.436383569,9692498
0,0,41,5081727.623770956,7186223.149963725,9680863
0,0,42,5088785.110619555,7360719.911920118,9669079
0,0,43,5093815.017149698,7375523.751364717,9657274
0,0,44,5097779.062237395,7292216.309534786,9645152
0,0,45,5100025.592060607,7301255.486702721,9633089
0,0,46,5100897.320550084,7231021.732434463,9620618
0,0,47,5105665.737373577,7248234.622428624,9608403
0,0,48,5106882.086322179,7176782.083772295,9595554
0,0,49,5114088.496670825,7384722.95366518,9582759
0,0,50,5120458.301425111,7485740.704107604,9570079
0,0,51,5121907.257679201,7277240.15229711,9557233
0,0,52,5124238.672078427,7340827.042367002,9544087
0,0,53,5125877.839056919,7329446.458447672,9531140
0,0,54,5128661.388556783,7266358.324139125,9517884
0,0,55,5133620.271500824,7359043.17732743,9504565
0,0,56,5134476.439339811,7249260.020695479,9491272
0,0,57,5140062.16445538,7338911.147940811,9478054
0,0,58,5145696.723167079,7428563.680586889,9464585
0,0,59,5143713.762542695,7232799.946077765,9450994
0,0,60,5148636.56549136,7368640.340551013,9436975
0,0,61,5149127.141817808,7287560.687680138,9423122
0,0,62,5153710.75064811,7346575.695918881,9409356
0,0,63,5155199.963468306,7331029.102706781,9395352
0,0,64,5157478.588481596,7340183.370579084,9381348
0,0,65,5163611.418910311,7386245.197150771,9367285
0,0,66,5165996.22595008,7443120.568886643,9353011
0,0,67,5166673.040975611,7349673.225635065,9338817
0,0,68,5171246.690713976,7399016.630646199,9324424
0,0,69,5171477.744314676,7408675.768267956,9309764
0,0,70,5174556.369986789,7344732.16829418,9295497
0,0,71,5175581.838157841,7333379.732791578,9280882
0,0,72,5181882.723752923,7462298.949771358,9266319
0,0,73,5180147.360828932,7360312.907744447,9251653
0,0,74,5182446.376429019,7304809.449399333,9236790
0,0,75,5190608.893395244,7486813.131183304,9222009
0,0,76,5191494.536013621,7394830.280426975,9206974
0,0,77,5192195.53715702,7308980.553893007,9191961
0,0,78,5189905.751484064,7248227.173366435,9176790
0,0,79,5195688.915517273,7325027.979025224,9161837
0,0,80,5199746.146616579,7389020.677908027,9146875
0,0,81,5199034.240476847,7236054.126026022,9131611
0,0,82,5200999.339451848,7278691.796904373,9116286
0,0,83,5205694.779617853,7321161.7527116,9101101
0,0,84,5203808.024789039,7233159.487730129,9085544
0,0,85,5210817.429047629,7255499.029682727,9070208
0,0,86,5210923.177415758,7228362.558538257,9054672
0,0,87,5216585.598505788,7304529.910230611,9039106
0,0,88,5217649.151590149,7224297.734842436,9023435
0,0,89,5220724.566046901,7225888.885170314,9007817
0,0,90,5225558.730161419,7321867.670103707,8992001
0,0,91,5227741.489908924,7307957.277114796,8976269
0,0,92,5230030.704123681,7243353.679771351,8960618
0,0,93,5234493.174061714,7329573.868360545,8944799
0,0,94,5235780.076305442,7317292.834845062,8928647
0,0,95,5239902.181174378,7314408.249711799,8912840
0,0,96,5243443.297602292,7281974.593979973,8897075
0,0,97,5248485.970419223,7321732.000276231,8880864
0,0,98,5251305.242367918,7284138.607783182,8864895
0,0,99,5252844.73013026,7228455.644022539,8848874
0,0,100,5255518.432619624,7243682.283294077,8832463
0,0,101,5259007.0989921,7251164.895592228,8816173
0,0,102,5262926.824828594,7237860.500634933,8799669
0,0,103,5266844.889473323,7320467.29160211,8783370
0,0,104,5271080.82543154,7355911.95994819,8766982
0,0,105,5274058.131050705,7300768.374643048,8750617
0,0,106,5280726.784048274,7397234.907178731,8734064
0,0,107,5285395.730964664,7381303.174411422,8717482
0,0,108,5285679.957617039,7281914.976652751,8701018
0,0,109,5288286.717220947,7307933.949460147,8684280
0,0,110,5293022.742203834,7265633.707308864,8667998
0,0,111,5293830.065037549,7183514.020364139,8651157
0,0,112,5295509.073556432,7147937.260437208,8634539
0,0,113,5303334.640390094,7293913.135033313,8617880
0,0,114,5309625.032012444,7297315.436861846,8601305
0,0,115,5315020.749340907,7342435.720033499,8584183
0,0,116,5315431.427618515,7299729.163500294,8567034
0,0,117,5322952.6027827,7364954.731623761,8550134
0,0,118,5326214.881006334,7316511.614015842,8532837
0,0,119,5329194.868279233,7299663.333000019,8515675
0,0,120,5332422.327525698,7255410.335545227,8498624
0,0,121,5339555.789007686,7377410.801294291,8481671
0,0,122,5343474.074525194,7297362.096756336,8464269
0,0,123,5346199.31862648,7305915.827589362,8446858
0,0,124,5349976.705052469,7295616.153729086,8429536
0,0,125,5358254.766090424,7410883.871888909,8412126
0,0,126,5361950.636327372,7325344.792590192,8394724
0,0,127,5367801.047970383,7414447.983169693,8377372
0,0,128,5369070.015516687,7287510.005825311,8359944
0,0,129,5374946.059174558,7324512.644371534,8342414
0,0,130,5381954.539453023,7283301.661231885,8324913
0,0,131,5388037.263276897,7328694.256656106,8307482
0,0,132,5392975.119909698,7310789.516216937,8289883
0,0,133,5401085.931800031,7444709.144478804,8272103
0,0,134,5402946.601149932,7292032.870380725,8254615
0,0,135,5410036.768005838,7353007.35262903,8236941
0,0,136,5418377.855709946,7432413.366252275,8219351
0,0,137,5422949.491633259,7397627.45779513,8201442
0,0,138,5428086.270239342,7364407.871463146,8183724
0,0,139,5431276.625833746,7320881.39346325,8165748
0,0,140,5440803.55577114,7389827.534822776,8147924
0,0,141,5448338.514868787,7419836.341014128,8129994
0,0,142,5454312.81877603,7405210.520224644,8111703
0,0,143,5460862.142835137,7343932.038449938,8093791
0,0,144,5469827.368544795,7412662.535598338,8075579
0,0,145,5477512.102615139,7407691.705027688,8057372
0,0,146,5484201.644972584,7376954.26421519,8039188
0,0,147,5490894.50060546,7372824.847941778,8020643
0,0,148,5501657.828124026,7475121.294145542,8002496
0,0,149,5508366.439467132,7420079.024962751,7983933
0,0,150,5517209.201835208,7421468.289929865,7965543
0,0,151,5526328.910207194,7489566.09093999,7946825
0,0,152,5534935.462565743,7430642.015064526,7928508
0,0,153,5547555.721424157,7592612.74068385,7910029
0,0,154,5556199.391406972,7531741.556911471,7891535
0,0,155,5564345.255526955,7495728.490843602,7872891
0,0,156,5574649.715021021,7492194.610604813,7854331
0,0,157,5587216.750837734,7620490.288643217,7835778
0,0,158,5597975.051114377,7598526.788365878,7816847
0,0,159,5606102.260031394,7541537.697382847,7798191
0,0,160,5619351.699571344,7643123.874144086,7779303
0,0,161,5630345.112157772,7634998.099437233,7760465
0,0,162,5640412.934449462,7560780.178314105,7741701
0,0,163,5653132.344721049,7667924.896126503,7722519
0,0,164,5664559.889487639,7663314.217668551,7703475
0,0,165,5676072.155831328,7648403.96277512,7684417
0,0,166,5690919.994198999,7825541.416388701,7665265
0,0,167,5700755.474661768,7720744.023793796,7645934
0,0,168,5712409.128952879,7666559.273775136,7626539
0,0,169,5723595.305750305,7689976.592553344,7607407
0,0,170,5737279.16557249,7648284.521654958,7588204
0,0,171,5753091.262914939,7736442.356660321,7568898
0,0,172,5766407.717596157,7737142.334550632,7549192
0,0,173,5780014.152213895,7751047.736214504,7529509
0,0,174,5792230.039883573,7735889.36486523,7509853
0,0,175,5808458.483370545,7784643.200699778,7490218
0,0,176,5827245.266992166,7885210.747754679,7470972
0,0,177,5841410.299591068,7899712.147829844,7451521
0,0,178,5855798.383292777,7834351.37082994,7431598
0,0,179,5870700.088118515,7882261.948907126,7411534
0,0,180,5891104.399040494,7979323.453703268,7391860
0,0,181,5907800.855384885,8012521.987122685,7372057
0,0,182,5924212.188115487,8048504.556738588,7352003
0,0,183,5944021.833413992,8109394.402738979,7331901
0,0,184,5962281.529758784,8102695.15215997,7311733
0,0,185,5981202.025348889,8118615.071699211,7291487
0,0,186,5999416.536387742,8107152.31199443,7270928
0,0,187,6020052.755210437,8191499.071010871,7250662
0,0,188,6038213.005675131,8142520.290360177,7230127
0,0,189,6063765.792623518,8304793.96130015,7209256
0,0,190,6081479.107744457,8296631.817713063,7188532
0,0,191,6102109.23981792,8302481.632662436,7167315
0,0,192,6124753.7689016,8407565.123173859,7146336
0,0,193,6144162.534791285,8378998.72418193,7125794
0,0,194,6163652.902250875,8429569.892333355,7104818
0,0,195,6180277.927027834,8452661.666663371,7083557
0,0,196,6198078.678203804,8497759.39195043,7062419
0,0,197,6220710.976415711,8584366.330721397,7041046
0,0,198,6246061.648773617,8617076.091857716,7019594
0,0,199,6276972.66295105,8689818.480299789,6998502
0,0,200,6309146.161667519,8657943.870178757,6977067
0,0,201,6350692.002923032,8806879.533265378,6955354
0,0,202,6392096.775477444,8843342.00989056,6933619
0,0,203,6435999.680169471,8981426.639438398,6911748
0,0,204,6475593.583984389,8961883.807007352,6889545
0,0,205,6518800.833644014,9135895.572728802,6867342
0,0,206,6555981.66567909,9113979.778873615,6845244
0,0,207,6598491.763683717,9323306.255860493,6823157
0,0,208,6636542.563717112,9387800.626624532,6800886
0,0,209,6671882.923536085,9415296.456599388,6778536
0,0,210,6709605.506237668,9609501.81016269,6755903
0,0,211,6744065.323855412,9705476.765756069,6732970
0,0,212,6777351.361059145,9704666.642775977,6710049
0,0,213,6817451.845079456,9845425.535518982,6687049
0,0,214,6857163.305137601,9897109.368267165,6663985
0,0,215,6904261.702542212,10088875.47108151,6640453
0,0,216,6952022.481530409,10185590.69128164,6616844
0,0,217,7007717.548126873,10292440.72537564,6593201
0,0,218,7070130.621743888,10508967.78616397,6569297
0,0,219,7138540.446031902,10607030.26565279,6545535
0,0,220,7214824.966566563,10852514.30201339,6521111
0,0,221,7294077.054756983,11016780.59938925,6496471
0,0,222,7381611.026549157,11234497.14942203,6471775
0,0,223,7473809.292789401,11495720.81144526,6446950
0,0,224,7570849.934429469,11730033.60550779,6421727
0,0,225,7672850.162471114,12048689.44380524,6396104
0,0,226,7773461.812651118,12309883.52153677,6370630
0,0,227,7881518.383856269,12644224.91956452,6344725
0,0,228,7988235.821298353,12927534.87452428,6318393
0,0,229,8102627.635679117,13283376.19924252,6291959
0,0,230,8227753.66242839,13769770.59795444,6265097
0,0,231,8356930.047826605,14147786.94402039,6237756
0,0,232,8503136.84168108,14667912.42744284,6210007
0,0,233,8666398.451309228,15306630.28317386,6181634
0,0,234,8844980.299759224,15899912.89208969,6152687
0,0,235,9045392.54543476,16649390.18412233,6123497
0,0,236,9263722.243551575,17399851.64910138,6093286
0,0,237,9503683.887953635,18175570.61269405,6062669
0,0,238,9769718.198671471,19074397.58476473,6031585
0,0,239,10068393.65407393,20142466.9239083,5999277
0,0,240,10413042.91916829,21453375.06685373,5966574
0,0,241,10822088.73402686,23195020.60720847,5932246
0,0,242,11302930.23882739,25290320.52517534,5896016
0,0,243,11888555.03894643,28143133.13700618,5855765
0,0,244,12606964.50012397,32072959.90410366,5808566
0,0,245,13474290.11418376,37347330.88269135,5747251
0,0,246,14500431.59265731,44417596.04723155,5660000
0,0,247,15617701.88014934,53339678.74103659,5524527
0,0,248,16640557.80551832,63360523.6098997,5306019
0,0,249,17237737.99918386,72477435.99755323,4962185
0,0,250,17059578.7483381,78302231.92964733,4462043
0,0,251,15771323.34105533,77710268.56418344,3797124
0,0,252,13379554.94994221,69770601.6883395,3008545
0,0,253,10240323.78781673,55755818.31654409,2184723
0,0,254,6985799.043515669,39308368.4936413,1435089
0,0,255,4180332.300569606,24063914.3078846,839436
0,0,256,2178582.687109387,12731653.56646736,434617
0,0,257,979968.8745942044,5777325.756406161,198022
0,0,258,379652.2416125637,2248732.880175226,80560
0,0,259,125275.9348727212,739837.6732888003,30850
0,0,260,37526.28378731112,220143.7249506485,13419
0,0,261,12195.30294068961,67994.28754064364,8089
0,0,262,5853.140514750366,32558.02459049616,6644
0,0,263,4645.969485173006,26618.11793008694,6160
0,0,264,4631.012756921357,26759.25086204839,5944
0,0,265,4265.940883385209,24608.23035093999,5603
0,0,266,4080.878150612662,22431.62016926449,5560
0,0,267,4119.640068785676,22662.63247005698,5345
0,0,268,4176.441655122174,25418.8487128443,5326
0,0,269,3803.630635872187,20013.07610120635,5160
0,0,270,3713.876425841972,22195.66127032166,4997
0,0,271,3405.946884327042,15731.27201155761,4745
0,0,272,3604.274388189401,20473.25925626686,4714
0,0,273,3775.721798409617,23088.52821767359,4650
0,0,274,3537.560033407458,19233.5446926108,4491
0,0,275,3442.38249525072,17039.28695670039,4377
0,0,276,3463.700882510693,19285.54548948705,4289
0,0,277,3411.186107125905,20645.37179958888,4195
0,0,278,3295.692585933907,21060.65994723076,4072
0,0,279,3087.169209307396,17002.14936469435,3862
0,0,280,3081.202684164725,17106.05306584635,3790
0,0,281,2926.939132733889,17417.04862120737,3719
0,0,282,2891.163515450603,17339.74262866909,3673
0,0,283,2853.725994664791,14819.55660629716,3660
0,0,284,2763.37096221532,14417.53640885212,3633
0,0,285,2737.859984414598,15504.75314899585,3484
0,0,286,2715.83900686542,14243.3203836835,3365
0,0,287,2730.783978549285,16449.63434426418,3283
0,0,288,2593.751894491669,14261.3951627615,3179
0,0,289,2477.637028389072,12898.68251519695,3069
0,0,290,2619.177327508867,14038.18283272102,3127
0,0,291,2383.9323350734,12077.16995686378,3013
0,0,292,2380.659394500822,13416.89133426072,2891
0,0,293,2461.510627479343,17579.74284994792,2831
0,0,294,2301.132949122102,13088.69598781184,2810
0,0,295,2189.665575129298,12664.85296648365,2706
0,0,296,2005.085233494387,9771.80007427176,2665
0,0,297,2009.308784965015,13166.18880131713,2522
0,0,298,2077.852511322373,14340.26065160947,2549
0,0,299,1999.884649800212,11245.01393833853,3263
