# mesh name: boxMesh_1
# primitive scorer name: doseScorer
# iX, iY, iZ, total(value) [MeV], total(val^2), entry
0,0,0,4610361.154158801,5611980.908610837,10000000
0,0,1,4695417.394543847,6161327.956404529,9998836
0,0,2,4724345.577909578,6418142.817952123,9996560
0,0,3,4746084.633865986,6463470.753752786,9993703
0,0,4,4768068.075298524,6686645.939847335,9990317
0,0,5,4785558.439322654,6672677.000926865,9986563
0,0,6,4801031.685533365,6732781.695381274,9982413
0,0,7,4813938.952577197,6737252.844314443,9977916
0,0,8,4830704.574530802,6850445.859843449,9972961
0,0,9,4842424.499129829,6896584.848416431,9967778
0,0,10,4854450.548863996,6899793.086818191,9962439
0,0,11,4865174.967941092,6935086.533025816,9956759
0,0,12,4879324.834079213,7064213.694381438,9950691
0,0,13,4884545.544214939,6888586.873991577,9944422
0,0,14,4895620.821438668,6943975.841215322,9937877
0,0,15,4907473.35521948,7134441.838278497,9930901
0,0,16,4915222.048221634,7133862.147088194,9923706
0,0,17,4919399.072508179,7043012.827064201,9916413
0,0,18,4929209.028132867,7118677.721706326,9908774
0,0,19,4935829.353979422,7163596.944408463,9901101
0,0,20,4940228.108689931,7040644.909458693,9893164
0,0,21,4948671.100761585,7100215.39082356,9885039
0,0,22,4956174.188737633,7153727.957554966,9876718
0,0,23,4962076.684167154,7099587.234925636,9868145
0,0,24,4971288.949598137,7227132.154757459,9859275
0,0,25,4974509.938574254,7126137.599104431,9850183
0,0,26,4984043.531488584,7300083.684539045,9841060
0,0,27,4984941.672417182,7112615.372213565,9831640
0,0,28,4987770.744411534,7106108.604354231,9821992
0,0,29,4996883.192351418,7231206.186796849,9812357
0,0,30,5004705.835411472,7299260.399829162,9802581
0,0,31,5004955.288469351,7104978.117447615,9792474
0,0,32,5012704.471439107,7264170.997340638,9782192
0,0,33,5014945.299814384,7190712.276066075,9771748
0,0,34,5016762.173767995,7156267.783685659,9761168
0,0,35,5021669.195913247,7213507.124478836,9750308
0,0,36,5029801.769194605,7386152.535554849,9739200
0,0,37,5030806.438999857,7273053.139518851,9728127
0,0,38,5034668.614510419,7268154.755621682,9717000
0,0,39,5038403.853096008,7228430.732919991,9705685
0,0,40,5043308.383313856,7306729.844671454,9694336
0,0,41,5045968.690839041,7163906.672217057,9682669
0,0,42,5051468.118253306,7333287.090739015,9670933
0,0,43,5054298.196132598,7338361.463480893,9659238
0,0,44,5059065.890513986,7372169.691851119,9647394
0,0,45,5060117.710088542,7241502.918189368,9635348
0,0,46,5064288.109214569,7258651.016295543,9622992
0,0,47,5068787.511472875,7317021.106505246,9610825
0,0,48,5072205.925979187,7319702.10075564,9598316
0,0,49,5075702.817702258,7268159.562989002,9585846
0,0,50,5079584.444684804,7376990.595010898,9573104
0,0,51,5083057.698930081,7269108.698720209,9560242
0,0,52,5082683.094494317,7214649.50183704,9547149
0,0,53,5083142.774604889,7134404.247772391,9534289
0,0,54,5089885.790056674,7321145.176046723,9521163
0,0,55,5092393.425149051,7268773.384782806,9507649
0,0,56,5095762.330667849,7298627.723096218,9494443
0,0,57,5097875.387787864,7290842.423612053,9481075
0,0,58,5104066.221956427,7420473.793091962,9467887
0,0,59,5101712.840601345,7212635.474932206,9454186
0,0,60,5103935.444611393,7213198.287622451,9440520
0,0,61,5107963.181187066,7318640.409137024,9426861
0,0,62,5110702.284253089,7194944.960192053,9413121
0,0,63,5113278.49316974,7236279.092142026,9399292
0,0,64,5118284.382376679,7326260.637829343,9385362
0,0,65,5121720.517655535,7315979.106743961,9371433
0,0,66,5124917.389554951,7372061.889270274,9357428
0,0,67,5125390.769078996,7335475.065632011,9343370
0,0,68,5129796.29278104,7340604.895552906,9329105
0,0,69,5130884.474312905,7372969.889958029,9314680
0,0,70,5134982.486318888,7395574.962882177,9300491
0,0,71,5132867.4007539,7221328.504403795,9285878
0,0,72,5137470.025242774,7291120.738251216,9271168
0,0,73,5137475.659117507,7243327.846899247,9256759
0,0,74,5139713.657985453,7236267.862439402,9242060
0,0,75,5148101.314282955,7458739.225587929,9227141
0,0,76,5148444.782857625,7366793.017153252,9212714
0,0,77,5150753.940670207,7280932.25536262,9197698
0,0,78,5152169.946990552,7290570.003059824,9182691
0,0,79,5154594.574249093,7419285.243122028,9167709
0,0,80,5159331.558038447,7420770.898952178,9152681
0,0,81,5157329.717346912,7217255.088517415,9137793
0,0,82,5162729.3494552,7328083.009641148,9122558
0,0,83,5166607.525412112,7432017.840371298,9107173
0,0,84,5163775.061413932,7246116.701182465,9091928
0,0,85,5168803.449731182,7294156.666275573,9076472
0,0,86,5167583.495908915,7171792.87765595,9061230
0,0,87,5173168.638461048,7275321.753671741,9045856
0,0,88,5174838.223647478,7183009.276254035,9030420
0,0,89,5178258.208663718,7184897.611682109,9014948
0,0,90,5182457.620028274,7326817.937167782,8999422
0,0,91,5183947.167477557,7356181.750684715,8983570
0,0,92,5186265.387912163,7292290.461082842,8967920
0,0,93,5186565.771207246,7232626.534446255,8952271
0,0,94,5187601.666566562,7140311.273925864,8936221
0,0,95,5194592.949482711,7312961.622007183,8920371
0,0,96,5195993.75877243,7204934.115613321,8904445
0,0,97,5201462.636575457,7303250.71478104,8888441
0,0,98,5202069.374807129,7275294.523188715,8872587
0,0,99,5202027.539253521,7159578.071719657,8856551
0,0,100,5207107.431161832,7304986.770756404,8840296
0,0,101,5209107.770410649,7210420.696046341,8824168
0,0,102,5212490.80812457,7245009.248744284,8807790
0,0,103,5217288.604446159,7263967.157615959,8791467
0,0,104,5219561.297116582,7248893.313868562,8775227
0,0,105,5221766.343882482,7238799.094077827,8758900
0,0,106,5225196.843595031,7253929.720989263,8742506
0,0,107,5229112.786580413,7204282.197827887,8726116
0,0,108,5231806.118894732,7199709.939269986,8709843
0,0,109,5236828.716730802,7294010.498517196,8693261
0,0,110,5239536.485858096,7280084.463892137,8676630
0,0,111,5240184.254332615,7167094.271368704,8660006
0,0,112,5242200.388098337,7134392.766131011,8643587
0,0,113,5251467.631063921,7341879.073283021,8627023
0,0,114,5254458.241356981,7249284.009748865,8610297
0,0,115,5258334.343659543,7340510.609897004,8593526
0,0,116,5258573.975273152,7218993.576319884,8576634
0,0,117,5260770.283625709,7118922.760070971,8559732
0,0,118,5265404.000837399,7171441.172371148,8542827
0,0,119,5272494.268382741,7305587.342089324,8525679
0,0,120,5275720.641367326,7230802.290496899,8508769
0,0,121,5281714.698394656,7296503.988369384,8491828
0,0,122,5287062.398812214,7362857.164404635,8474822
0,0,123,5287315.393060428,7211265.903326483,8457745
0,0,124,5289568.295404056,7265768.99100772,8440300
0,0,125,5295206.941657144,7298124.663009178,8423422
0,0,126,5298984.42241174,7266591.905461467,8406346
0,0,127,5303313.364426795,7229254.071603943,8389008
0,0,128,5308818.970267035,7229404.580620641,8371872
0,0,129,5316583.694299378,7274407.551729664,8354592
0,0,130,5321308.094913671,7313985.917524688,8337038
0,0,131,5326155.227676181,7306089.98405408,8319625
0,0,132,5329380.192624406,7275932.443540387,8302204
0,0,133,5337745.123729676,7428291.588691223,8284655
0,0,134,5340358.437206154,7302784.766194362,8267179
0,0,135,5343134.270066807,7248474.597465761,8249629
0,0,136,5350267.583112888,7318000.175293796,8232073
0,0,137,5358182.242861244,7368696.25548308,8214538
0,0,138,5362598.87076318,7358936.374934552,8196793
0,0,139,5366452.421910166,7290447.783135038,8178926
0,0,140,5374838.828058782,7391631.05480849,8161170
0,0,141,5380971.03550377,7352383.804422774,8143382
0,0,142,5384977.688313781,7318657.992993189,8125586
0,0,143,5391416.143648189,7332054.134867336,8107418
0,0,144,5396500.896184606,7363593.070098285,8089602
0,0,145,5405476.328611977,7420571.095431491,8071546
0,0,146,5410720.94758878,7380005.127645272,8053850
0,0,147,5416872.959406465,7330638.102937537,8035451
0,0,148,5425064.598681532,7379207.388222231,8017430
0,0,149,5427812.233667262,7263374.662837809,7999020
0,0,150,5435013.710202658,7326003.932793217,7980792
0,0,151,5445303.765372027,7361874.7137462,7962602
0,0,152,5453314.518403394,7404999.032307705,7944561
0,0,153,5460986.00173112,7391664.888368426,7926141
0,0,154,5469809.25656333,7375477.729219971,7907630
0,0,155,5476639.767246729,7342532.646807757,7889345
0,0,156,5487268.680196866,7384350.239181739,7871064
0,0,157,5499669.413143238,7420652.572622681,7852402
0,0,158,5507151.173245898,7432776.064802722,7833819
0,0,159,5517403.499106399,7454670.772152728,7815357
0,0,160,5526061.703990275,7456425.91924813,7796694
0,0,161,5536588.679964324,7500895.092195653,7777933
0,0,162,5544410.263737426,7432827.952582384,7759219
0,0,163,5556359.811571054,7471834.160851655,7740733
0,0,164,5567758.754018272,7535512.874268951,7721914
0,0,165,5578417.60727974,7600601.417914764,7703032
0,0,166,5588373.123127471,7552596.712592922,7684151
0,0,167,5599785.560039456,7504431.980243776,7665072
0,0,168,5613645.819324285,7606511.279312924,7646271
0,0,169,5624387.794484325,7591609.990910056,7627244
0,0,170,5634631.397998157,7564061.935171536,7608282
0,0,171,5649037.174508609,7634983.424876912,7589171
0,0,172,5661738.539882517,7663494.591245461,7570264
0,0,173,5672294.509634798,7642042.256226143,7550829
0,0,174,5685303.036215179,7600382.25033439,7531783
0,0,175,5698636.505967819,7664365.882008957,7512310
0,0,176,5712618.658085212,7665245.459665082,7493012
0,0,177,5726681.038382343,7736331.305443796,7473556
0,0,178,5739581.417615886,7684639.729686644,7454249
0,0,179,5754934.625277825,7715484.799224155,7434653
0,0,180,5772569.895105043,7821119.412301093,7415204
0,0,181,5784066.045807629,7749566.273394274,7395444
0,0,182,5801214.399869429,7869438.204219442,7375451
0,0,183,5813751.386429233,7794051.593311836,7355627
0,0,184,5832606.571068424,7867108.852279282,7335406
0,0,185,5849599.849653688,7954327.926462724,7315367
0,0,186,5866490.020771979,7993283.337280756,7295241
0,0,187,5880916.640415648,7873338.678024746,7275360
0,0,188,5900561.716081613,7970786.729338799,7254962
0,0,189,5919603.115632595,8023945.052571037,7234791
0,0,190,5939536.693674295,8096404.682316244,7214606
0,0,191,5957298.769426308,8075801.533994474,7194297
0,0,192,5977780.536975892,8123508.9505415,7173896
0,0,193,5997147.899652281,8194040.493627547,7153603
0,0,194,6018651.675502082,8186624.148464732,7133024
0,0,195,6038027.78053334,8230649.643234329,7112403
0,0,196,6059198.299552141,8251040.345725959,7091765
0,0,197,6079046.244794948,8313039.543754807,7071153
0,0,198,6098784.294618201,8329786.695616523,7050339
0,0,199,6119678.158141433,8398547.715945907,7029101
0,0,200,6136154.061563448,8417240.806725871,7008109
0,0,201,6156921.745580644,8483295.974340348,6987396
0,0,202,6179479.421523224,8528191.864000579,6966020
0,0,203,6208670.90595648,8586672.042706454,6944821
0,0,204,6243598.157103892,8682625.7198666,6923571
0,0,205,6277675.232455576,8682132.30978084,6902099
0,0,206,6318112.619848641,8756257.433627136,6880668
0,0,207,6359759.711176786,8855995.685469884,6859156
0,0,208,6401952.975910544,8922433.740688615,6837036
0,0,209,6444745.212813655,9046068.795452228,6815172
0,0,210,6486343.465369031,9137532.498169318,6793246
0,0,211,6526958.404195054,9289327.982400814,6771074
0,0,212,6562674.413225782,9329015.651786853,6748570
0,0,213,6595771.959873503,9336794.298264686,6726273
0,0,214,6633477.458563588,9433045.331542384,6703859
0,0,215,6667015.563906821,9522604.505941086,6681312
0,0,216,6700945.837827738,9588479.254496487,6658483
0,0,217,6738211.839009503,9693626.105542393,6635764
0,0,218,6775928.336326009,9747959.47242116,6612791
0,0,219,6817534.360409476,9879618.148706408,6589648
0,0,220,6864261.834153974,9947847.533464607,6566550
0,0,221,6918419.473860246,10109397.52984781,6543225
0,0,222,6979225.781559531,10277638.05044815,6520047
0,0,223,7043164.906592013,10425232.69445632,6496463
0,0,224,7115195.982279625,10618891.2641348,6472085
0,0,225,7196656.054465508,10877075.35019154,6448337
0,0,226,7281907.367589865,11097162.72534461,6424198
0,0,227,7369362.066684949,11252668.71008664,6399673
0,0,228,7465117.496283975,11545502.9990535,6374872
0,0,229,7559920.320986785,11762170.7564604,6349580
0,0,230,7661293.527858888,12083449.44825167,6324206
0,0,231,7763671.297575971,12341382.55043896,6298589
0,0,232,7874864.781178677,12763904.35790416,6272733
0,0,233,7983666.218896219,13074769.12277922,6246621
0,0,234,8101599.060110252,13449807.37470617,6220114
0,0,235,8224631.4325675,13806386.72314037,6193083
0,0,236,8364342.874615236,14320592.06424407,6165605
0,0,237,8520153.278147466,14884551.31475743,6138341
0,0,238,8691913.26208649,15490035.96761957,6110253
0,0,239,8881339.772643384,16181233.16242947,6081505
0,0,240,9090168.052936517,16928423.06877576,6051843
0,0,241,9316497.610796576,17677410.09905401,6021375
0,0,242,9566024.406788528,18479161.77760675,5990454
0,0,243,9854857.002307616,19582744.00600902,5959048
0,0,244,10175783.40263472,20759520.65208569,5926791
0,0,245,10550999.37956437,22237155.40124431,5893591
0,0,246,10999211.03289955,24218701.13214135,5858012
0,0,247,11532375.1957318,26694915.61017003,5819470
0,0,248,12183358.11528263,30062871.85661764,5775286
0,0,249,12982950.0261204,34785409.5132642,5720900
0,0,250,13929998.61258616,40987305.34962791,5644829
0,0,251,14996347.04817411,49064795.75423241,5530503
0,0,252,16044303.89919177,58461508.93891824,5349056
0,0,253,16824017.27219054,67936090.20537782,5062545
0,0,254,16978979.35647741,75076563.93172306,4633996
0,0,255,16181113.42582939,77270654.7177317,4045491
0,0,256,14291254.75825835,72612789.54885976,3318245
0,0,257,11500429.73944221,61370976.0400193,2516357
0,0,258,8305454.612139465,45972054.6690017,1739485
0,0,259,5324458.346503206,30288827.88491585,1082099
0,0,260,3000128.216990662,17392881.20915749,600165
0,0,261,1469441.43388993,8622608.947739132,294351
0,0,262,623681.734247426,3682171.056874775,128185
0,0,263,227110.6870899395,1340738.508134759,50856
0,0,264,72054.61666589798,423940.9607115922,20193
0,0,265,22300.31069694774,129939.147658531,10197
0,0,266,8446.292688967971,48847.50326178357,7097
0,0,267,4828.198792414589,24128.75399501945,6325
0,0,268,4467.220364810683,26356.23033668948,6025
0,0,269,4053.95760139194,19286.09859932652,5699
0,0,270,4623.454942213975,31654.73077127756,5614
0,0,271,4129.577956660216,21896.50418111879,5464
0,0,272,4092.479561804589,24806.55771320762,5354
0,0,273,3718.81335225745,20116.76049986472,5127
0,0,274,3538.52283506984,19255.66499912688,4996
0,0,275,3613.621132036081,20909.62376327225,4900
0,0,276,3535.574468090846,17937.60801594267,4795
0,0,277,3528.752403474562,18474.74285235092,4559
0,0,278,3509.959342534914,19430.33761789541,4547
0,0,279,3403.433024117147,18598.17867169019,4430
0,0,280,3179.552282612568,16459.8392964815,4290
0,0,281,3161.008087864747,16833.10382059199,4261
0,0,282,3082.401784048777,16942.5340575689,4060
0,0,283,2912.653203496634,15228.09611077493,3996
0,0,284,2866.714972974165,14552.8665469376,3883
0,0,285,2994.232236418459,17034.87075123193,3836
0,0,286,2795.060552383909,14655.29042125078,3646
0,0,287,3010.187916584813,18428.37584119453,3615
0,0,288,2894.178077472694,15847.69119276704,3602
0,0,289,2829.219991472517,15470.91183559226,3443
0,0,290,2725.105543260112,14655.02645477141,3311
0,0,291,2813.769942506113,18037.55900888311,3305
0,0,292,2753.23752123244,16361.33596339061,3253
0,0,293,2787.618787000261,19097.40526900113,3121
0,0,294,2518.292845526685,12837.51364611388,3006
0,0,295,2378.760806615486,12143.74089583182,3024
0,0,296,2463.038287277078,15669.47996420301,2951
0,0,297,2345.67559316006,12990.93957092298,2774
0,0,298,2288.039170603432,13824.62848131796,2755
0,0,299,2177.34809381119,12622.999832547,3585
