# mesh name: boxMesh_1
# primitive scorer name: doseScorer
# iX, iY, iZ, total(value) [MeV], total(val^2), entry
0,0,0,4580129.258072122,5589995.000108378,10000000
0,0,1,4665701.339337079,6118763.639658455,9998828
0,0,2,4695542.783114667,6464533.922851239,9996578
0,0,3,4717049.906311879,6491879.819561035,9993744
0,0,4,4736716.118317734,6598897.984158411,9990392
0,0,5,4755842.222198627,6651291.982148689,9986647
0,0,6,4771499.066724043,6732450.661100095,9982554
0,0,7,4784120.721504309,6735583.221631884,9978075
0,0,8,4800502.437679351,6835991.889890884,9973191
0,0,9,4812723.75413992,6888975.737959006,9968094
0,0,10,4823173.106207773,6900231.261312898,9962646
0,0,11,4833080.902664714,6841829.20489915,9957088
0,0,12,4846640.766537746,6963756.161972615,9950966
0,0,13,4853030.945149923,6838963.083584202,9944744
0,0,14,4864124.720824681,6880277.378577769,9938143
0,0,15,4873587.025764621,6997194.934672467,9931299
0,0,16,4881689.505484053,7055415.322064794,9924074
0,0,17,4886463.467346502,6974947.920679869,9916769
0,0,18,4896854.015204676,7096146.468758914,9909255
0,0,19,4903637.973379806,7088507.676747902,9901498
0,0,20,4907816.386292297,6978329.808238273,9893806
0,0,21,4915645.20522064,7097553.003230143,9885720
0,0,22,4922597.227342369,7148504.117911635,9877520
0,0,23,4929518.188918132,7145064.863057924,9869007
0,0,24,4938055.11825211,7232109.128019631,9860229
0,0,25,4941314.852628252,7124150.894309828,9851294
0,0,26,4949686.490061279,7216778.672745039,9842155
0,0,27,4953447.195993345,7145448.892000847,9832940
0,0,28,4956800.938437275,7095762.560408674,9823381
0,0,29,4962678.787669729,7223536.878556149,9813681
0,0,30,4970962.82741423,7302464.735367537,9804005
0,0,31,4971430.940644484,7070680.283722972,9794137
0,0,32,4978748.524084948,7214963.473222081,9783811
0,0,33,4982477.988726579,7191964.159394169,9773552
0,0,34,4985971.137719754,7248325.354353782,9763121
0,0,35,4987640.721230544,7167610.002595825,9752371
0,0,36,4994758.243519333,7319586.528554807,9741487
0,0,37,4997545.392301083,7285398.242808865,9730327
0,0,38,5000522.847244353,7264871.10310489,9719182
0,0,39,5006040.618499767,7295102.189236498,9708082
0,0,40,5011359.722785972,7363599.98620536,9696970
0,0,41,5011169.788826069,7148487.012778239,9685445
0,0,42,5017128.324738142,7353832.254622748,9673926
0,0,43,5018134.743724434,7225131.125112122,9662124
0,0,44,5022798.122482586,7261283.484423647,9650386
0,0,45,5024042.418472917,7200743.25236018,9638496
0,0,46,5027724.929789247,7201026.752266416,9626159
0,0,47,5030497.810640514,7250004.220064028,9613720
0,0,48,5033677.352850607,7245296.60958115,9601506
0,0,49,5040296.662246988,7305283.242439942,9589072
0,0,50,5043318.314341009,7281965.437169546,9576562
0,0,51,5047878.617965514,7317678.676996859,9563870
0,0,52,5046030.088320307,7184518.490108765,9551104
0,0,53,5046245.444859602,7161662.593798764,9538080
0,0,54,5054481.945011264,7326022.314344743,9524830
0,0,55,5056005.117688083,7250599.457855379,9511815
0,0,56,5058261.730298826,7285726.861497969,9498382
0,0,57,5060693.149685807,7286048.705113488,9485006
0,0,58,5063001.581617402,7261181.718885493,9471538
0,0,59,5065201.555374038,7221451.689700963,9458132
0,0,60,5065680.777162777,7195803.965269396,9444511
0,0,61,5068441.969723055,7225066.39192022,9430739
0,0,62,5074617.549726015,7299407.10745917,9417250
0,0,63,5076229.335828708,7306546.627054738,9403276
0,0,64,5075374.499523198,7213553.093400606,9389402
0,0,65,5083728.320850026,7372136.229225057,9375581
0,0,66,5081119.451896489,7213451.953714807,9361464
0,0,67,5085783.301646451,7318080.106909507,9347293
0,0,68,5091574.386902086,7411666.653730128,9333162
0,0,69,5091281.786391086,7256346.551171264,9319005
0,0,70,5092172.787584875,7262863.452931118,9304546
0,0,71,5094296.292878974,7252076.602536178,9289922
0,0,72,5097216.818087274,7234530.056766163,9275557
0,0,73,5099077.017556291,7215332.168396176,9261338
0,0,74,5102104.12569955,7256160.858576667,9246824
0,0,75,5104976.805564516,7299504.449048939,9231884
0,0,76,5106100.32281848,7287786.003545495,9217096
0,0,77,5110987.260996914,7369017.376571232,9202365
0,0,78,5108165.155472771,7180735.711103793,9187344
0,0,79,5110218.269027657,7165670.479147336,9172644
0,0,80,5118047.129982501,7401434.148367585,9157645
0,0,81,5115452.072994193,7266233.282522302,9142459
0,0,82,5116724.836097594,7219470.709386583,9127374
0,0,83,5120937.377030984,7303367.131628826,9112291
0,0,84,5117926.518270131,7128916.086809315,9096852
0,0,85,5124467.870784624,7264996.889782337,9081753
0,0,86,5123573.223453057,7146738.074646332,9066596
0,0,87,5130140.727701858,7349003.750986409,9051313
0,0,88,5128981.506828625,7226204.163230898,9035760
0,0,89,5129850.108954829,7122789.581581139,9020424
0,0,90,5132496.097061624,7144410.44211106,9004738
0,0,91,5134704.887433763,7167228.989438571,8989339
0,0,92,5138320.217710786,7219545.161855569,8973852
0,0,93,5141014.556953934,7259220.5089963,8958266
0,0,94,5140636.679426085,7130899.063273977,8942589
0,0,95,5142821.901213313,7143410.422436931,8926789
0,0,96,5146453.273946071,7174578.480277456,8911096
0,0,97,5151662.150963403,7227168.64239274,8895277
0,0,98,5152671.695178424,7210935.208505771,8879417
0,0,99,5156071.388357546,7201867.514263578,8863366
0,0,100,5157194.814083306,7147484.64439067,8847368
0,0,101,5161015.483151359,7250627.661926393,8831157
0,0,102,5164750.896819882,7232536.06777568,8814890
0,0,103,5168619.362839699,7226550.435396929,8798844
0,0,104,5169483.992197665,7216605.542027199,8782629
0,0,105,5170362.166194882,7190369.399138914,8766521
0,0,106,5176166.711594656,7332299.922931764,8750350
0,0,107,5178048.451922281,7299857.799844299,8734135
0,0,108,5176498.227510621,7093299.73921677,8717890
0,0,109,5182234.742127344,7213939.030533647,8701431
0,0,110,5187547.47190335,7247600.934548188,8685244
0,0,111,5188886.508442473,7222405.9210298,8668934
0,0,112,5187718.784666056,7055641.948457974,8652317
0,0,113,5194776.050988873,7174309.148359135,8635730
0,0,114,5201386.558373088,7319193.702889971,8619404
0,0,115,5203152.224605664,7262371.774437632,8602551
0,0,116,5204290.087447265,7159070.926335476,8585987
0,0,117,5205319.353629072,7119726.1121581,8569483
0,0,118,5214116.516565086,7260865.545777567,8552827
0,0,119,5216580.462869477,7282353.710950239,8535914
0,0,120,5217069.724458446,7133746.322291795,8519173
0,0,121,5225653.951763446,7329101.826502927,8502195
0,0,122,5227320.231587221,7196037.296996018,8485250
0,0,123,5232140.893888898,7267195.425246676,8468511
0,0,124,5232476.547445364,7161737.334857752,8451313
0,0,125,5235618.257513952,7125240.999197938,8434435
0,0,126,5241858.804610889,7223931.281813823,8417149
0,0,127,5245005.867036454,7192062.121395594,8400246
0,0,128,5247638.218111984,7180859.728656034,8383017
0,0,129,5255554.392090766,7262899.174652971,8365860
0,0,130,5258777.092254244,7195063.98612064,8348964
0,0,131,5261300.73021693,7148003.779754857,8331652
0,0,132,5266697.184236315,7220841.303670173,8314338
0,0,133,5275135.758153677,7328459.923677587,8296762
0,0,134,5275842.03943607,7280690.853924138,8279509
0,0,135,5277650.850033399,7180999.227884757,8261974
0,0,136,5285236.532427947,7241313.691256109,8244434
0,0,137,5289975.851980807,7196664.191697611,8227267
0,0,138,5293745.882647666,7219689.047100843,8209703
0,0,139,5300966.431196645,7257546.933623578,8191906
0,0,140,5302981.097944275,7161733.18478326,8174513
0,0,141,5310358.582297203,7244822.128553011,8156911
0,0,142,5312228.645476168,7088895.788099353,8139351
0,0,143,5320680.891958497,7258958.455189719,8121475
0,0,144,5327879.146731756,7341207.540871007,8103695
0,0,145,5333986.941284718,7264265.437695609,8085806
0,0,146,5339819.542723891,7304220.939126514,8067729
0,0,147,5343030.192198489,7214187.173213126,8049923
0,0,148,5350349.164423968,7275103.718520269,8032097
0,0,149,5356884.142980932,7263657.620798254,8014207
0,0,150,5363543.315977023,7291862.755838285,7996294
0,0,151,5368343.142298581,7246678.312925317,7978235
0,0,152,5378324.065965861,7277120.290383518,7960507
0,0,153,5385762.38193286,7378297.963189342,7942278
0,0,154,5390324.219849145,7264830.784925371,7924148
0,0,155,5398605.427197991,7306160.032335015,7905987
0,0,156,5406165.367627367,7325574.618653491,7887961
0,0,157,5413426.456149258,7312936.062517666,7869501
0,0,158,5426408.719995375,7418267.236498997,7851540
0,0,159,5433635.075009843,7382968.205608775,7833071
0,0,160,5438301.20877756,7287017.664639348,7814838
0,0,161,5451048.632006019,7426507.842244419,7796292
0,0,162,5460737.425324875,7430697.366913906,7777889
0,0,163,5468213.509650962,7404908.724788166,7759206
0,0,164,5476855.904095745,7444890.969070248,7740673
0,0,165,5488315.358452877,7468778.599182128,7722423
0,0,166,5496607.084923411,7431863.551742319,7703526
0,0,167,5507842.112300113,7501512.825408954,7684866
0,0,168,5519042.256148693,7501191.500498273,7666123
0,0,169,5528429.606251431,7426064.238552121,7647505
0,0,170,5541623.887840131,7541698.499915354,7628524
0,0,171,5550035.951037402,7481892.74549598,7609741
0,0,172,5560309.965386996,7497120.197782272,7590706
0,0,173,5572690.603144484,7545977.790610488,7571880
0,0,174,5580264.83492728,7406863.856144285,7552850
0,0,175,5593288.924827163,7521508.339072711,7533684
0,0,176,5605572.883613601,7550425.838302767,7514705
0,0,177,5619062.83298225,7576620.267017642,7495664
0,0,178,5632123.520939466,7564543.056646997,7476524
0,0,179,5644925.443147333,7599343.055506886,7457527
0,0,180,5659220.467875101,7669530.068815017,7438131
0,0,181,5675257.527111747,7752182.059005758,7418815
0,0,182,5688852.996312406,7750547.019016826,7399309
0,0,183,5698359.787438986,7621977.13651043,7379698
0,0,184,5716435.565169439,7760044.079939215,7360345
0,0,185,5729556.614489009,7744456.631915026,7340823
0,0,186,5746017.942278611,7798582.485226236,7321029
0,0,187,5759780.850727651,7815005.337766523,7301244
0,0,188,5774132.102082732,7777629.412700959,7281231
0,0,189,5790754.669514666,7806966.802620353,7261502
0,0,190,5807164.762951651,7849526.560448291,7241225
0,0,191,5825668.47838489,7946313.463808042,7221346
0,0,192,5845616.742504261,8040758.679870585,7201409
0,0,193,5862589.705208337,8030692.166759453,7181440
0,0,194,5876481.495744899,7893922.8612726,7161288
0,0,195,5895230.710174809,7945268.033351704,7141012
0,0,196,5918544.172278182,8060696.289664877,7120972
0,0,197,5936494.435287293,8063063.204460052,7100506
0,0,198,5958210.292214209,8175979.799542813,7079961
0,0,199,5977667.67354754,8169821.18708117,7059520
0,0,200,6001809.321642291,8268790.380474769,7038871
0,0,201,6017580.840393258,8189392.558673917,7018075
0,0,202,6038377.996938514,8264993.876217233,6997428
0,0,203,6056999.875487145,8323953.125460113,6976601
0,0,204,6075907.429752291,8370656.020742972,6955695
0,0,205,6091891.92784984,8321993.308723835,6934438
0,0,206,6113496.215554424,8383277.335108111,6913322
0,0,207,6137255.192664549,8396849.495744893,6892256
0,0,208,6169216.538976539,8514607.40693276,6870849
0,0,209,6205707.103115248,8610532.428317554,6849911
0,0,210,6244926.94320196,8695953.384032665,6828651
0,0,211,6284914.193095597,8731325.405055659,6807183
0,0,212,6326383.683439179,8826152.734479757,6785548
0,0,213,6368266.263665395,8910846.700877741,6763775
0,0,214,6410342.168754277,9026118.914199399,6742056
0,0,215,6448610.227736675,9079279.016453998,6720014
0,0,216,6485139.957471888,9125477.000553545,6698041
0,0,217,6521877.948820179,9237286.004722385,6675659
0,0,218,6555611.925105602,9322144.426612202,6653237
0,0,219,6589899.203001371,9395164.117832122,6630733
0,0,220,6626498.951516012,9540723.894297292,6608205
0,0,221,6658604.623075498,9551767.837331794,6585371
0,0,222,6699848.26745214,9695568.070828661,6562922
0,0,223,6741303.527800418,9859926.698430629,6539850
0,0,224,6782739.14616057,9854684.525947182,6516910
0,0,225,6832398.449134977,9955346.657604478,6493811
0,0,226,6888135.516270099,10091862.83165582,6470400
0,0,227,6952329.448308159,10322176.0057523,6446836
0,0,228,7020633.375174252,10494222.49904452,6422985
0,0,229,7094983.68826662,10727258.61882829,6399052
0,0,230,7174332.218569872,10887737.52481359,6374714
0,0,231,7258093.068732336,11046896.60643118,6350156
0,0,232,7349359.154071298,11314475.09138662,6325614
0,0,233,7446417.06890456,11619804.94153886,6301041
0,0,234,7543473.984176916,11858012.44586139,6275825
0,0,235,7644256.284265573,12159457.66125973,6250564
0,0,236,7749510.187797235,12481345.00548238,6224942
0,0,237,7854775.323561581,12775550.23655165,6199085
0,0,238,7969087.275590881,13127846.80541989,6173027
0,0,239,8088791.097699022,13481983.08545908,6146642
0,0,240,8222120.106384601,13974497.24910704,6119811
0,0,241,8366003.046375805,14454387.23187131,6092504
0,0,242,8532594.392393267,15119123.12738194,6065072
0,0,243,8709225.032962646,15661297.84433854,6036574
0,0,244,8906409.747602738,16375168.57904858,6007743
0,0,245,9129564.027341854,17240096.60134278,5978398
0,0,246,9367579.662616158,17983164.46769393,5948249
0,0,247,9635978.420963932,18963057.99734821,5917309
0,0,248,9932127.452061879,19953535.05481049,5885654
0,0,249,10283037.56925149,21387327.96662693,5852795
0,0,250,10691524.80882149,23086167.78215409,5818719
0,0,251,11178113.93525365,25250902.95930346,5781752
0,0,252,11772945.13109437,28246328.79251409,5740821
0,0,253,12496563.26874408,32282521.884506,5691422
0,0,254,13364890.59284465,37753607.49375489,5625847
0,0,255,14367253.0595962,44888300.27108522,5530590
0,0,256,15416516.49927289,53601747.7458594,5382078
0,0,257,16315367.93092646,63007169.89314647,5146258
0,0,258,16750053.66598823,71105924.20011589,4786157
0,0,259,16400049.0184835,75607470.0070668,4276419
0,0,260,15024310.58151214,74123509.41677049,3618292
0,0,261,12667155.31772927,65955320.79071819,2857506
0,0,262,9683596.468124917,52571381.97704318,2075802
0,0,263,6631969.335041028,37166365.72332566,1370367
0,0,264,4020016.676638611,23045569.08027171,811626
0,0,265,2144080.829483375,12493338.88229003,428850
0,0,266,992366.4231889469,5836517.929101195,200467
0,0,267,399373.1825012423,2356218.163855913,84289
0,0,268,139070.0445108495,816497.0468892219,33399
0,0,269,44150.57556892225,261892.6272440624,14370
0,0,270,14574.21747715039,87011.03015245026,8463
0,0,271,6675.201835696927,40877.82567441188,6629
0,0,272,4924.054362274963,27393.3915293091,6131
0,0,273,4306.352241914296,23955.82141219911,5779
0,0,274,4020.803114028305,23486.83098251253,5645
0,0,275,4019.558743039227,28317.64710110391,5416
0,0,276,4013.460761504709,20993.14785115743,5363
0,0,277,3956.089324459493,21979.38073368807,5107
0,0,278,3474.162250752998,16000.44689067266,4993
0,0,279,3790.134576566891,25194.4163677452,4923
0,0,280,3594.403772797959,19909.73452509008,4683
0,0,281,3830.625701572963,24089.5569548098,4615
0,0,282,3554.892696222733,22735.39990247772,4408
0,0,283,3311.079923341067,17576.43148219865,4243
0,0,284,3336.671353198839,18920.10448050136,4223
0,0,285,3156.674138394137,17020.10676442935,4089
0,0,286,3213.158312650623,19037.0324392494,4071
0,0,287,2999.97541993971,17433.17236694419,3883
0,0,288,2899.580184432938,16006.88754415029,3746
0,0,289,2835.689512626816,15148.14961544519,3699
0,0,290,2858.488083515702,17043.97882789604,3642
0,0,291,2907.879998937716,19285.96492604044,3448
0,0,292,2712.733382885587,15367.85985328743,3441
0,0,293,2728.610197342665,15476.57019573756,3418
0,0,294,2639.557413099448,14236.53843915993,3250
0,0,295,2605.503276519781,15983.49011415657,3232
0,0,296,2488.589032291275,13215.38402372797,3158
0,0,297,2378.516329772838,13461.26343293823,3084
0,0,298,2544.26438843545,15166.55498544781,2986
0,0,299,2310.813470543588,12463.46322891378,3840
