# mesh name: boxMesh_1
# primitive scorer name: doseScorer
# iX, iY, iZ, total(value) [MeV], total(val^2), entry
0,0,0,4551257.122136416,5578590.157880267,10000000
0,0,1,4637319.397502339,6130224.709267137,9998835
0,0,2,4665728.554772868,6391715.947790161,9996566
0,0,3,4687637.959158322,6466264.781029807,9993765
0,0,4,4708850.442197029,6605776.248471837,9990431
0,0,5,4726386.547919005,6610734.100618958,9986725
0,0,6,4740779.938366143,6689939.157795756,9982647
0,0,7,4752826.58726971,6646795.635783254,9978232
0,0,8,4769265.772802195,6816169.228821296,9973419
0,0,9,4781359.55386984,6818937.722513544,9968339
0,0,10,4792653.336751045,6856733.531190088,9962987
0,0,11,4802633.929441325,6825821.082736228,9957409
0,0,12,4816048.706432861,6945640.124218519,9951461
0,0,13,4822648.62905154,6830637.053648194,9945217
0,0,14,4831197.181878039,6824431.740668046,9938579
0,0,15,4843537.861919508,7082550.195101043,9931832
0,0,16,4850856.865297301,7042536.891230864,9924758
0,0,17,4856558.841419699,6984009.342506588,9917480
0,0,18,4865521.396499101,7101350.103669122,9909941
0,0,19,4873669.551091498,7138920.519716541,9902384
0,0,20,4876625.262709353,7009443.620164302,9894567
0,0,21,4883700.389130734,7077403.314614454,9886565
0,0,22,4893017.981610451,7144661.480643907,9878431
0,0,23,4897907.405992622,7101398.340496463,9869958
0,0,24,4906328.614258632,7161306.621546935,9861361
0,0,25,4910787.205731237,7200808.719711878,9852497
0,0,26,4916244.796511044,7140066.100113899,9843294
0,0,27,4920865.691995855,7146738.274575448,9834176
0,0,28,4924888.060215394,7165975.7835011,9824678
0,0,29,4927736.969506098,7120835.873328864,9815070
0,0,30,4936215.587004091,7210908.635478545,9805395
0,0,31,4936586.972364208,7039139.097224705,9795475
0,0,32,4945992.373825965,7253172.960566415,9785441
0,0,33,4947323.965171367,7181569.693829631,9775115
0,0,34,4948592.627510118,7117238.637001726,9764643
0,0,35,4951414.464985346,7081731.744476115,9753999
0,0,36,4959456.095165082,7226383.64004565,9743409
0,0,37,4965558.97642247,7248936.097468907,9732261
0,0,38,4967025.241747157,7209217.06830341,9721207
0,0,39,4968465.378472373,7115963.536376167,9710114
0,0,40,4974490.880574997,7271577.464306708,9699062
0,0,41,4978321.157922688,7246141.646973204,9687579
0,0,42,4982821.96263488,7282376.998392278,9676009
0,0,43,4984579.706961159,7216439.347925976,9664445
0,0,44,4988273.251368094,7203186.352636717,9652647
0,0,45,4988676.502304409,7142281.195475545,9640786
0,0,46,4992997.231651006,7206681.847002967,9628891
0,0,47,4998087.313450649,7315208.180086845,9616644
0,0,48,4997003.610066228,7169908.788059686,9604298
0,0,49,5003893.595895156,7218902.444947087,9592057
0,0,50,5007952.627030838,7289913.971139263,9579527
0,0,51,5012061.737132822,7329082.81162251,9566668
0,0,52,5011950.846291871,7278658.981205892,9554054
0,0,53,5010058.61987509,7146963.362817747,9541012
0,0,54,5016304.875130697,7312357.818614161,9527887
0,0,55,5018027.121602206,7196509.876451624,9514694
0,0,56,5022722.607485628,7275819.814819755,9501614
0,0,57,5024508.832746136,7282550.368488963,9488007
0,0,58,5028192.919129876,7308450.342530266,9474826
0,0,59,5031295.647109017,7318694.021111341,9461728
0,0,60,5030223.184434538,7230246.169908917,9448145
0,0,61,5032488.735158956,7237073.239150181,9434398
0,0,62,5035039.478619605,7232270.823082061,9420747
0,0,63,5034806.398023571,7233486.581125845,9406642
0,0,64,5037047.145101833,7162546.297824219,9392884
0,0,65,5042794.869651443,7334765.298697557,9379030
0,0,66,5042617.920119703,7226708.944210366,9365072
0,0,67,5045977.573123788,7228882.372517722,9351047
0,0,68,5048483.784797706,7305977.554422561,9336690
0,0,69,5048714.708546672,7210222.845500852,9322692
0,0,70,5051455.419183397,7214028.423532346,9308470
0,0,71,5052782.173391598,7177263.466682514,9293988
0,0,72,5058320.847265199,7296188.450448958,9279661
0,0,73,5056716.57463124,7119810.494528181,9265462
0,0,74,5062073.442379262,7245657.713861936,9250975
0,0,75,5064348.680550905,7255495.091577319,9236196
0,0,76,5063847.405209103,7176482.623651758,9221570
0,0,77,5068894.971555924,7304011.087093536,9206949
0,0,78,5068340.735087561,7204835.6277024,9192358
0,0,79,5070248.898703758,7184436.091479809,9177670
0,0,80,5071773.499475651,7281460.136945884,9162766
0,0,81,5071850.038678944,7160409.006207928,9148108
0,0,82,5075293.462688272,7227324.587054562,9133174
0,0,83,5077631.371650871,7250839.589816488,9118038
0,0,84,5077206.298081767,7181939.789628264,9102964
0,0,85,5080932.321779486,7172403.739862096,9088012
0,0,86,5083917.372761033,7301564.506972287,9072979
0,0,87,5083956.586052832,7193522.986248278,9057488
0,0,88,5088265.797766471,7253014.190145736,9042139
0,0,89,5086464.826702544,7103843.866142044,9026877
0,0,90,5089062.188294723,7130816.820302275,9011558
0,0,91,5091930.613458207,7199231.241910676,8996049
0,0,92,5090807.227530248,7100721.643366579,8980445
0,0,93,5093898.694064455,7194515.450362956,8964985
0,0,94,5095438.87312906,7127240.57796678,8949638
0,0,95,5099326.441102115,7201708.845839703,8934241
0,0,96,5104008.006674257,7236326.353101814,8918626
0,0,97,5106369.460913039,7179789.26071002,8902881
0,0,98,5106231.786342472,7193620.157747512,8887196
0,0,99,5109897.531374646,7252459.332609147,8871274
0,0,100,5111287.228332511,7140375.419473819,8855181
0,0,101,5111913.961640922,7102223.984333712,8839462
0,0,102,5116641.467593096,7149151.013320327,8823496
0,0,103,5119392.683025753,7174901.491309678,8807503
0,0,104,5121328.561484884,7154426.802219812,8791184
0,0,105,5124094.865405843,7194287.285933461,8775275
0,0,106,5125698.661458572,7154785.931921896,8759055
0,0,107,5129889.754321195,7165689.645108894,8742916
0,0,108,5132865.949571524,7217955.575065664,8726618
0,0,109,5133579.243831882,7156203.732755432,8710152
0,0,110,5139372.065346017,7273597.195089571,8694007
0,0,111,5138989.594987337,7160005.789837292,8677729
0,0,112,5139722.850197612,7100788.742485914,8661464
0,0,113,5145745.752623882,7179806.425467274,8644996
0,0,114,5149176.429134114,7271366.800899557,8628569
0,0,115,5149513.268866461,7096362.229842468,8612056
0,0,116,5153922.85424664,7181689.884023901,8595514
0,0,117,5156599.884875165,7194077.071241492,8578965
0,0,118,5159956.361740834,7152535.91898565,8562438
0,0,119,5160042.658451566,7007173.97961628,8545772
0,0,120,5166641.444006672,7106299.721251924,8529125
0,0,121,5171082.607377822,7212040.564526772,8512481
0,0,122,5172926.315024193,7133384.859020025,8495839
0,0,123,5179853.264770176,7261234.92540382,8479131
0,0,124,5179376.928160029,7148755.899397377,8462427
0,0,125,5183148.626996294,7132166.090966986,8445692
0,0,126,5189233.631035477,7231514.664283738,8429144
0,0,127,5193606.461084439,7260745.939882396,8412217
0,0,128,5193114.870216327,7128391.336362058,8395121
0,0,129,5195970.697043221,7114538.841933794,8377977
0,0,130,5199872.466362618,7178187.973296656,8360796
0,0,131,5204374.194929992,7147877.77011556,8343679
0,0,132,5208124.263999184,7162594.88294923,8326600
0,0,133,5212933.331305121,7185222.245757062,8309517
0,0,134,5218472.599213253,7208915.742762638,8292239
0,0,135,5219379.273678283,7105065.107756488,8274969
0,0,136,5226728.388587456,7246615.081807678,8257483
0,0,137,5229187.050327601,7158552.985978201,8239984
0,0,138,5230178.109517596,7119016.835112436,8222526
0,0,139,5236098.30613241,7154803.869816015,8205124
0,0,140,5240261.709354854,7107500.151558244,8187759
0,0,141,5243283.089662673,7085419.672438321,8170599
0,0,142,5251491.778865086,7205575.491587188,8153183
0,0,143,5256424.432919662,7176966.106162018,8135804
0,0,144,5261697.133854609,7236586.70374384,8118172
0,0,145,5265878.74936764,7242368.821193519,8100549
0,0,146,5269683.886417986,7100183.368926981,8083025
0,0,147,5275725.308445693,7143505.715213792,8064817
0,0,148,5285355.246989693,7249969.011743284,8047332
0,0,149,5287937.576641029,7211590.547873629,8029612
0,0,150,5292589.703735998,7214119.610559706,8011785
0,0,151,5297693.284410983,7188111.984185152,7993716
0,0,152,5305302.818228452,7220005.369284173,7975986
0,0,153,5309482.05057043,7212514.689728541,7958091
0,0,154,5315063.837038154,7134045.562810846,7940303
0,0,155,5325574.395002045,7285228.932895469,7922461
0,0,156,5327892.446008274,7157850.66795521,7904463
0,0,157,5335732.789200848,7236368.791653723,7886607
0,0,158,5346942.03765403,7359512.45318005,7868324
0,0,159,5352471.017360353,7293325.748622042,7850588
0,0,160,5359731.671953924,7299717.962080061,7832203
0,0,161,5365853.196551819,7207808.34051089,7813930
0,0,162,5378007.62080207,7340345.742604868,7795889
0,0,163,5385120.060094895,7439213.229030944,7777490
0,0,164,5389434.606165523,7314151.381518433,7758997
0,0,165,5400351.912075133,7321471.018568287,7740607
0,0,166,5408846.29458708,7352016.34332813,7722244
0,0,167,5416701.398041018,7344811.476873469,7703801
0,0,168,5427526.461235208,7332040.518132867,7685375
0,0,169,5437231.435600459,7334254.95603684,7667119
0,0,170,5447088.275773851,7398640.005774131,7648558
0,0,171,5450591.001537332,7242504.378550433,7629668
0,0,172,5463613.809590917,7344484.814633868,7611221
0,0,173,5472574.059306819,7362565.012711485,7592406
0,0,174,5485656.146571705,7402230.387487256,7573564
0,0,175,5493298.320044824,7322697.962636812,7554472
0,0,176,5506882.168727555,7440630.946884042,7535889
0,0,177,5518056.986798123,7463886.248386532,7516816
0,0,178,5527636.42895984,7364442.369089898,7497825
0,0,179,5537286.989340423,7410562.067496299,7478868
0,0,180,5550313.128960529,7444929.187151947,7459981
0,0,181,5562985.706348858,7433910.699837715,7440852
0,0,182,5573301.963679281,7440996.933737863,7421945
0,0,183,5588691.381906618,7497734.102376247,7402720
0,0,184,5602107.465086735,7542354.551434624,7383546
0,0,185,5618245.322187323,7646689.18034039,7364164
0,0,186,5631272.881165805,7603593.058957109,7344699
0,0,187,5642233.403109344,7548522.779898126,7325497
0,0,188,5657989.521180765,7622168.88552282,7306163
0,0,189,5672636.032610326,7630676.622104283,7286951
0,0,190,5686975.851077628,7661465.604947148,7267279
0,0,191,5702585.027371742,7708070.439563141,7247870
0,0,192,5717688.628290821,7681991.236622262,7228006
0,0,193,5733289.149249739,7739747.707923324,7208546
0,0,194,5752105.012965667,7839411.390116267,7188739
0,0,195,5765589.095669035,7773502.286658064,7168737
0,0,196,5783724.358940439,7849671.015083157,7148858
0,0,197,5798074.114120728,7791556.176293314,7128639
0,0,198,5820120.652281158,7924269.837433449,7108865
0,0,199,5838415.286626103,7970492.325165584,7088779
0,0,200,5858169.15168057,8015379.191276542,7068796
0,0,201,5873954.86921207,7958056.753629036,7048089
0,0,202,5894535.259896183,8036769.167985101,7027636
0,0,203,5915762.836228749,8113974.158410886,7007303
0,0,204,5936954.29889043,8117353.113412552,6986969
0,0,205,5956875.254206803,8150415.874526514,6966396
0,0,206,5974335.900654565,8163736.593038917,6945860
0,0,207,5992506.056164271,8174401.682932561,6925147
0,0,208,6010984.334292039,8203981.765459951,6904320
0,0,209,6030780.025904488,8330334.878766129,6883420
0,0,210,6051239.936741706,8365762.517567815,6862632
0,0,211,6072616.887905563,8377731.23793236,6841461
0,0,212,6100499.568711107,8434997.865365539,6820341
0,0,213,6131994.371891574,8471071.385537863,6799232
0,0,214,6167786.347180956,8485265.491785208,6778265
0,0,215,6209629.086059432,8647965.480288509,6757034
0,0,216,6246827.292361495,8639639.721486954,6735395
0,0,217,6289100.815518441,8727525.707368134,6713830
0,0,218,6332749.327126232,8941277.176939519,6692073
0,0,219,6374329.00744535,9020839.482719433,6670133
0,0,220,6412396.803391642,9063179.19100596,6648434
0,0,221,6446718.39550242,9111710.999303522,6626603
0,0,222,6483395.458846372,9238761.046868596,6604378
0,0,223,6518683.51111065,9327103.487132626,6581953
0,0,224,6548429.990362546,9349291.886846736,6559457
0,0,225,6583808.44460425,9462348.109242311,6537230
0,0,226,6618647.308498051,9517383.632865012,6514777
0,0,227,6659748.326334381,9625567.201558162,6491920
0,0,228,6702040.461869491,9758018.677873719,6469095
0,0,229,6746823.707057143,9836315.932747548,6445916
0,0,230,6801691.905344682,10019877.05066676,6422645
0,0,231,6856380.039927892,10101593.17469931,6399320
0,0,232,6918456.707509805,10232392.46733825,6375536
0,0,233,6991977.911221955,10457343.83858236,6352260
0,0,234,7067888.099371208,10654808.11788086,6328246
0,0,235,7149005.142150113,10806348.75688334,6304252
0,0,236,7239554.888389695,11088063.33594126,6280043
0,0,237,7329848.936868133,11303997.3228383,6255677
0,0,238,7424458.973016312,11538479.65097362,6230763
0,0,239,7526358.612670779,11908114.83491489,6205599
0,0,240,7627191.08468094,12183173.28364868,6180272
0,0,241,7731918.859504701,12515260.11322914,6154953
0,0,242,7838738.989856844,12762661.3315697,6129342
0,0,243,7958503.799983424,13203317.74855102,6103381
0,0,244,8084946.855061712,13624072.72073782,6076871
0,0,245,8222922.115139468,14159539.00851344,6049632
0,0,246,8376475.766159317,14696999.06647012,6022024
0,0,247,8546885.308498908,15330619.14406806,5994057
0,0,248,8732414.454940796,15968042.21674523,5965687
0,0,249,8935761.217623301,16638074.11727513,5936258
0,0,250,9164099.078650089,17480012.36679817,5906570
0,0,251,9411573.024462821,18255189.00973406,5876617
0,0,252,9695106.698549144,19286536.08289513,5845636
0,0,253,10015660.90432102,20476079.25523097,5813699
0,0,254,10393097.08893495,22027709.1029523,5780669
0,0,255,10838829.37924975,24002084.99131768,5745183
0,0,256,11373763.39000705,26543341.59156776,5706132
0,0,257,12027089.74588072,30036473.66327084,5661217
0,0,258,12814532.57741571,34721693.78447173,5604184
0,0,259,13744063.28030771,40994790.75814039,5524203
0,0,260,14762616.23372761,48872584.33240835,5402677
0,0,261,15727321.40544539,57871964.83753093,5211729
0,0,262,16374791.15625296,66413510.72405726,4915182
0,0,263,16419006.39627066,72714324.63879018,4484126
0,0,264,15554049.5629177,74150857.6576364,3903958
0,0,265,13708063.56371386,69427553.76794028,3201214
0,0,266,11052894.79614628,58696825.73013489,2436106
0,0,267,8045369.068176575,44294345.31591314,1697439
0,0,268,5235588.124559531,29595055.23492235,1072141
0,0,269,3021751.715708766,17426820.12117504,608106
0,0,270,1528492.789300569,8929692.510251354,306736
0,0,271,677697.9919922069,3991217.472474994,138831
0,0,272,261264.4692239066,1542544.056006168,57216
0,0,273,88074.95302609194,518436.5220264732,23228
0,0,274,28166.64514903112,162962.4034503892,11232
0,0,275,10426.88540072685,60378.97694914835,7416
0,0,276,5651.467209698712,30329.4799544215,6255
0,0,277,4292.001426799598,20510.48153340939,5971
0,0,278,4100.608431770308,20518.95409817752,5687
0,0,279,4094.073445018049,24061.39443698491,5532
0,0,280,3983.442333389728,23270.88368898001,5300
0,0,281,3995.535389481132,25790.52833958277,5168
0,0,282,3887.387646035563,23208.43693006703,5138
0,0,283,3674.402616160725,19151.56223770343,4946
0,0,284,3788.183722419371,23805.20037228958,4818
0,0,285,3575.713245171469,21636.86423720865,4644
0,0,286,3366.865845648058,19946.9966403276,4523
0,0,287,3328.591220986894,18576.31971775019,4458
0,0,288,3400.118130831731,20419.45602336721,4261
0,0,289,3221.171745650277,17853.03244964857,4161
0,0,290,3195.588281882553,17905.07246149254,4111
0,0,291,3290.119635434711,18992.47115927208,4076
0,0,292,2975.278190420408,16019.18395730885,3892
0,0,293,2986.449909951802,17848.53055553466,3814
0,0,294,2953.270963137709,15775.68546277826,3739
0,0,295,3051.749400748528,17037.10324829441,3664
0,0,296,2933.203043421931,17879.7101858557,3591
0,0,297,2926.991030969339,17313.92903847013,3460
0,0,298,2765.801869833438,15068.2948876866,3406
0,0,299,2851.257804071282,17368.49486559318,4208
