# mesh name: boxMesh_1
# primitive scorer name: doseScorer
# iX, iY, iZ, total(value) [MeV], total(val^2), entry
0,0,0,4493061.142061375,5512398.48500829,10000000
0,0,1,4581487.058960213,6087428.549641141,9998864
0,0,2,4609623.883455335,6324985.092109153,9996627
0,0,3,4632079.91078425,6458949.023681941,9993821
0,0,4,4652320.437281145,6542781.252832323,9990601
0,0,5,4669240.894593846,6606827.076105142,9986923
0,0,6,4683920.873356301,6641852.124934069,9982998
0,0,7,4696031.379043631,6625400.553219471,9978609
0,0,8,4712065.67997759,6738937.611318893,9973952
0,0,9,4724057.892104736,6832380.114195989,9968881
0,0,10,4734889.574650349,6836206.532791851,9963627
0,0,11,4743996.572990295,6791524.062180387,9958128
0,0,12,4757308.961124002,6889338.472706757,9952224
0,0,13,4763225.617241047,6744976.749807877,9946109
0,0,14,4773080.745584635,6758869.60693191,9939676
0,0,15,4782483.1927818,6939042.848177654,9932910
0,0,16,4791066.051238772,6983633.25031531,9925897
0,0,17,4797179.549434206,7026396.954414544,9918791
0,0,18,4803082.930916859,7020363.859628332,9911325
0,0,19,4813031.189905412,7042404.272473974,9903723
0,0,20,4814828.492433472,6939483.83713567,9896042
0,0,21,4821099.255941551,6937776.546670082,9888110
0,0,22,4830693.686513509,7101468.075936668,9880107
0,0,23,4836725.637789842,7115553.945090618,9871691
0,0,24,4843948.781762918,7137968.989422075,9863203
0,0,25,4848293.920966904,7138281.715991182,9854540
0,0,26,4854934.926436162,7163103.419994416,9845585
0,0,27,4860066.881788455,7171549.617609163,9836449
0,0,28,4862903.57397162,7057918.780616754,9827158
0,0,29,4865342.801549099,7043399.117408902,9817578
0,0,30,4873435.415730757,7181718.816574147,9808006
0,0,31,4872957.959613301,7071849.639937039,9798193
0,0,32,4877945.117672872,7062446.077175524,9788324
0,0,33,4883359.912013762,7137923.18789585,9778166
0,0,34,4885869.267213822,7126085.017435941,9767743
0,0,35,4886450.669077211,7056754.40853428,9757107
0,0,36,4893716.741110032,7164082.810168991,9746643
0,0,37,4898047.086434399,7146410.813433995,9735921
0,0,38,4901344.173836005,7200579.518745938,9725074
0,0,39,4900541.840226682,7026233.811261215,9713848
0,0,40,4905708.277751984,7157375.560829595,9702756
0,0,41,4906106.795973575,7054841.355112573,9691687
0,0,42,4913763.539336439,7227610.992730618,9680294
0,0,43,4917045.679350877,7216522.528961906,9668814
0,0,44,4918720.629886084,7123809.766034968,9657305
0,0,45,4919384.43606686,7104377.759170257,9645580
0,0,46,4920431.087125317,7082722.30398806,9633580
0,0,47,4923706.671602265,7133170.479911843,9621751
0,0,48,4928741.767689742,7195778.226004729,9609718
0,0,49,4931782.526519191,7147047.443436333,9597431
0,0,50,4936473.51174002,7183948.851731832,9584861
0,0,51,4942879.998712724,7360599.43900615,9572307
0,0,52,4941695.72817141,7211497.794499645,9559569
0,0,53,4940106.651066197,7137616.335575496,9546901
0,0,54,4944810.44973885,7256702.503033836,9533880
0,0,55,4944255.827821242,7132029.349887671,9521047
0,0,56,4950932.330584722,7264538.624517589,9508155
0,0,57,4952422.143029216,7199183.996105286,9494977
0,0,58,4955290.531536506,7228753.579987478,9481702
0,0,59,4955633.130769934,7208052.626767811,9468478
0,0,60,4956012.214578346,7158546.396743517,9455396
0,0,61,4958152.966484107,7158177.179190525,9441983
0,0,62,4962415.915768214,7181240.044099478,9428616
0,0,63,4963096.924565732,7200725.35879216,9415076
0,0,64,4965005.633012028,7120921.026108166,9401303
0,0,65,4966538.458392614,7121106.074502897,9387670
0,0,66,4968640.24723658,7230109.853923946,9373728
0,0,67,4969875.997537961,7176963.432487432,9359664
0,0,68,4972920.8376319,7202945.876054155,9345707
0,0,69,4971389.164701665,7208523.62315527,9331606
0,0,70,4974385.413920135,7139020.198822785,9317213
0,0,71,4975356.439606404,7110201.638405873,9303052
0,0,72,4978896.833673903,7175058.739852367,9288822
0,0,73,4981490.411398611,7250853.883924119,9274388
0,0,74,4980659.39645477,7163565.921147522,9259886
0,0,75,4983044.849503567,7135861.830296777,9245537
0,0,76,4985016.036418956,7149189.647736917,9230967
0,0,77,4985854.232026711,7113333.693026833,9216434
0,0,78,4987223.521673799,7086092.696026056,9202215
0,0,79,4989678.455427728,7163416.074374777,9187441
0,0,80,4993795.083743107,7194388.070697494,9172715
0,0,81,4991935.401937621,7089544.55918926,9158162
0,0,82,4993432.828972636,7068042.973176529,9143261
0,0,83,4998540.575560981,7244192.964986995,9128580
0,0,84,4996358.5362802,7031873.006514887,9113478
0,0,85,5000738.777087353,7101037.249865875,9098560
0,0,86,5001329.690684304,7081577.583350453,9083418
0,0,87,5004298.469939847,7167571.039742464,9068436
0,0,88,5006673.286131151,7119001.244132806,9053243
0,0,89,5004210.630674538,7057802.112793535,9037983
0,0,90,5007499.801561943,7118026.160930926,9022777
0,0,91,5006656.827482966,7087720.583137287,9007394
0,0,92,5007727.845379518,7106240.927446447,8992255
0,0,93,5007946.413313175,7062013.981772923,8976825
0,0,94,5011088.731806067,7042254.898500369,8961568
0,0,95,5015163.9640169,7152711.901807136,8946131
0,0,96,5017589.326512977,7175435.333275734,8930599
0,0,97,5017824.416006332,7033473.950289197,8914965
0,0,98,5019437.254873796,7083528.658991945,8899476
0,0,99,5022648.469216133,7158462.105824936,8883746
0,0,100,5022056.092155903,7067370.349097437,8868238
0,0,101,5021916.224131388,7038783.784920678,8852477
0,0,102,5027317.346976638,7103729.342958345,8836723
0,0,103,5030020.568460746,7188547.913498022,8820772
0,0,104,5031969.696073305,7124277.269161863,8804930
0,0,105,5032755.640248857,7106782.689977306,8789070
0,0,106,5031054.257865909,7098626.419435212,8773090
0,0,107,5037197.578756611,7168134.651692012,8757121
0,0,108,5033114.005218137,6970780.556021797,8741109
0,0,109,5035053.620427831,6953343.274556009,8725202
0,0,110,5038801.770822464,6964964.362661615,8709436
0,0,111,5040745.540752597,7015585.130010825,8693262
0,0,112,5044460.941393036,7084546.882139167,8677208
0,0,113,5046064.083901405,7077572.44469895,8660937
0,0,114,5051734.900513858,7169592.800602184,8644865
0,0,115,5053743.16624039,7204918.011935649,8628620
0,0,116,5049944.988095893,7010538.72685013,8612293
0,0,117,5052749.512902418,7007950.227451179,8596073
0,0,118,5056245.974391743,6994403.578471661,8579779
0,0,119,5060993.051175582,7080383.892482304,8563340
0,0,120,5061699.580789337,7065702.674999706,8546822
0,0,121,5066550.365964322,7137105.847346067,8530525
0,0,122,5065873.475545744,6995819.55224455,8513764
0,0,123,5072225.621378758,7075491.756915491,8497367
0,0,124,5072005.312378463,7032772.0303525,8480613
0,0,125,5075585.059705566,7039780.953142023,8464026
0,0,126,5079852.419955101,7109261.671015175,8447714
0,0,127,5083213.340282825,7096211.578010838,8431015
0,0,128,5086686.566207253,7147490.754664954,8414275
0,0,129,5084807.169806566,7013058.99831952,8397372
0,0,130,5090845.2949953,7119909.461351322,8380673
0,0,131,5090922.545367612,7002025.015013725,8363850
0,0,132,5095462.254891673,7031271.079050301,8347131
0,0,133,5097905.46203818,7069191.290615063,8330354
0,0,134,5101888.95049281,7017113.498875799,8313578
0,0,135,5106804.967912661,7129327.091259988,8296458
0,0,136,5108503.66030092,7065456.414011628,8279438
0,0,137,5112980.408563497,7089522.123287816,8262270
0,0,138,5114042.517248359,7030970.699956561,8245480
0,0,139,5119240.123035036,7129304.985432287,8228282
0,0,140,5118668.375957699,6972006.724381558,8211102
0,0,141,5124145.454028907,6999776.644409697,8193916
0,0,142,5130247.12307737,7077251.071254829,8176926
0,0,143,5133451.729517132,7056013.934863169,8159763
0,0,144,5137664.215702666,7076298.850287618,8142851
0,0,145,5140550.945925751,6998625.251401263,8125570
0,0,146,5146829.42578546,7047496.266451032,8108696
0,0,147,5152009.096797043,7107859.68312474,8091248
0,0,148,5153268.297607208,6998816.668993505,8073956
0,0,149,5158500.032817226,7076362.108944031,8056639
0,0,150,5161830.759904159,7006270.155599363,8039072
0,0,151,5167176.689686631,7038001.400141105,8021325
0,0,152,5172351.502122281,7063800.155293018,8003864
0,0,153,5176498.851326082,7060707.644185097,7986379
0,0,154,5182237.662236226,7086178.130104329,7968805
0,0,155,5186502.185086485,7107408.977005824,7951106
0,0,156,5193043.24516525,7132765.146657615,7933536
0,0,157,5194426.286848669,7013080.078600267,7915494
0,0,158,5204860.517653269,7168408.067751631,7898029
0,0,159,5207043.861524861,7046149.783520916,7880229
0,0,160,5212584.764842252,7104677.230494676,7862559
0,0,161,5219185.004980667,7146942.462536762,7844951
0,0,162,5225120.025713093,7166197.737647857,7827033
0,0,163,5231560.567341738,7148152.557654815,7809453
0,0,164,5238310.352088272,7216165.504272954,7791545
0,0,165,5243257.899119703,7151726.614474007,7773629
0,0,166,5249958.535353599,7134093.624893604,7755626
0,0,167,5255768.861892541,7138239.029990145,7737609
0,0,168,5261851.963873282,7107336.738627961,7719640
0,0,169,5271815.009922876,7233590.331916945,7701715
0,0,170,5276590.193103326,7077124.12776397,7683702
0,0,171,5283145.710388814,7098222.398756469,7665357
0,0,172,5293824.925540872,7165540.196369306,7647379
0,0,173,5300819.637439538,7130652.34015413,7628982
0,0,174,5309443.241718711,7204757.144702791,7610697
0,0,175,5316013.312863945,7140685.302602598,7592446
0,0,176,5325363.828103757,7205768.370340758,7574108
0,0,177,5332898.088571175,7161176.866471323,7555736
0,0,178,5341365.158597544,7160274.344480364,7537425
0,0,179,5350120.337555719,7138677.372669793,7518452
0,0,180,5359911.206992333,7153186.265350934,7499997
0,0,181,5371963.401199201,7266661.53377531,7481737
0,0,182,5382117.07425068,7225491.534348722,7463077
0,0,183,5393207.055274115,7303488.975501614,7444704
0,0,184,5400036.24016366,7193579.825376829,7426171
0,0,185,5418994.476823857,7452062.234586796,7407688
0,0,186,5428967.202987563,7456089.155034197,7388792
0,0,187,5436974.690194647,7344322.035742071,7369840
0,0,188,5445998.068813277,7308130.583720587,7351212
0,0,189,5458293.135980323,7361125.074784337,7332353
0,0,190,5470356.606669774,7373195.631589735,7312963
0,0,191,5485636.583139297,7538035.986738724,7294217
0,0,192,5496846.135653751,7444626.643790638,7275268
0,0,193,5511983.006002062,7531900.999398869,7256152
0,0,194,5523995.63449512,7572166.184015491,7237124
0,0,195,5532985.503071182,7497766.864916382,7217989
0,0,196,5544879.250111138,7420319.570415863,7198924
0,0,197,5561450.37766482,7563717.864869972,7179781
0,0,198,5572744.999972876,7505252.512699154,7160452
0,0,199,5589189.584062229,7607803.861256172,7141281
0,0,200,5603602.066512641,7598341.927341983,7121894
0,0,201,5618329.952913711,7660507.644069694,7102486
0,0,202,5632055.539256771,7633252.939132702,7082988
0,0,203,5647290.728324587,7682949.836032273,7063370
0,0,204,5663099.192748793,7595317.772266147,7043698
0,0,205,5679328.689505247,7683012.402101953,7023936
0,0,206,5697651.878745031,7719432.791639405,7004127
0,0,207,5716859.063864144,7790612.863334188,6984179
0,0,208,5731745.801419011,7734838.224637531,6964325
0,0,209,5751551.517264509,7828396.628864483,6944610
0,0,210,5769359.052868316,7781271.147166503,6924558
0,0,211,5791597.091712031,7902548.097354176,6904824
0,0,212,5813430.569105704,7992200.322078922,6884660
0,0,213,5832609.477183024,7990122.277761755,6864395
0,0,214,5849637.499437946,8012835.234330548,6844217
0,0,215,5869549.717871673,8075730.340916994,6823771
0,0,216,5888272.784262763,8067353.609563243,6803465
0,0,217,5905046.0938396,8092831.935098005,6783077
0,0,218,5923519.331207549,8128345.949657805,6762512
0,0,219,5944516.304263182,8183805.836320668,6741788
0,0,220,5966919.077413326,8214098.21986823,6721253
0,0,221,5993113.287957826,8254771.842948405,6700242
0,0,222,6025008.80840757,8310230.531523531,6679523
0,0,223,6058038.597285477,8330518.535647251,6658272
0,0,224,6100448.379288886,8559485.097841889,6637161
0,0,225,6136384.803455815,8561292.225242935,6615861
0,0,226,6174826.544360508,8575496.407906942,6594400
0,0,227,6215616.240319123,8665800.208432185,6573067
0,0,228,6258608.312972333,8855395.561869409,6551675
0,0,229,6295180.236792507,8931636.349602312,6529797
0,0,230,6328568.762644042,8976538.34176396,6508167
0,0,231,6365412.32154723,9093989.867525561,6486103
0,0,232,6399339.743872486,9173416.82569601,6463851
0,0,233,6429793.147630304,9174044.423366835,6441613
0,0,234,6464188.790476603,9304281.656574158,6419574
0,0,235,6496405.057518496,9313409.29693773,6396910
0,0,236,6534419.978233716,9441449.488835771,6374278
0,0,237,6574236.096723487,9517890.567685723,6351885
0,0,238,6622374.25901529,9652987.709687769,6329082
0,0,239,6670331.856288319,9743898.627975676,6306181
0,0,240,6726703.891085041,9880145.772740439,6283060
0,0,241,6789019.782328086,10049803.54449896,6260069
0,0,242,6860616.615664655,10237511.48976813,6236813
0,0,243,6934983.928117415,10418972.12707397,6213670
0,0,244,7014818.903987058,10609423.91968366,6189932
0,0,245,7100465.601934148,10853319.71093631,6165927
0,0,246,7191920.290922889,11120504.80149006,6141493
0,0,247,7284290.427593322,11348793.7759871,6116977
0,0,248,7380419.210371656,11599002.66915758,6092555
0,0,249,7481635.909327759,11929059.47721944,6067510
0,0,250,7585656.245930054,12248313.67927679,6042537
0,0,251,7693950.128257936,12614223.24731865,6016921
0,0,252,7808357.282452941,12979802.12826221,5991168
0,0,253,7930180.987578019,13396874.18504371,5965040
0,0,254,8065168.66250047,13839967.59062402,5938580
0,0,255,8215288.396447391,14361475.81791225,5911539
0,0,256,8380879.816298082,14987250.53232469,5884036
0,0,257,8563154.671490412,15621598.59980986,5855881
0,0,258,8766397.782852482,16390352.04242747,5827177
0,0,259,8985681.003095195,17102902.14387349,5797921
0,0,260,9229739.064103002,17944851.78478286,5767818
0,0,261,9506685.453303132,18939400.23540048,5736597
0,0,262,9821904.477065209,20118906.21553423,5704898
0,0,263,10191453.24134212,21626900.39269803,5672684
0,0,264,10626517.58901685,23533639.76922666,5637674
0,0,265,11154479.21211851,26094629.20723576,5599324
0,0,266,11794588.29332279,29569722.41858011,5554333
0,0,267,12558325.00816108,34147353.02396078,5496115
0,0,268,13447984.15547429,40214345.21974783,5414650
0,0,269,14403257.12617638,47698543.81196587,5291073
0,0,270,15289193.39041877,56086550.9260183,5099129
0,0,271,15875343.36111732,64045016.74236685,4807379
0,0,272,15901002.65923475,69843622.92621633,4392072
0,0,273,15103831.42359905,71365117.28291877,3838775
0,0,274,13388327.18717359,67095281.49383822,3170497
0,0,275,10933317.73109217,57454647.8222643,2442664
0,0,276,8127238.12984138,44325837.86859067,1735537
0,0,277,5440441.798226179,30527081.80613024,1124622
0,0,278,3252554.519516397,18633962.20749572,658750
0,0,279,1725484.260815338,10041693.24544694,346780
0,0,280,804807.5592494736,4722683.671170383,164091
0,0,281,331758.7222608046,1965274.891388218,70848
0,0,282,119667.6027440034,705800.2227121005,29293
0,0,283,39407.36894312544,232150.9175609392,13223
0,0,284,13555.27434746395,76840.50920235988,8055
0,0,285,6446.502754206018,37956.25007124028,6496
0,0,286,4759.172864781778,25949.10692060205,5885
0,0,287,4191.57162238921,23722.47350355423,5758
0,0,288,4121.803231321393,25112.94118188482,5468
0,0,289,3771.067481770768,18885.60737398246,5241
0,0,290,3913.479462205916,24357.0412427138,5071
0,0,291,3652.671971662546,20009.86566457945,4899
0,0,292,3556.250558077918,19861.26182934552,4809
0,0,293,3453.119277106215,19497.99232407469,4658
0,0,294,3506.43926094563,19477.00112977635,4569
0,0,295,3450.072815058063,20411.13752022272,4484
0,0,296,3475.834836236872,18968.08295076515,4272
0,0,297,3234.857231786307,16584.74678926639,4175
0,0,298,3239.136745716826,18369.41529225165,4135
0,0,299,3032.856652356869,15030.74625850057,5051
