# mesh name: boxMesh_1
# primitive scorer name: doseScorer
# iX, iY, iZ, total(value) [MeV], total(val^2), entry
0,0,0,4465305.418516735,5510167.430850257,10000000
0,0,1,4554301.212736002,6047932.878228826,9998868
0,0,2,4582619.393143723,6339731.025481479,9996647
0,0,3,4603009.847659742,6379332.429420225,9993867
0,0,4,4625795.51689323,6602481.559539133,9990660
0,0,5,4641498.729869778,6607461.912654779,9987059
0,0,6,4656496.019223994,6677770.415051233,9983155
0,0,7,4668302.00572459,6644764.25200108,9978792
0,0,8,4682780.12285198,6703575.971431444,9974148
0,0,9,4695033.874154243,6746171.293275173,9969146
0,0,10,4706261.659497248,6781413.600833463,9963926
0,0,11,4715217.967906963,6748652.604881084,9958446
0,0,12,4728489.116871132,6904082.651625335,9952625
0,0,13,4734990.598944026,6762128.668831228,9946548
0,0,14,4744724.784675259,6784480.026214734,9940182
0,0,15,4753995.228092302,6931665.723987855,9933507
0,0,16,4760564.539185442,6906013.394174498,9926585
0,0,17,4768209.563686278,7022525.193697412,9919391
0,0,18,4774223.182752145,6981303.849670751,9912072
0,0,19,4781764.029280912,6985666.389061597,9904506
0,0,20,4784333.062555136,6896917.868142785,9896938
0,0,21,4791315.061557504,6895852.362727409,9889119
0,0,22,4797817.663191764,6997542.481285043,9880985
0,0,23,4805960.438168004,7028248.100566544,9872630
0,0,24,4814366.865415325,7194319.846270959,9864316
0,0,25,4816364.308226053,7016090.509190356,9855816
0,0,26,4824485.363816486,7137634.48886187,9846888
0,0,27,4829247.857972424,7152893.547846144,9837777
0,0,28,4830327.969802206,7033805.433271792,9828612
0,0,29,4832085.878834212,6984753.94789291,9819211
0,0,30,4841946.047613312,7129322.661444053,9809795
0,0,31,4842760.453579996,7050272.979213823,9799997
0,0,32,4847381.996948837,7073949.327854517,9790068
0,0,33,4851169.703149671,7037951.774515449,9780030
0,0,34,4855020.410472937,7141394.920635687,9769716
0,0,35,4858415.393413374,7212091.194211504,9759277
0,0,36,4865379.853029913,7159840.573324767,9748835
0,0,37,4867375.89031561,7135676.196037871,9738082
0,0,38,4867986.086270437,7178364.864949128,9727080
0,0,39,4867784.398813136,6977759.795501858,9716042
0,0,40,4872669.087826516,7079443.043000131,9704973
0,0,41,4875865.438602701,7111620.129902154,9693761
0,0,42,4881619.24151029,7159217.863970994,9682429
0,0,43,4883026.668336267,7112828.046404557,9670868
0,0,44,4886847.514891867,7180543.092207943,9659262
0,0,45,4887661.415804313,7121159.56655932,9647531
0,0,46,4889517.368504828,7115941.612269941,9635670
0,0,47,4892567.961045046,7209615.84186731,9623554
0,0,48,4893757.197918016,7158633.042996971,9611571
0,0,49,4896406.625460199,7132223.714743752,9599428
0,0,50,4899103.720191299,7132414.409819659,9586982
0,0,51,4903129.465632766,7149505.362330033,9574610
0,0,52,4906093.318049647,7254334.271321707,9561734
0,0,53,4904015.961652104,7035661.079827596,9549068
0,0,54,4910109.461675969,7226635.957813349,9536194
0,0,55,4911296.996610869,7146534.397450102,9523565
0,0,56,4912601.436737834,7134406.542631874,9510510
0,0,57,4916612.093916521,7240160.306380195,9497509
0,0,58,4917416.845295534,7190238.201305205,9484443
0,0,59,4917916.04346055,7122794.686079463,9471263
0,0,60,4919262.157070591,7094466.542071676,9458173
0,0,61,4923356.869359307,7203131.89062044,9444884
0,0,62,4926552.228819984,7198702.580156945,9431400
0,0,63,4924967.15778074,7062717.356615229,9418010
0,0,64,4927622.605975447,7214702.492988397,9404257
0,0,65,4930606.600062817,7154342.796091355,9390775
0,0,66,4931079.168505738,7084462.771428757,9376958
0,0,67,4932093.136355926,7084867.641591389,9363038
0,0,68,4933492.300950514,7069195.227554763,9349239
0,0,69,4936550.333482064,7220557.386382666,9335231
0,0,70,4938531.986502032,7184508.426000301,9321132
0,0,71,4936921.2386196,7098063.358515868,9306900
0,0,72,4941534.915536746,7200509.104355721,9292847
0,0,73,4942198.011805145,7172739.196121294,9278361
0,0,74,4942309.074900886,7069221.65093206,9264342
0,0,75,4947295.308822785,7195610.178461975,9249858
0,0,76,4949583.03465071,7234022.844401816,9235337
0,0,77,4945852.001600767,7037974.151929869,9220997
0,0,78,4947684.759308914,6989590.845558351,9206511
0,0,79,4950401.393634468,7029043.335134713,9192103
0,0,80,4956340.677309602,7192805.328681337,9177521
0,0,81,4955050.32914474,7116757.044808466,9163120
0,0,82,4957074.903637322,7154576.595530036,9148555
0,0,83,4959172.381041968,7242848.20494388,9133606
0,0,84,4957460.351035092,7085938.7002902,9118890
0,0,85,4959496.56734043,7103328.092418046,9104102
0,0,86,4962775.258137316,7152984.951164655,9089433
0,0,87,4965443.6431796,7204592.252726976,9074386
0,0,88,4965976.59118461,7101115.518962403,9059545
0,0,89,4965628.169804918,7132083.326510844,9044232
0,0,90,4969398.029130684,7186710.175593151,9029007
0,0,91,4967156.07035711,7087025.45197146,9013677
0,0,92,4968868.632806177,6983898.088075642,8998470
0,0,93,4969054.736029674,7030748.11778937,8983157
0,0,94,4971061.855004369,7066175.074331071,8967883
0,0,95,4972820.100140281,7007063.208909226,8952744
0,0,96,4974891.716698766,7051801.595759527,8937289
0,0,97,4977391.802604039,7106387.975899761,8921780
0,0,98,4977374.037712364,7039805.29458132,8906270
0,0,99,4977980.08226206,7049777.734347882,8890731
0,0,100,4979540.478920085,7009310.616471287,8875165
0,0,101,4981088.878806562,7070159.004129492,8859453
0,0,102,4984301.976141482,7089026.301778134,8843808
0,0,103,4986182.225053885,7155761.382698107,8828102
0,0,104,4986298.537671792,7068311.987060196,8812379
0,0,105,4986820.857363435,7045389.083176484,8796684
0,0,106,4984523.591940301,6913048.651954323,8780826
0,0,107,4991154.091984099,7013896.531472896,8764856
0,0,108,4990669.565757805,6965923.856834213,8748967
0,0,109,4991146.5478964,6928289.301295028,8733367
0,0,110,4996734.539749756,7089184.306425137,8717413
0,0,111,4997257.874579195,7030448.882606946,8701297
0,0,112,4997752.015230421,6986601.775500352,8685360
0,0,113,4999831.191801099,6949750.029385699,8669296
0,0,114,5004537.246512173,7122411.573602775,8653023
0,0,115,5007278.714314736,7079805.491822645,8636962
0,0,116,5005776.937303683,7024248.498297328,8620809
0,0,117,5004438.2661782,6950050.202960424,8604561
0,0,118,5009088.155628933,7002224.348031806,8588355
0,0,119,5011682.648906424,6957208.176574362,8572185
0,0,120,5012846.385798547,6943483.848155878,8555997
0,0,121,5016247.578292533,6984220.302870391,8539457
0,0,122,5019619.124187881,7053355.300231369,8523160
0,0,123,5020351.001811885,7003818.50808424,8506854
0,0,124,5020962.480006792,6980037.793089872,8490294
0,0,125,5022926.869258424,6989990.225095313,8473662
0,0,126,5027307.395988833,6999034.30743368,8457271
0,0,127,5031760.57773411,7040090.936389817,8440978
0,0,128,5032229.716861698,6956189.46406779,8424326
0,0,129,5032861.498118591,6933602.68838294,8407732
0,0,130,5036006.295486175,7001361.165564332,8390753
0,0,131,5040749.687883512,7101087.195254999,8374125
0,0,132,5042393.466192173,7040417.510660751,8357328
0,0,133,5045307.214529281,6978369.114462852,8340694
0,0,134,5047114.4495094,6921459.87711307,8324183
0,0,135,5051655.980058951,6980077.708070993,8307668
0,0,136,5053634.347824011,6995821.359420153,8290654
0,0,137,5059122.724693704,7023443.732259327,8273773
0,0,138,5058217.1736312,6979469.425395325,8256483
0,0,139,5067289.105089872,7091352.557105985,8239888
0,0,140,5065208.528193245,6902391.517532512,8223017
0,0,141,5068967.508456277,6983803.831214288,8205752
0,0,142,5072387.418141735,6958318.056486325,8188831
0,0,143,5076223.919051869,6915497.228346875,8171749
0,0,144,5080456.473715059,6970161.05466998,8154953
0,0,145,5084339.281149306,6982247.150132151,8137929
0,0,146,5089972.60880642,7087267.597916977,8120678
0,0,147,5092880.915977615,6992651.549943486,8103748
0,0,148,5091787.568768838,6888642.344449578,8086448
0,0,149,5097610.27730891,7000442.445366373,8069009
0,0,150,5105115.137600982,7150560.71625396,8051602
0,0,151,5104511.487880023,6959454.011482343,8034447
0,0,152,5110140.098516204,7026446.06132942,8016630
0,0,153,5114508.825641987,7044170.443336851,7999399
0,0,154,5116120.431238662,6980703.013532482,7982040
0,0,155,5121246.612012401,6955024.751536147,7964605
0,0,156,5126149.45915911,6971830.979198094,7947415
0,0,157,5129894.026661662,6933192.512390997,7929834
0,0,158,5136986.191756226,7053230.975120692,7912237
0,0,159,5141935.242578597,7052506.327090081,7894994
0,0,160,5145985.812182437,6981632.1698864,7877599
0,0,161,5150162.001844865,6984839.504952685,7859803
0,0,162,5157080.495435837,7052704.277128494,7842127
0,0,163,5161559.209308123,7068208.177800327,7824690
0,0,164,5168247.845088634,7061168.083276553,7806982
0,0,165,5173155.874853889,7064022.357399063,7789249
0,0,166,5177357.52479825,6984376.525732834,7771588
0,0,167,5184774.102495901,7078753.066779704,7753652
0,0,168,5187621.129665393,6999676.385958668,7735690
0,0,169,5194972.632646345,7062653.379332421,7717768
0,0,170,5200407.353997041,7007407.587866644,7699804
0,0,171,5206386.377564054,7088789.724278044,7681780
0,0,172,5215310.983718785,7137491.032222123,7663822
0,0,173,5222095.231929138,7110680.767718879,7645757
0,0,174,5229246.905362733,7130397.544491432,7627916
0,0,175,5234603.496984334,7048547.53169705,7610100
0,0,176,5241836.179641966,7063084.698684929,7591863
0,0,177,5250784.584796418,7123451.817069786,7573547
0,0,178,5258517.741581487,7129409.593757408,7555397
0,0,179,5266157.02834195,7068690.300174676,7537213
0,0,180,5270744.156735356,6991594.81578506,7518995
0,0,181,5282957.813137418,7151673.885997315,7500427
0,0,182,5291445.117348846,7111546.368405848,7482081
0,0,183,5300107.326125409,7094108.131130402,7463814
0,0,184,5309028.889868576,7108677.862005869,7445327
0,0,185,5323928.652067197,7275685.960900924,7426948
0,0,186,5331262.565384129,7202611.833902053,7408495
0,0,187,5340583.353130553,7178587.950336744,7389835
0,0,188,5348611.957167222,7179800.359663853,7371375
0,0,189,5361223.483636511,7263680.214684522,7352718
0,0,190,5369514.918252557,7172877.713944935,7334291
0,0,191,5382069.422272172,7239253.063136268,7315454
0,0,192,5395452.462429677,7365721.278675025,7296533
0,0,193,5405088.897570442,7297834.417146502,7277818
0,0,194,5415862.556324208,7277242.101454904,7259315
0,0,195,5427019.954958085,7299716.126000121,7240133
0,0,196,5438849.6108643,7320639.053978894,7221323
0,0,197,5451258.805566939,7325022.950639194,7202180
0,0,198,5462397.029710342,7370292.933699205,7183092
0,0,199,5477557.67120884,7453697.066269672,7164112
0,0,200,5490206.806751559,7416416.586827944,7144999
0,0,201,5502752.656277764,7443060.801853934,7125753
0,0,202,5516769.307254106,7436582.972480279,7106809
0,0,203,5531531.940623102,7525655.241181334,7087477
0,0,204,5544527.552435493,7572681.561969705,7067916
0,0,205,5558069.038425389,7489105.91814822,7048330
0,0,206,5573835.144832915,7576032.397313975,7028886
0,0,207,5585607.787304047,7510923.536532504,7009268
0,0,208,5602720.515951045,7594587.289053685,6990055
0,0,209,5619737.021150311,7589154.957114073,6970562
0,0,210,5634688.028421756,7605286.328750946,6950888
0,0,211,5653439.497103937,7647441.511489622,6931536
0,0,212,5670428.632172968,7688775.026289318,6911644
0,0,213,5691470.053699005,7773382.840550347,6892237
0,0,214,5710546.562982191,7793207.40027555,6872149
0,0,215,5728381.423095115,7848753.709397925,6852206
0,0,216,5745113.818263842,7793334.467603445,6832092
0,0,217,5765829.124310238,7880872.787426324,6811954
0,0,218,5783269.513252741,7861852.477944177,6791925
0,0,219,5804828.293220071,7975011.880329726,6771706
0,0,220,5825205.687805226,8074210.226729156,6751332
0,0,221,5839514.114252355,7977359.90551693,6730901
0,0,222,5857510.263413788,8023542.071587213,6710431
0,0,223,5874817.167587528,8035202.422640968,6689968
0,0,224,5897353.012149746,8096284.796352022,6669379
0,0,225,5922295.828575604,8201636.629203655,6648629
0,0,226,5948983.339321521,8216496.697047408,6628004
0,0,227,5980685.215168091,8284386.469131012,6607006
0,0,228,6018537.030211193,8345653.129158815,6586269
0,0,229,6058006.629465917,8442622.233570978,6565153
0,0,230,6099199.254032048,8578310.787023608,6544200
0,0,231,6135765.068101707,8622676.871986315,6522785
0,0,232,6174543.793771423,8659814.769255985,6501486
0,0,233,6211687.589206094,8770285.015919594,6480050
0,0,234,6248830.38401738,8847401.124837151,6458346
0,0,235,6283791.13014245,8932152.171649406,6436615
0,0,236,6317243.337848237,9001011.154431177,6415109
0,0,237,6350641.065497056,9090804.681943616,6393123
0,0,238,6382603.159099209,9148674.562311612,6371132
0,0,239,6416161.922775494,9235209.680578884,6349214
0,0,240,6454523.217280082,9324407.367491093,6327218
0,0,241,6491237.60523662,9405298.616073042,6304633
0,0,242,6534387.379193693,9536319.864356924,6282173
0,0,243,6581336.304757277,9603969.99535412,6259579
0,0,244,6631390.553935629,9694785.162728466,6236690
0,0,245,6689915.404650836,9855034.817051323,6213654
0,0,246,6757169.480027745,10055186.85807739,6190465
0,0,247,6829427.781889603,10307732.1583551,6167270
0,0,248,6903510.167220412,10439713.14511998,6143708
0,0,249,6984381.450872665,10610425.46878285,6120129
0,0,250,7069671.633405031,10834097.56668844,6095905
0,0,251,7165482.80749811,11193267.04295476,6072047
0,0,252,7258159.463731895,11406768.62174492,6047746
0,0,253,7353173.394994506,11613130.96986784,6023259
0,0,254,7454666.737860358,12044081.8261621,5998422
0,0,255,7554203.671366272,12226338.38352171,5973196
0,0,256,7664768.977730964,12576024.37386124,5948077
0,0,257,7779505.036852017,12917619.17426927,5922337
0,0,258,7908644.248209904,13412428.14986322,5896256
0,0,259,8048466.308806952,13910862.64310158,5869501
0,0,260,8201189.854467546,14433755.4412177,5842519
0,0,261,8377781.974092379,15164644.48651097,5815173
0,0,262,8564481.807964195,15784972.60763164,5787364
0,0,263,8769885.559132252,16436155.57006456,5758431
0,0,264,9003947.7443424,17317512.77156509,5729400
0,0,265,9256840.832961829,18145023.3345695,5699574
0,0,266,9545137.982418586,19176437.75439572,5668468
0,0,267,9884862.127995355,20571259.57430068,5636689
0,0,268,10280490.00052542,22252283.34673535,5603513
0,0,269,10749782.21366453,24391765.12975334,5567605
0,0,270,11322185.8974133,27364824.26246924,5526457
0,0,271,12008380.81047259,31286313.05893257,5475995
0,0,272,12816201.68471463,36445022.4527712,5408160
0,0,273,13720423.53754574,43030622.61121985,5308706
0,0,274,14636232.62513603,50775777.5561026,5158052
0,0,275,15389232.43781697,58933529.03034829,4926163
0,0,276,15732741.1678749,65912533.52404539,4585051
0,0,277,15397030.30380742,69731135.49150965,4113962
0,0,278,14225938.42705116,68831221.31662822,3518230
0,0,279,12224922.51226775,62403400.83991516,2832970
0,0,280,9641932.044086922,51337872.58144226,2120866
0,0,281,6912866.898788995,38039753.01996329,1460989
0,0,282,4469802.058041193,25249038.32417618,918002
0,0,283,2576692.816001438,14820600.33629864,521121
0,0,284,1319230.66202184,7691765.452171233,266254
0,0,285,598777.9216917396,3516020.184126757,123258
0,0,286,239379.6539099289,1410292.006155451,52780
0,0,287,84903.41206138048,501069.3753243304,22290
0,0,288,28147.57022386601,162329.035168549,10965
0,0,289,10116.96541188969,57168.07521109893,7125
0,0,290,5715.896887454115,37444.38642294984,6081
0,0,291,4062.937615238504,20445.19036028318,5607
0,0,292,3965.585543802808,21534.31859863189,5337
0,0,293,3870.64349792435,21538.1663664823,5243
0,0,294,3806.241715080586,22911.8552495952,5133
0,0,295,3696.263442080267,23586.96455260676,4917
0,0,296,3626.401635805867,22904.02657998347,4773
0,0,297,3401.492788977732,17727.50141133264,4622
0,0,298,3458.828676810414,22336.54360038473,4452
0,0,299,3532.854059486803,20512.07896472897,5577
