# mesh name: boxMesh_1
# primitive scorer name: doseScorer
# iX, iY, iZ, total(value) [MeV], total(val^2), entry
0,0,0,4411965.299939145,5517257.841446512,10000000
0,0,1,4499914.514905753,5990315.448024882,9998883
0,0,2,4528879.742688054,6240624.086247773,9996728
0,0,3,4549721.280711608,6374623.134823548,9994044
0,0,4,4572093.421788642,6581947.158504708,9990886
0,0,5,4586146.191471212,6504381.905166088,9987298
0,0,6,4602465.399102235,6597857.73818427,9983394
0,0,7,4615124.23420593,6649327.413664889,9979142
0,0,8,4628904.169264759,6682058.587202152,9974607
0,0,9,4641567.192910284,6768149.789843915,9969660
0,0,10,4651959.671249411,6747421.382758169,9964536
0,0,11,4661148.510050032,6754070.725137424,9959172
0,0,12,4673254.628578638,6848648.17250888,9953358
0,0,13,4678395.69428513,6689776.347929295,9947405
0,0,14,4688070.232142568,6762122.955163817,9941070
0,0,15,4697381.609016191,6903614.717833186,9934409
0,0,16,4704448.944690805,6914336.165955873,9927595
0,0,17,4711524.726941328,6968871.342011672,9920616
0,0,18,4714910.69274682,6848837.100766134,9913351
0,0,19,4722871.162799716,6924542.089532485,9905950
0,0,20,4727460.085158093,6880096.429547699,9898562
0,0,21,4733165.589530033,6945632.087933651,9890774
0,0,22,4740334.096991286,6973044.616082699,9882957
0,0,23,4745290.973818931,6892013.654079238,9874758
0,0,24,4753724.633476282,7055151.224947779,9866439
0,0,25,4756818.926262563,6994945.713042501,9857869
0,0,26,4763395.786751519,7111019.211308111,9848973
0,0,27,4767511.741760015,7064597.634535722,9840219
0,0,28,4768998.645790594,6962509.331797846,9831037
0,0,29,4773913.596565774,6990898.208189156,9821842
0,0,30,4781453.902998997,7091349.980106836,9812404
0,0,31,4780857.898589708,6926902.968801226,9802857
0,0,32,4786871.608242287,7025955.648220522,9792981
0,0,33,4789898.951414283,6957744.064468601,9783030
0,0,34,4793512.069309136,7010216.532204924,9772673
0,0,35,4797310.39636221,7070434.028335015,9762501
0,0,36,4801941.939256565,7020267.392395841,9752246
0,0,37,4805273.423834065,7102958.272601744,9741500
0,0,38,4807855.407566947,7154703.536091631,9730823
0,0,39,4810014.522744777,7076076.624659069,9719758
0,0,40,4813298.242966151,7195922.992300135,9708658
0,0,41,4814383.309135304,7061381.18673918,9697683
0,0,42,4821130.602808009,7231754.962685488,9686416
0,0,43,4823022.396584103,7148866.692644616,9674946
0,0,44,4823544.656855742,7071469.571216425,9663467
0,0,45,4824159.750107744,7101484.203694182,9651770
0,0,46,4824091.095871077,7003867.523978939,9639953
0,0,47,4828882.460901728,7082073.595158974,9628009
0,0,48,4829345.761688781,7021438.010026341,9616167
0,0,49,4836066.768914219,7187001.548930118,9603911
0,0,50,4836451.779055897,7119509.252511289,9591664
0,0,51,4838801.778881184,7043259.740998212,9579433
0,0,52,4843143.74499246,7205343.589319756,9567008
0,0,53,4842541.762070112,7119804.058875008,9554465
0,0,54,4843314.656117209,7054420.874446906,9541693
0,0,55,4844897.445666204,7148856.549143672,9529015
0,0,56,4846553.232551429,7120048.822654909,9516268
0,0,57,4847717.878580472,7061630.115096215,9503347
0,0,58,4851103.879169259,7171216.407484026,9490174
0,0,59,4851092.053282956,7111119.0505433,9477013
0,0,60,4850370.341188228,7001599.478850244,9464023
0,0,61,4855231.73357792,7133065.890994248,9450837
0,0,62,4856846.715094867,7093305.681198739,9437745
0,0,63,4857843.73005271,7080222.689914102,9424330
0,0,64,4859327.214239503,7155346.525796192,9410826
0,0,65,4860602.497306241,7075511.967957551,9397269
0,0,66,4859453.681205407,7059957.359881219,9383516
0,0,67,4860556.916466242,7089517.573536503,9369895
0,0,68,4862808.329346167,7031576.582098597,9356264
0,0,69,4864625.063612028,7105386.450586303,9342334
0,0,70,4868136.845929038,7174598.283884535,9328235
0,0,71,4863106.261733115,6967452.715552445,9314165
0,0,72,4869892.793227415,7141384.008150004,9300007
0,0,73,4866933.603758247,7011236.580770465,9286041
0,0,74,4870025.473141689,7145220.419416082,9271756
0,0,75,4873447.211862155,7104387.746105546,9257530
0,0,76,4874817.502471774,7111104.295940485,9243376
0,0,77,4873693.3659997,7039186.347858195,9229059
0,0,78,4876788.580109218,7133590.503914799,9214661
0,0,79,4875894.084618714,6983894.169751095,9200160
0,0,80,4879463.119596521,7084158.792905105,9185781
0,0,81,4878939.79179964,7125243.324129161,9171405
0,0,82,4880071.416757157,7065050.563126389,9156952
0,0,83,4882686.279029368,7170616.673451209,9142305
0,0,84,4878302.372339898,6920695.569782076,9127434
0,0,85,4881801.522005136,7154883.913952147,9112585
0,0,86,4884426.928987176,7079017.293977467,9097970
0,0,87,4882585.494584739,6953866.052246522,9083110
0,0,88,4885295.333246015,7062934.945164955,9068119
0,0,89,4884464.99361172,6957519.392484803,9053546
0,0,90,4885849.753699241,6982479.906618854,9038697
0,0,91,4885933.852679512,7005029.947594306,9023795
0,0,92,4888777.220885348,7026805.489231149,9008723
0,0,93,4891173.468520501,7028171.874291835,8993818
0,0,94,4891459.203257522,6956532.165590133,8978752
0,0,95,4891671.221460409,6934297.872102808,8963341
0,0,96,4894687.25249498,6977910.70007684,8947882
0,0,97,4895499.785616236,6960659.008209412,8932932
0,0,98,4895806.770196592,6973280.794954377,8917457
0,0,99,4895079.732882407,6896859.927459977,8901992
0,0,100,4897583.168229118,6953847.286173439,8886526
0,0,101,4899301.431977278,7020822.164450554,8871324
0,0,102,4898570.376727495,6973494.166627537,8855876
0,0,103,4899746.953786139,6959363.412968198,8840315
0,0,104,4902536.444930677,6992872.159478019,8824582
0,0,105,4904928.148343893,7102880.363257574,8809136
0,0,106,4904289.688982308,6978557.681007575,8793526
0,0,107,4904766.388098368,6938882.680741091,8777940
0,0,108,4905257.660952289,6972151.755377825,8762212
0,0,109,4902482.082840147,6812584.651172932,8746474
0,0,110,4907569.037045888,6938218.669849929,8731064
0,0,111,4909323.605444108,6966075.906884044,8715385
0,0,112,4908093.784139792,6848395.099794546,8699718
0,0,113,4908030.22359534,6780632.025453363,8683999
0,0,114,4913541.325907748,6917940.332166374,8668241
0,0,115,4916152.600972028,6946651.45702565,8652093
0,0,116,4915850.478534942,6900139.272528508,8636135
0,0,117,4913410.22701278,6877184.370978284,8620119
0,0,118,4917315.740316235,6967302.734235777,8603974
0,0,119,4918879.370282467,6897765.035997428,8588035
0,0,120,4920597.052827694,6859869.870885123,8572199
0,0,121,4923693.435660886,7016200.782559908,8555948
0,0,122,4925130.559132459,6985763.332217107,8539601
0,0,123,4924143.2945764,6864820.36804058,8523608
0,0,124,4926387.360030063,6874379.729551656,8507361
0,0,125,4929529.223058024,6977820.240096434,8491060
0,0,126,4930418.340622993,6862990.653660687,8474927
0,0,127,4933400.676056086,6872251.520554767,8458634
0,0,128,4934446.850037162,6878131.571411262,8442462
0,0,129,4933898.677461435,6805289.041426475,8426008
0,0,130,4936784.242393237,6880038.326169392,8409597
0,0,131,4937891.134651091,6828872.010380822,8393300
0,0,132,4942434.114559743,6909898.266143084,8376924
0,0,133,4946138.192129795,6961801.496608792,8360398
0,0,134,4946373.590918086,6913655.499372064,8344070
0,0,135,4949749.731886632,6922299.429429056,8327698
0,0,136,4952022.877698651,6917964.121290937,8311250
0,0,137,4954784.28971894,6918858.18583583,8294730
0,0,138,4958151.005523586,6950967.333792409,8278177
0,0,139,4958523.998505166,6864733.996968925,8261835
0,0,140,4961371.729431219,6924222.341623182,8245072
0,0,141,4961855.232581806,6890117.870372579,8228197
0,0,142,4964684.269001779,6858712.989163398,8211559
0,0,143,4967790.142784176,6913253.105698192,8194664
0,0,144,4971701.622719737,6924507.986062915,8178094
0,0,145,4976229.288901482,6936137.380131027,8161468
0,0,146,4977524.417022827,6921375.975053974,8144770
0,0,147,4979014.067625858,6891970.208046813,8127675
0,0,148,4981875.190868728,6851391.657489336,8110690
0,0,149,4987590.070982366,6906032.512151621,8094080
0,0,150,4986579.965542844,6806083.487727636,8077110
0,0,151,4992926.478869479,6896657.278520897,8060107
0,0,152,4996233.039290677,6934761.550844613,8042976
0,0,153,5000737.870601415,6977365.248168947,8026096
0,0,154,4996448.609872933,6736877.934925243,8008902
0,0,155,5001502.682793109,6847926.901237062,7991700
0,0,156,5009319.120467942,6895300.734428997,7974822
0,0,157,5009182.205334799,6805501.710367546,7957790
0,0,158,5014880.136611048,6869560.352340181,7940499
0,0,159,5022612.836716418,6976136.200273441,7923536
0,0,160,5024839.748632381,6903256.157863923,7906426
0,0,161,5027616.166177547,6909720.176541798,7889033
0,0,162,5034022.65600306,6996449.036640665,7871941
0,0,163,5034215.423588078,6878071.768139306,7854347
0,0,164,5037636.965230308,6853346.932778545,7837415
0,0,165,5043139.614470364,6896336.359623676,7819839
0,0,166,5048227.113524879,6895786.128218414,7802430
0,0,167,5052205.923844356,6894962.66072116,7785379
0,0,168,5054055.358666318,6834449.079448959,7767945
0,0,169,5061792.764514721,6905989.265631745,7750472
0,0,170,5065492.934214438,6894918.642201719,7732630
0,0,171,5069215.281028721,6850268.727253119,7715163
0,0,172,5074886.802364547,6842086.633618671,7697821
0,0,173,5083877.97553641,7055601.126160452,7679982
0,0,174,5085973.556100558,6949819.449718487,7662306
0,0,175,5091620.756592936,6948808.24263585,7644653
0,0,176,5094697.468699978,6871217.102923357,7626768
0,0,177,5102837.70768907,6938116.669493765,7609198
0,0,178,5107912.053357461,6957645.876012715,7591442
0,0,179,5110193.895216689,6857933.118812033,7573403
0,0,180,5115859.014748043,6855361.467425973,7555787
0,0,181,5124526.337386397,6983339.263153948,7537796
0,0,182,5130806.775769157,6879707.355657315,7519899
0,0,183,5139785.266088145,6967845.016637895,7501885
0,0,184,5142074.167010102,6911128.867218753,7483865
0,0,185,5150113.546451731,6907308.260475807,7465776
0,0,186,5160397.524797296,7012501.550902078,7447800
0,0,187,5171266.989252747,7065753.897243248,7429883
0,0,188,5179879.603530435,7085408.431059087,7411703
0,0,189,5185228.808278678,7075949.811409829,7393507
0,0,190,5190817.314454281,7024254.732676231,7375227
0,0,191,5198461.703012168,6967285.73858181,7356868
0,0,192,5211229.187470038,7060221.148369574,7338859
0,0,193,5217920.818180938,7006366.444564147,7320666
0,0,194,5229118.861352541,7072990.326301987,7302206
0,0,195,5235691.921045865,7077127.614711458,7283770
0,0,196,5248578.956648204,7134312.301201857,7265413
0,0,197,5258616.268019831,7145775.300540472,7246890
0,0,198,5268605.600471423,7161463.881617138,7228472
0,0,199,5274264.365768284,7047274.665964168,7209997
0,0,200,5287175.309538967,7184889.047355366,7191515
0,0,201,5297313.49223261,7146134.861022422,7172755
0,0,202,5309932.77016018,7236988.181379899,7154059
0,0,203,5318618.587973639,7174967.814173019,7135181
0,0,204,5329830.112182407,7181818.777364496,7116317
0,0,205,5341347.929350939,7226951.625764025,7097647
0,0,206,5352827.612977008,7228367.328026973,7078662
0,0,207,5362341.319159966,7147361.137569888,7059731
0,0,208,5375284.622657871,7217781.898532291,7040728
0,0,209,5387076.846406288,7238143.373568585,7021649
0,0,210,5401376.955701635,7270895.20553155,7002789
0,0,211,5413101.621942056,7302138.085027732,6983810
0,0,212,5430154.772490706,7432432.115878519,6965050
0,0,213,5444413.662950594,7460855.710746501,6945871
0,0,214,5457506.74737547,7408583.232923775,6926600
0,0,215,5468499.664789411,7326344.46508393,6907408
0,0,216,5485019.494680306,7391785.810479248,6888012
0,0,217,5500611.620194551,7397343.080726659,6868892
0,0,218,5515353.1279175,7491132.666327242,6849858
0,0,219,5530666.805681176,7437693.232904471,6830218
0,0,220,5548783.552434033,7537099.962490657,6810751
0,0,221,5567150.012210451,7550040.95663124,6791114
0,0,222,5584836.906761906,7629680.979445951,6771669
0,0,223,5604134.220402131,7650765.61577147,6751990
0,0,224,5618986.955891632,7618902.247958381,6732318
0,0,225,5641769.754549002,7737622.933988662,6712524
0,0,226,5657518.926172528,7730340.939608281,6692637
0,0,227,5673686.663831333,7696843.384310763,6672365
0,0,228,5694273.046536977,7756413.800968938,6652616
0,0,229,5713323.366539479,7855840.517097767,6632519
0,0,230,5731667.997140788,7873195.419410881,6612317
0,0,231,5749528.440978735,7937058.148230326,6592112
0,0,232,5766615.930292412,7958696.836140083,6571982
0,0,233,5784851.431686657,7975947.436742991,6551566
0,0,234,5807230.76848453,7972694.682133775,6531291
0,0,235,5833365.160251673,8013658.229069788,6510761
0,0,236,5864118.498634608,8102701.711305416,6489818
0,0,237,5901788.269612459,8244305.286357772,6469383
0,0,238,5938801.943474278,8300921.794399801,6448468
0,0,239,5973121.857829474,8269747.778654763,6427380
0,0,240,6010699.293780766,8353931.480837353,6406447
0,0,241,6052046.236692206,8532397.1525071,6385563
0,0,242,6088944.418619273,8581807.879891627,6364618
0,0,243,6122820.387674025,8617025.623285081,6343234
0,0,244,6159205.612660336,8765294.341387888,6322010
0,0,245,6191780.858276288,8812315.202436335,6300614
0,0,246,6222242.037855072,8835181.428650927,6278699
0,0,247,6254126.005600821,8849886.097296594,6257379
0,0,248,6288806.420861602,9016878.202361273,6235564
0,0,249,6325902.091056302,9179249.765051629,6213437
0,0,250,6360582.586665264,9160443.414180752,6191519
0,0,251,6403287.19131102,9353225.474211654,6169293
0,0,252,6448619.232791619,9404208.807862353,6146965
0,0,253,6499535.068475774,9575210.976592263,6124646
0,0,254,6554352.182959342,9709720.953350596,6101849
0,0,255,6614373.869016813,9804545.048984379,6079229
0,0,256,6683209.856849031,10025221.54024857,6056342
0,0,257,6757546.730578144,10206082.8339785,6033694
0,0,258,6835559.3317283,10375212.2513176,6010680
0,0,259,6919616.119714648,10608660.1125986,5987241
0,0,260,7008877.972970978,10881296.22189916,5963671
0,0,261,7100074.920385065,11140718.78542071,5939815
0,0,262,7196667.171583511,11443131.10811046,5915893
0,0,263,7289855.76529594,11608936.30438802,5891519
0,0,264,7391148.712419293,11941442.77181229,5866631
0,0,265,7497847.491722872,12277677.87708547,5841641
0,0,266,7613423.085275291,12696645.39638303,5816530
0,0,267,7735569.543226535,13145649.97194638,5790819
0,0,268,7868562.623524853,13584147.70859381,5764903
0,0,269,8015672.079124382,14084536.24350154,5738113
0,0,270,8176802.497078495,14602706.30462211,5711090
0,0,271,8363540.133383673,15345925.87851572,5683791
0,0,272,8561679.911614863,16015755.49782711,5655431
0,0,273,8782153.028816547,16774192.517382,5626845
0,0,274,9032087.913685959,17712716.18321338,5597689
0,0,275,9312371.993516801,18722120.58744578,5567488
0,0,276,9633469.889754981,19986216.18792765,5536125
0,0,277,10009002.55986067,21562199.30371694,5503208
0,0,278,10453688.70903432,23542341.22043897,5467779
0,0,279,10997085.18265222,26367826.19768921,5427684
0,0,280,11641888.99038389,29986680.23430096,5378725
0,0,281,12400386.79517074,34807427.61868062,5313282
0,0,282,13249119.45313862,40873107.09787485,5219456
0,0,283,14117798.30709656,48108790.31987873,5078360
0,0,284,14851801.48403462,55755377.13199006,4864281
0,0,285,15234145.69167141,62491744.51160996,4551191
0,0,286,15032709.98059353,66674743.10124052,4120052
0,0,287,14081147.50146107,66803342.57893341,3570759
0,0,288,12343393.58163038,61878747.80940859,2928537
0,0,289,10006758.01357076,52430688.54071884,2248077
0,0,290,7444025.472673605,40416554.130907,1600848
0,0,291,5026140.025731096,28041302.31623246,1047437
0,0,292,3061377.917817215,17442857.64467564,624829
0,0,293,1672404.462337954,9682805.471596794,338185
0,0,294,810570.2676300615,4740390.914426994,165544
0,0,295,348421.9145673478,2047753.552813353,74131
0,0,296,134301.3656989882,787262.537600744,32054
0,0,297,46874.13276034914,275538.0229162345,14709
0,0,298,16917.95123327895,97155.27887395644,8508
0,0,299,7624.317555484916,45941.75606698786,7822
