# mesh name: boxMesh_1
# primitive scorer name: doseScorer
# iX, iY, iZ, total(value) [MeV], total(val^2), entry
0,0,0,4385461.021703403,5490456.118998369,10000000
0,0,1,4473976.569296529,5911273.918335202,9998905
0,0,2,4503535.866616968,6254349.485070499,9996766
0,0,3,4524143.500453396,6377711.269022255,9994081
0,0,4,4545600.819349813,6541933.203426529,9990952
0,0,5,4560839.971935243,6495060.914794383,9987416
0,0,6,4576465.988008699,6574625.307376891,9983578
0,0,7,4588326.143223891,6576852.760234026,9979363
0,0,8,4600331.459106489,6585138.049102125,9974777
0,0,9,4614060.495644157,6690934.432249108,9970028
0,0,10,4623997.849436395,6712301.826526131,9964878
0,0,11,4632634.752942199,6681938.403467986,9959512
0,0,12,4646996.498441949,6925553.789414628,9953716
0,0,13,4651675.325373596,6717394.873402528,9947801
0,0,14,4661155.024421727,6752193.664042763,9941546
0,0,15,4668604.063240985,6785277.761657448,9934960
0,0,16,4678912.019584445,6955278.363952757,9928108
0,0,17,4684397.609866945,6966893.608931668,9921197
0,0,18,4688294.240963253,6855143.618460288,9913945
0,0,19,4693517.479030302,6893894.848144847,9906687
0,0,20,4699656.414744082,6826115.542033906,9899229
0,0,21,4705429.551709752,6874522.379994079,9891646
0,0,22,4712051.118780903,6977071.265838694,9883741
0,0,23,4716547.553381493,6944708.418371449,9875573
0,0,24,4724602.384235101,6995774.55103796,9867485
0,0,25,4731903.688215247,7091549.676536681,9858987
0,0,26,4732424.16452864,6961793.451636739,9850178
0,0,27,4739513.345610599,7031428.507278958,9841332
0,0,28,4741237.939362792,6943314.001301844,9832203
0,0,29,4745901.804710937,7038626.738859897,9823059
0,0,30,4753375.001589434,7051844.794523027,9813808
0,0,31,4753097.404845198,6916587.31244425,9804237
0,0,32,4760136.969495094,7130966.068580549,9794460
0,0,33,4761600.783591511,6918082.320453452,9784356
0,0,34,4764038.844422925,7016925.17924418,9774177
0,0,35,4767226.929399344,7028254.529763988,9763927
0,0,36,4774635.052462235,7134451.95625299,9753537
0,0,37,4774409.357303576,7006066.577269862,9742989
0,0,38,4777072.845572455,7070756.895475291,9732303
0,0,39,4779539.535679929,7056132.877406575,9721602
0,0,40,4783055.292404756,7147051.551864223,9710480
0,0,41,4782913.482451336,7032262.450759693,9699455
0,0,42,4788269.786351047,7111830.590939919,9688127
0,0,43,4790977.913328293,7101800.080981607,9676624
0,0,44,4791257.194384074,7052179.669653739,9665292
0,0,45,4792122.334530147,7100320.586011183,9653723
0,0,46,4793385.46063659,7030816.460973898,9642003
0,0,47,4797551.232068496,7078001.8197031,9630308
0,0,48,4795837.490017449,6981704.195611638,9618265
0,0,49,4799420.993696021,7050518.85962704,9606221
0,0,50,4803790.057168931,7074340.351312539,9594143
0,0,51,4804671.850111002,6974610.228360555,9582006
0,0,52,4809185.691953621,7098612.31726658,9569526
0,0,53,4809204.815029058,7136037.224978214,9557093
0,0,54,4812817.751502747,7163973.005412987,9544582
0,0,55,4812371.762934869,7138025.883622548,9531868
0,0,56,4815341.198250319,7115165.554816493,9519193
0,0,57,4818493.095529805,7144857.493509321,9506384
0,0,58,4821005.540033849,7170106.622288893,9493669
0,0,59,4818884.278963968,7053797.349966824,9480471
0,0,60,4814022.892683257,6868218.370398162,9467288
0,0,61,4818814.030227784,7046744.793989098,9454069
0,0,62,4823390.217280393,7113335.132672096,9440739
0,0,63,4824335.462955046,7061428.618925067,9427593
0,0,64,4820671.633396436,6951981.552812787,9413938
0,0,65,4827329.679029781,7158174.450922927,9400408
0,0,66,4829109.792338446,7203851.878742515,9387012
0,0,67,4827477.321781836,7046204.974602853,9373289
0,0,68,4827139.394991047,7055350.916465685,9359618
0,0,69,4830473.051441564,7086612.00340919,9345894
0,0,70,4832722.68669387,7078177.646007189,9332220
0,0,71,4830093.534560092,6963170.148045614,9318300
0,0,72,4833442.813318178,7077763.779082575,9304432
0,0,73,4834235.216744235,7086582.343516029,9290267
0,0,74,4833001.919179931,7110608.36995323,9276071
0,0,75,4838642.286035424,7145529.573701991,9261953
0,0,76,4837363.745847959,7074200.565670616,9247782
0,0,77,4836731.606379877,7026645.739381483,9233472
0,0,78,4837539.651910866,7011044.366943186,9219311
0,0,79,4837955.029741918,6984376.471439783,9205127
0,0,80,4841990.925189769,7043396.325983048,9190619
0,0,81,4842995.910426389,7000100.510556376,9176463
0,0,82,4843881.071073133,6996917.438520715,9162106
0,0,83,4846593.78851291,7098298.264163605,9147713
0,0,84,4842152.891890441,6920066.13810566,9132837
0,0,85,4847616.606620701,7056626.760993827,9118344
0,0,86,4848520.036605178,7096905.804476034,9103443
0,0,87,4846984.708669219,7037622.683080769,9088524
0,0,88,4849113.304584979,7049897.282756771,9073741
0,0,89,4847814.555497659,6935183.661319935,9058925
0,0,90,4847848.824980766,6933602.349012962,9044273
0,0,91,4851397.225984967,7027928.66358255,9029323
0,0,92,4849970.201905971,6938084.938817776,9014264
0,0,93,4849665.369536488,6927398.80338203,8999263
0,0,94,4849406.442328235,6811013.0615167,8984451
0,0,95,4855573.150078328,7015804.519494375,8969289
0,0,96,4852366.369453836,6861009.879946435,8954055
0,0,97,4858883.603011248,7003732.27653705,8938828
0,0,98,4858663.678241958,6984621.852968419,8923615
0,0,99,4856801.333321096,6879609.825920867,8908301
0,0,100,4860945.707837388,6981729.847977841,8893179
0,0,101,4857709.9528952,6890595.120189855,8877797
0,0,102,4861138.895415766,6991074.236299147,8862221
0,0,103,4865584.42810868,7039718.886184482,8846858
0,0,104,4865175.45708943,6928133.674098738,8831591
0,0,105,4866911.145043034,7000980.637261494,8815935
0,0,106,4864907.25898269,6935383.480269076,8800320
0,0,107,4865442.154124226,6882277.6527141,8784779
0,0,108,4865117.176945354,6898232.145446802,8769296
0,0,109,4863808.302870775,6833558.002994486,8753775
0,0,110,4867641.566258965,6939023.153264017,8738063
0,0,111,4867284.123444689,6828703.767259575,8722676
0,0,112,4868323.935024925,6853095.766499799,8706586
0,0,113,4871451.014146226,6899760.007718346,8690978
0,0,114,4873803.451893528,6904291.091625394,8675297
0,0,115,4875624.469249541,6915907.273622153,8659656
0,0,116,4872071.862337474,6801803.089215648,8643448
0,0,117,4872144.029596096,6767673.384630488,8627517
0,0,118,4876374.909098075,6813396.222498325,8611990
0,0,119,4875610.725860687,6836797.298144068,8595735
0,0,120,4879485.784040058,6937730.896086999,8579622
0,0,121,4879478.671388485,6851298.79381672,8563657
0,0,122,4882880.520647895,6942242.282121112,8547474
0,0,123,4883151.73029606,6881721.853024638,8531476
0,0,124,4883123.168967785,6898882.264759697,8515360
0,0,125,4882519.036825695,6808652.268006654,8499326
0,0,126,4888317.583801153,6983796.186163737,8483101
0,0,127,4889928.420544326,6968183.665510022,8467225
0,0,128,4886818.400776928,6842866.485520318,8450804
0,0,129,4888966.845429158,6844991.682406116,8434566
0,0,130,4892484.220611471,6936390.922028696,8418309
0,0,131,4891211.757631789,6785061.341560875,8402039
0,0,132,4892947.738520145,6814293.10592995,8385771
0,0,133,4896123.886845565,6829366.384338089,8369539
0,0,134,4899883.793175574,6891186.19805013,8353416
0,0,135,4901741.624221723,6875568.464218319,8336781
0,0,136,4901680.014893472,6826540.11314339,8320216
0,0,137,4904978.485185259,6862240.979993361,8303920
0,0,138,4907515.880629062,6917745.768340784,8287404
0,0,139,4908162.614595145,6895361.662499397,8271014
0,0,140,4908609.239754904,6761147.685666643,8254587
0,0,141,4913586.269421468,6845061.094892446,8238070
0,0,142,4918569.363033655,6920402.653950525,8221682
0,0,143,4918966.118802369,6905632.449576032,8205018
0,0,144,4925217.912803081,6934693.3005309,8188429
0,0,145,4923964.384402897,6889776.834379409,8171814
0,0,146,4925865.096220272,6904318.833263896,8154800
0,0,147,4929102.718011172,6906509.034156902,8138106
0,0,148,4930613.05525191,6828251.251587554,8121457
0,0,149,4935290.932322407,6895637.110266681,8104897
0,0,150,4935649.171502874,6807238.298660496,8087816
0,0,151,4936715.397743898,6803720.90253394,8070953
0,0,152,4943013.279043549,6894128.650520152,8054147
0,0,153,4946381.222503271,6898329.028053163,8037222
0,0,154,4947502.305954899,6868003.664799348,8020291
0,0,155,4948957.359206334,6812451.015149357,8003526
0,0,156,4953798.140995529,6889858.656456294,7986546
0,0,157,4954048.964913778,6777132.657972306,7969514
0,0,158,4959388.202098696,6869665.582990526,7952351
0,0,159,4965271.553781112,6923454.627238262,7935270
0,0,160,4967075.900958599,6903025.555390008,7918182
0,0,161,4968242.579572664,6817480.553505334,7900950
0,0,162,4971273.228403844,6804728.929338983,7883792
0,0,163,4975893.356836794,6899165.199255619,7866857
0,0,164,4978516.049594655,6820182.438013276,7849906
0,0,165,4983637.262305009,6864678.703327372,7832573
0,0,166,4986943.422384631,6888660.800185597,7815224
0,0,167,4990887.779266392,6877701.892916049,7798139
0,0,168,4995566.118000412,6905885.31670982,7781032
0,0,169,4999238.468602157,6865979.341905931,7763486
0,0,170,5001171.230999695,6813883.794253924,7746310
0,0,171,5005115.23474368,6803201.408300781,7728841
0,0,172,5006805.858429507,6753384.087255253,7711547
0,0,173,5013658.118017938,6826717.269403558,7694054
0,0,174,5019125.852870943,6893510.539988653,7676690
0,0,175,5023952.775163583,6866305.899848375,7659152
0,0,176,5024975.546121582,6704188.471718933,7641512
0,0,177,5034388.727634189,6934677.265240224,7624128
0,0,178,5037466.099687656,6914789.07662579,7606507
0,0,179,5038737.213318782,6747590.207994848,7588867
0,0,180,5043810.326189743,6786576.995753036,7571494
0,0,181,5048952.429771468,6775608.401442882,7553955
0,0,182,5059480.555605937,6937195.932706832,7536404
0,0,183,5066099.461147489,6902986.375294416,7518712
0,0,184,5072233.012179927,6919935.53061691,7501012
0,0,185,5073021.297496863,6805614.12461682,7483091
0,0,186,5083204.783336055,6953636.448688997,7465243
0,0,187,5090250.440096069,6924516.590879807,7447369
0,0,188,5096574.276250848,6960916.902119499,7429351
0,0,189,5103052.318217884,6936777.635192059,7411428
0,0,190,5107015.874340909,6897049.450288307,7393426
0,0,191,5118102.32769018,6903385.173041684,7375688
0,0,192,5130513.544123907,7077215.251122578,7357738
0,0,193,5132466.171236606,6854532.238218298,7339724
0,0,194,5144261.047528245,7021324.664846312,7321915
0,0,195,5149869.281457935,6901725.374276569,7303758
0,0,196,5160912.945635996,6999240.054654567,7285733
0,0,197,5169226.38242303,7039719.671580977,7267439
0,0,198,5177299.666766557,6963038.698847747,7249560
0,0,199,5182079.732682697,6878033.975104659,7231133
0,0,200,5192833.619566614,6973673.985632771,7213058
0,0,201,5204895.603463936,7071455.390184295,7194606
0,0,202,5216523.947438916,7162357.657397103,7176182
0,0,203,5217718.127211631,6919731.539488669,7157792
0,0,204,5230505.654125335,7008253.935453487,7139186
0,0,205,5242878.110725051,7020451.883682919,7120735
0,0,206,5254066.054057932,7084744.538119372,7102420
0,0,207,5264942.716090821,7047647.229446532,7084002
0,0,208,5275235.024478525,7043409.85929504,7065289
0,0,209,5286895.146223265,7166357.553538193,7046549
0,0,210,5296772.096176944,7054865.879120895,7027906
0,0,211,5311327.389665509,7208302.152234007,7009156
0,0,212,5323044.785524157,7121510.894900191,6990458
0,0,213,5336281.238364691,7209125.793137124,6971667
0,0,214,5351882.782366793,7366489.923243944,6952856
0,0,215,5360543.110940116,7304791.552592185,6933817
0,0,216,5373560.23730884,7290753.641319629,6914931
0,0,217,5387884.825866442,7319746.79422041,6896175
0,0,218,5399105.031209295,7284699.799323903,6876871
0,0,219,5412564.068950762,7306822.030616106,6857701
0,0,220,5426728.523056917,7342616.979829522,6838692
0,0,221,5440376.819595516,7313155.245201739,6819368
0,0,222,5457608.370018698,7386722.474541819,6800473
0,0,223,5473809.05240519,7425928.652615299,6781309
0,0,224,5490080.250344113,7439886.758897106,6761845
0,0,225,5508428.073024182,7521627.335616243,6742477
0,0,226,5527829.019042435,7630605.67985921,6723052
0,0,227,5540302.22238417,7596321.115486355,6703157
0,0,228,5557697.319228958,7560902.041345024,6683382
0,0,229,5572828.329798327,7529442.745564958,6663927
0,0,230,5595603.125897597,7670446.063291963,6644301
0,0,231,5614256.913894565,7665554.894665466,6624749
0,0,232,5632703.424864375,7719219.336121944,6604915
0,0,233,5649920.484769294,7753315.499001573,6585161
0,0,234,5668145.393202927,7801461.563190706,6564999
0,0,235,5684860.004007684,7809958.274002207,6544881
0,0,236,5700557.096042231,7803547.747343372,6524820
0,0,237,5720028.894522384,7850148.549873892,6504517
0,0,238,5743507.331782476,7956604.632896836,6484144
0,0,239,5762412.048235871,7846244.698829367,6463958
0,0,240,5791793.226205688,7947330.705982212,6443537
0,0,241,5825228.078424986,8095046.540037412,6423038
0,0,242,5858322.14963213,8118560.64259447,6402462
0,0,243,5896715.495932084,8248710.675510271,6381719
0,0,244,5932725.766120784,8262692.748894721,6360729
0,0,245,5970534.777931526,8359405.753092078,6340021
0,0,246,6005691.049373033,8396866.897507194,6318849
0,0,247,6043815.902403548,8494200.703852894,6297880
0,0,248,6079617.039496977,8607167.018431611,6276518
0,0,249,6111844.595186908,8629841.865934841,6255186
0,0,250,6144874.73138425,8741578.230949888,6233751
0,0,251,6173508.297338032,8718896.506408289,6212151
0,0,252,6209581.65348418,8881916.484246265,6190726
0,0,253,6244608.142681343,9008000.655999478,6169052
0,0,254,6277543.250968489,9043608.231432933,6146819
0,0,255,6316711.915594574,9149037.450267997,6124931
0,0,256,6356953.691820757,9229154.479232337,6102771
0,0,257,6404419.690514589,9344300.39505912,6080911
0,0,258,6457660.630724385,9509786.126875035,6058784
0,0,259,6513491.213766953,9610248.0113681,6036545
0,0,260,6579384.251938045,9831973.071237778,6013918
0,0,261,6645892.984469392,9994389.091476731,5991113
0,0,262,6718586.877100271,10111619.73444217,5967864
0,0,263,6802215.661231255,10435677.82992691,5944761
0,0,264,6881679.754427696,10547392.76420609,5920906
0,0,265,6972594.449989297,10875286.23188557,5897410
0,0,266,7063733.15475164,11126436.39759278,5873583
0,0,267,7156726.933158359,11328037.3907493,5849628
0,0,268,7254020.478297523,11636037.40694737,5825085
0,0,269,7356286.213033616,11942137.41924138,5800527
0,0,270,7462471.187703842,12247559.30777957,5775649
0,0,271,7576894.410610523,12646900.08780252,5750686
0,0,272,7703248.577920195,13101590.34245059,5725111
0,0,273,7843005.232452977,13603196.45972903,5699190
0,0,274,7994484.546513342,14130893.3759534,5672870
0,0,275,8166502.275798384,14804828.72615256,5646041
0,0,276,8350784.614214633,15429666.1126676,5618553
0,0,277,8555268.791923465,16158251.11055411,5590146
0,0,278,8781371.912686121,16934725.66271449,5561418
0,0,279,9035273.94199061,17798828.22438382,5531886
0,0,280,9327223.820145484,18917005.26351817,5502067
0,0,281,9670317.568906639,20352667.98872902,5471000
0,0,282,10065520.29118137,22064038.98473873,5437409
0,0,283,10539821.32210324,24332802.37113157,5400468
0,0,284,11110386.91370161,27359517.29674346,5357623
0,0,285,11787936.4400454,31353419.82675226,5303199
0,0,286,12571908.73436258,36580496.30091931,5229136
0,0,287,13411274.21170765,42906004.14562868,5119177
0,0,288,14219554.33580147,50159032.9817612,4953917
0,0,289,14824711.32410556,57428105.144118,4708027
0,0,290,14999812.17527262,63206478.77030241,4357176
0,0,291,14545822.11101314,65983121.79600932,3890219
0,0,292,13329947.07493671,64287426.80520274,3314804
0,0,293,11418280.96724403,57956897.54899416,2668375
0,0,294,9044069.176264046,47853545.97348812,2008479
0,0,295,6553454.685203694,35818816.08085176,1398720
0,0,296,4315165.866501841,24167693.06777629,895423
0,0,297,2570297.92441103,14690429.87820456,523447
0,0,298,1372914.922781171,7950184.520644765,278397
0,0,299,655082.2735407945,3834248.336736123,135689
