# mesh name: boxMesh_1
# primitive scorer name: doseScorer
# iX, iY, iZ, total(value) [MeV], total(val^2), entry
0,0,0,4359345.67944511,5452341.971422086,10000000
0,0,1,4448740.364526263,5903197.786353309,9998892
0,0,2,4479492.933663899,6293455.070463208,9996762
0,0,3,4498803.657955238,6304623.160134945,9994122
0,0,4,4519983.788055203,6514410.116726986,9990957
0,0,5,4535306.469739283,6503424.849220704,9987490
0,0,6,4548900.103212332,6481562.876330397,9983638
0,0,7,4561629.18141458,6541061.802803819,9979450
0,0,8,4575012.496987629,6597273.518000887,9974977
0,0,9,4589368.266824488,6758834.505707929,9970179
0,0,10,4597605.480560631,6691781.123641614,9965080
0,0,11,4607354.238045733,6712768.774267144,9959832
0,0,12,4617945.215951303,6772674.560467235,9954152
0,0,13,4623558.092623627,6653031.19774206,9948239
0,0,14,4635087.745018323,6748380.929245486,9941975
0,0,15,4643569.727050945,6856072.111348223,9935480
0,0,16,4653172.060072549,6969416.598749377,9928781
0,0,17,4657553.611712829,6915829.444235171,9921835
0,0,18,4660019.206479683,6781518.615992036,9914635
0,0,19,4667133.309642512,6863273.055140841,9907457
0,0,20,4672971.73812208,6834363.530049765,9899970
0,0,21,4677825.256439767,6840587.298878638,9892458
0,0,22,4684863.037079157,6933989.934699543,9884454
0,0,23,4689054.056238054,6917703.145456195,9876460
0,0,24,4696614.811813533,6956904.618760773,9868251
0,0,25,4703180.312954202,6994561.788648576,9859930
0,0,26,4707404.146533793,7027303.966544181,9851222
0,0,27,4712198.947510762,7022862.818979377,9842110
0,0,28,4713196.675116517,6878056.938625583,9833352
0,0,29,4720532.91900496,7085391.29570676,9824272
0,0,30,4724193.2514024,6960141.759767118,9814906
0,0,31,4722122.911072467,6805583.702937515,9805467
0,0,32,4727826.770701981,6976007.356647342,9795685
0,0,33,4735309.622641356,7073193.960960272,9785638
0,0,34,4735795.493936561,6990053.985453277,9775552
0,0,35,4739150.450552963,7041417.323810982,9765533
0,0,36,4745709.317526368,7101630.723912452,9755234
0,0,37,4746740.842862158,7006417.574947253,9744798
0,0,38,4748594.880162654,7056136.202165009,9734000
0,0,39,4751459.991065686,7084229.378556111,9723319
0,0,40,4751501.831927554,6967600.338851987,9712197
0,0,41,4752664.613354894,6919138.271053486,9701288
0,0,42,4759927.779109305,7058513.981963314,9690068
0,0,43,4761971.383707222,7131776.182670597,9678714
0,0,44,4760088.19855419,6940489.572673811,9667063
0,0,45,4764216.844983667,7066597.773668066,9655597
0,0,46,4766861.973865883,7086998.019185474,9643973
0,0,47,4766555.853559116,6963884.148742176,9632089
0,0,48,4767428.927012512,6977465.588743524,9620130
0,0,49,4772723.873914508,7123994.033276266,9608427
0,0,50,4775112.858152577,7076784.074937762,9596312
0,0,51,4776894.7689799,7091774.329063898,9584234
0,0,52,4780444.239542601,7208327.759820616,9571852
0,0,53,4777303.919819484,6994535.206284315,9559460
0,0,54,4781747.574805657,7095666.44111931,9547000
0,0,55,4779242.243567312,7031657.536662577,9534435
0,0,56,4783072.473047671,7080687.210876142,9521813
0,0,57,4785449.995595375,7126780.629949348,9508913
0,0,58,4786625.680546684,7045472.461007303,9496302
0,0,59,4789379.7446729,7109987.269355874,9483297
0,0,60,4786451.226964992,7003731.257119058,9470342
0,0,61,4788344.045402983,7070578.199392826,9457061
0,0,62,4790645.847283717,7082230.898977549,9443989
0,0,63,4790460.86597895,6988519.917947436,9430877
0,0,64,4790306.988271801,6969233.471635648,9417363
0,0,65,4797885.560172575,7161895.113474168,9404166
0,0,66,4796114.131612591,7088205.516620457,9390773
0,0,67,4795525.192432159,7047108.36409217,9377026
0,0,68,4797857.165655281,7078651.3901883,9363391
0,0,69,4799074.304084688,7145414.666680469,9349737
0,0,70,4798251.799392487,7041589.838608933,9336150
0,0,71,4798553.446160696,7060126.277422304,9322340
0,0,72,4802128.43871809,7098290.007455511,9308554
0,0,73,4797767.224811922,6949471.275300475,9294497
0,0,74,4800901.526372544,7067144.178390694,9280468
0,0,75,4800702.815778969,6949882.767409827,9266501
0,0,76,4802083.909472759,6932966.155229549,9252316
0,0,77,4800270.664746292,6898637.717362056,9238143
0,0,78,4804631.767523877,7059068.95325991,9223808
0,0,79,4801462.775387264,6951824.694163045,9209361
0,0,80,4807275.667832362,7106912.396889774,9195233
0,0,81,4804613.585645768,6977245.130247278,9180596
0,0,82,4804767.732881011,6859196.115654442,9166483
0,0,83,4805775.792067644,6889375.110994831,9152052
0,0,84,4810672.042443771,7099713.337705169,9137320
0,0,85,4806449.011828508,6856213.223027564,9122526
0,0,86,4812142.499440603,7046820.242031872,9107943
0,0,87,4812109.441208536,7031958.022747787,9093184
0,0,88,4810307.738280441,6928792.392025065,9078623
0,0,89,4810845.634982474,6927758.671475086,9063812
0,0,90,4812516.184552575,6994197.679973755,9048748
0,0,91,4811921.907869609,6932325.522414907,9034118
0,0,92,4814762.537790351,6994972.194089489,9019257
0,0,93,4815405.709899712,6940695.428474251,9004459
0,0,94,4815714.512783646,6976799.431399304,8989292
0,0,95,4817174.091377752,6896342.877165593,8974493
0,0,96,4818707.761714119,6991243.15807808,8959119
0,0,97,4819148.75467627,6970514.747423436,8943821
0,0,98,4819142.830356356,6960023.220734055,8928782
0,0,99,4818303.52204843,6886300.055894464,8913486
0,0,100,4821151.263272312,7006467.93797174,8898250
0,0,101,4817356.611163575,6758552.803227246,8883081
0,0,102,4820941.283405359,6891307.818283464,8867843
0,0,103,4822436.31001672,6936519.135820673,8852461
0,0,104,4825623.058997595,6950175.559636797,8837122
0,0,105,4822145.224046888,6837850.968057845,8821589
0,0,106,4826407.865368918,6946844.688499526,8806152
0,0,107,4825389.450143918,6844315.443520993,8790441
0,0,108,4828577.636681117,6935050.664846117,8774997
0,0,109,4826888.018390417,6846462.074628553,8759601
0,0,110,4826796.079199143,6802844.035844134,8744219
0,0,111,4830049.776072476,6901111.422489083,8728789
0,0,112,4829542.989382043,6825199.131754824,8713142
0,0,113,4829920.281400379,6834373.601093988,8697561
0,0,114,4831931.822506099,6921454.588546655,8681692
0,0,115,4834867.52296307,6963439.256417654,8665885
0,0,116,4833891.678620672,6887711.338435283,8650153
0,0,117,4833188.3262335,6911307.253378729,8634559
0,0,118,4831819.552699072,6830100.062727772,8618540
0,0,119,4833340.750230418,6853645.612388046,8602714
0,0,120,4833728.969454691,6816723.87090851,8587013
0,0,121,4835659.624536105,6834905.131395752,8571128
0,0,122,4837553.576826494,6811459.920439661,8555435
0,0,123,4837588.836358804,6756700.209367501,8539341
0,0,124,4837442.641525259,6710433.715690598,8523557
0,0,125,4840531.161525284,6833570.631990315,8507501
0,0,126,4842937.258532214,6803791.22140325,8491604
0,0,127,4844734.865651177,6841398.315814134,8475791
0,0,128,4843133.987046031,6735898.618062801,8459711
0,0,129,4844027.700445121,6783916.625142973,8443726
0,0,130,4847842.694007799,6936731.134139929,8427353
0,0,131,4846004.00254993,6793409.033582686,8411463
0,0,132,4851204.601937538,6842500.866676862,8395209
0,0,133,4850619.236061074,6784373.902951983,8379055
0,0,134,4853040.112167068,6799273.364761915,8362829
0,0,135,4854021.064712139,6777261.858264022,8346775
0,0,136,4856035.329572763,6839995.129273538,8330487
0,0,137,4857274.985743551,6844798.304099185,8313925
0,0,138,4858804.860905102,6853966.005653234,8297482
0,0,139,4856951.969843227,6653307.929052867,8281122
0,0,140,4861914.074937485,6799222.593655294,8264970
0,0,141,4865409.359124319,6837718.329292417,8248487
0,0,142,4868324.686286516,6870196.518872283,8232152
0,0,143,4867000.087404502,6806253.471429012,8215699
0,0,144,4869949.000144443,6822277.907013264,8198936
0,0,145,4871653.359446214,6792702.297718065,8182355
0,0,146,4877845.270737574,6878141.738466234,8165941
0,0,147,4877745.678387778,6811886.709899377,8149275
0,0,148,4881505.453460935,6882695.128266982,8132772
0,0,149,4882491.211801821,6840737.536675451,8115896
0,0,150,4883163.471970483,6761083.490498034,8099154
0,0,151,4885616.803538697,6749052.709496479,8082095
0,0,152,4888736.948732695,6746489.944943092,8065220
0,0,153,4891322.117606362,6828595.574032686,8048614
0,0,154,4891097.450583087,6751444.756570916,8031756
0,0,155,4892802.344459953,6717726.380496136,8015065
0,0,156,4899302.185716333,6839531.458244297,7998289
0,0,157,4899870.022821853,6741702.696663592,7981492
0,0,158,4900739.283357249,6731525.064051958,7964740
0,0,159,4908360.469736896,6869264.29589306,7947895
0,0,160,4910905.419756649,6809719.341851576,7931058
0,0,161,4910337.340124408,6751129.188759017,7913955
0,0,162,4915597.473689262,6751858.690861257,7896871
0,0,163,4916643.62237304,6731732.113032306,7880080
0,0,164,4920951.489539522,6779675.87341311,7862869
0,0,165,4927087.20574401,6873805.451006403,7846076
0,0,166,4931484.201907097,6903763.733581321,7828652
0,0,167,4930670.470310953,6766887.916806437,7811584
0,0,168,4935218.006234162,6843617.107779575,7794211
0,0,169,4937721.686262539,6787534.00989437,7777128
0,0,170,4941439.034550679,6803173.896154152,7760161
0,0,171,4943827.672588532,6776015.633040944,7742687
0,0,172,4946150.841111356,6725471.807167495,7725573
0,0,173,4955743.052956033,6912494.845855635,7708396
0,0,174,4955806.085252152,6825221.925122288,7690851
0,0,175,4958758.832220751,6770382.510811901,7673630
0,0,176,4962338.894470936,6788784.723283926,7656071
0,0,177,4965118.658796219,6705769.572090231,7638628
0,0,178,4970331.692526797,6758976.490207769,7621140
0,0,179,4974968.138311571,6785366.308252206,7604092
0,0,180,4978629.426120262,6752272.042271872,7586592
0,0,181,4983887.464208294,6746136.208701152,7569138
0,0,182,4989383.021372204,6798239.729666139,7551638
0,0,183,4995853.054075778,6829035.011343351,7534133
0,0,184,5001778.731631774,6817380.637562366,7516900
0,0,185,5003623.768880579,6729875.068238123,7499383
0,0,186,5016351.936675782,7014154.282592424,7481579
0,0,187,5019750.348806267,6893338.352149204,7463994
0,0,188,5022127.700286108,6785350.817082711,7446223
0,0,189,5025793.377435654,6804057.174870027,7428409
0,0,190,5033631.025469424,6862006.515407335,7410772
0,0,191,5040027.134903193,6836090.492465503,7393385
0,0,192,5048418.505092323,6894457.293178949,7375693
0,0,193,5053519.203924639,6897348.509044671,7357768
0,0,194,5062300.672900309,6938030.627696798,7339926
0,0,195,5068025.47454079,6887364.380554569,7322137
0,0,196,5075291.440945029,6835475.110450231,7304119
0,0,197,5083357.6997386,6875574.848271756,7286306
0,0,198,5093782.700538004,6972626.976470921,7268260
0,0,199,5096103.945176887,6838899.20443722,7250108
0,0,200,5105980.339874346,6928527.860336833,7232044
0,0,201,5113187.137343127,6844640.468608491,7214155
0,0,202,5121971.505895646,6896507.172276938,7195717
0,0,203,5130395.015656776,6902567.03313776,7178003
0,0,204,5139449.554460361,6928011.658615505,7159873
0,0,205,5148155.716957483,6910274.368964425,7141614
0,0,206,5156831.714359312,6905219.037211261,7123271
0,0,207,5170714.654838109,7036672.766239429,7104917
0,0,208,5176287.621218145,6917106.581528855,7086694
0,0,209,5186720.065183559,6936313.429931734,7068244
0,0,210,5196743.76711608,6969038.632082011,7049798
0,0,211,5208604.708910464,7014192.911801588,7031548
0,0,212,5217409.962300575,6986870.310897585,7012868
0,0,213,5229060.339927414,7029686.477940484,6994374
0,0,214,5243146.887391952,7171960.428303666,6975510
0,0,215,5251268.015864746,7014665.191586377,6957202
0,0,216,5262027.903124924,7070609.018790336,6938393
0,0,217,5275677.709024737,7152633.827016917,6919696
0,0,218,5287904.869054778,7109974.594509643,6901085
0,0,219,5298775.095992129,7096137.445515214,6882026
0,0,220,5310761.648800473,7139984.753493099,6863514
0,0,221,5327642.949434488,7243226.625241912,6844515
0,0,222,5340403.967316063,7210370.189487768,6825676
0,0,223,5352368.018314385,7222924.219456326,6806664
0,0,224,5365112.183570701,7197936.249645798,6787918
0,0,225,5379170.293330663,7218553.627199729,6768885
0,0,226,5397122.545145942,7367948.774608143,6749843
0,0,227,5410885.500032943,7321470.052757232,6730699
0,0,228,5425814.62706391,7336541.740038663,6711541
0,0,229,5440702.977031438,7350505.711268039,6692546
0,0,230,5460215.711181389,7487358.638622389,6673414
0,0,231,5474620.021788049,7441305.63111207,6653898
0,0,232,5494759.311207958,7503895.8797976,6634724
0,0,233,5512628.282491995,7524822.480512423,6615481
0,0,234,5530693.493265495,7568561.576446718,6596040
0,0,235,5546877.316322641,7568983.003374624,6576171
0,0,236,5562807.559099082,7522626.12778543,6556414
0,0,237,5582606.286433097,7619469.526684012,6536461
0,0,238,5603773.619687011,7717631.813919316,6516766
0,0,239,5617870.177095218,7672023.660168158,6496551
0,0,240,5636767.460289785,7765621.477364158,6476876
0,0,241,5654553.295653916,7784887.220653742,6456674
0,0,242,5674343.373892004,7830997.459003445,6436795
0,0,243,5693963.892350856,7830636.699306338,6416515
0,0,244,5718334.154603563,7893094.805651618,6396233
0,0,245,5745232.679253737,7883386.61365127,6375797
0,0,246,5778026.74616253,7960650.027103457,6355501
0,0,247,5812418.570030479,8025092.416375569,6335202
0,0,248,5850110.755217972,8126464.356644595,6314691
0,0,249,5887252.368769038,8210536.1096434,6293965
0,0,250,5926639.632979186,8332191.021397345,6273338
0,0,251,5964401.06904461,8455251.883690674,6252466
0,0,252,5997036.838321082,8408600.31126114,6231492
0,0,253,6032668.470534818,8537399.472265188,6210406
0,0,254,6065527.234406543,8622355.849950803,6189149
0,0,255,6097391.00100479,8680264.705506211,6167950
0,0,256,6129602.618847051,8758106.102899689,6146684
0,0,257,6160923.377276422,8808342.426521925,6125386
0,0,258,6192757.055982554,8835910.191438012,6103853
0,0,259,6234285.903173652,9061858.175440371,6082374
0,0,260,6270107.244026562,9112617.471798846,6060584
0,0,261,6314050.867409577,9210420.668400494,6038824
0,0,262,6360696.328968039,9314829.502648065,6016697
0,0,263,6415812.804510033,9488157.47049186,5994629
0,0,264,6472812.146807146,9602572.398340967,5972030
0,0,265,6535096.104271872,9731348.982809894,5949517
0,0,266,6607255.286200473,9980125.882958671,5926874
0,0,267,6682302.900009613,10134330.8375622,5904089
0,0,268,6763075.430258062,10344761.54352446,5880949
0,0,269,6848317.557497427,10615535.163262,5857504
0,0,270,6933349.319890124,10817171.06292262,5833781
0,0,271,7024316.716224924,11088578.40778595,5810107
0,0,272,7118361.012243008,11318070.39106652,5786104
0,0,273,7216251.460781844,11624395.82817864,5761800
0,0,274,7320417.406507585,11971650.41968728,5737485
0,0,275,7427441.358766107,12292978.99113707,5712733
0,0,276,7543712.799870795,12645834.42364318,5687700
0,0,277,7674317.952562791,13128163.86115919,5662266
0,0,278,7815590.289319705,13642248.18377489,5636401
0,0,279,7976097.58247591,14295068.33934135,5610117
0,0,280,8144647.725633437,14823964.55909643,5583146
0,0,281,8331839.10597344,15444116.1502735,5555407
0,0,282,8543799.194985177,16212000.30712931,5527457
0,0,283,8781206.662667852,17073988.6099322,5499243
0,0,284,9046018.116723454,18055293.37731259,5469639
0,0,285,9350205.301106066,19268279.11003936,5439153
0,0,286,9700604.920354415,20685290.90369618,5406606
0,0,287,10118261.05632183,22561865.06298721,5372364
0,0,288,10616935.12035694,25041879.09476738,5333966
0,0,289,11217522.56142754,28367380.75963396,5287938
0,0,290,11921668.64773939,32732271.51276221,5227373
0,0,291,12712042.28722158,38232601.61110617,5141810
0,0,292,13533735.24056889,44828620.24179223,5015195
0,0,293,14264212.59412033,51965637.91633552,4826004
0,0,294,14717760.93068575,58606100.89939323,4548160
0,0,295,14690152.92660098,63364893.19039714,4165105
0,0,296,13999728.78859391,64690089.86832474,3669177
0,0,297,12585476.64951618,61589249.14076536,3079148
0,0,298,10549844.90018205,54098262.70024151,2435719
0,0,299,8176096.001161464,43564571.64850259,1801663
