# mesh name: boxMesh_1
# primitive scorer name: doseScorer
# iX, iY, iZ, total(value) [MeV], total(val^2), entry
0,0,0,4334627.405965121,5481130.407402715,10000000
0,0,1,4424072.586262057,5894213.406288067,9998908
0,0,2,4454556.975626002,6241631.64620004,9996797
0,0,3,4475152.996054477,6337555.0801332,9994199
0,0,4,4494082.208999702,6445615.582622919,9991011
0,0,5,4510027.152698338,6469621.363119952,9987573
0,0,6,4524576.506491155,6506234.067481013,9983790
0,0,7,4537522.838446843,6561186.488714521,9979679
0,0,8,4549519.714154962,6602682.668589238,9975149
0,0,9,4562547.073735976,6700159.582432774,9970376
0,0,10,4570906.046784543,6623387.322599672,9965370
0,0,11,4581585.614354841,6711896.134093816,9960092
0,0,12,4591849.343021827,6757402.020875518,9954427
0,0,13,4598663.196350018,6694608.030460352,9948531
0,0,14,4608889.91433588,6736678.690632979,9942434
0,0,15,4616849.644844405,6849015.730399026,9935969
0,0,16,4625886.252343638,6957500.966911729,9929297
0,0,17,4631543.028562142,6913189.731003294,9922399
0,0,18,4634224.093210012,6806659.432929642,9915201
0,0,19,4640364.091487498,6797991.650408113,9908099
0,0,20,4648619.718914089,6912605.089495882,9900639
0,0,21,4653421.579866621,6869601.874019947,9893195
0,0,22,4657205.864961291,6889052.166918056,9885181
0,0,23,4662455.527906517,6861540.312326226,9877194
0,0,24,4668671.689330053,6915920.833499133,9868988
0,0,25,4676707.628807809,7004221.434806805,9860847
0,0,26,4680730.595816942,7082078.085887766,9852215
0,0,27,4684389.591517652,6966032.543848613,9843353
0,0,28,4685916.54852817,6860638.652075021,9834506
0,0,29,4691096.931055212,6937011.350586831,9825407
0,0,30,4697844.957285453,7054865.420330535,9816029
0,0,31,4695922.858544042,6894281.850790491,9806515
0,0,32,4698971.167613006,6935066.969989469,9796749
0,0,33,4704034.603618559,6929830.259344949,9786827
0,0,34,4708808.632859151,7059544.864506794,9776928
0,0,35,4708953.220105065,7008957.458871432,9766758
0,0,36,4718146.912020654,7169639.043714684,9756390
0,0,37,4717190.135998268,6977770.565339895,9745902
0,0,38,4720126.036906243,7009023.083984748,9735530
0,0,39,4721100.072941482,6997353.522828096,9724864
0,0,40,4720990.709569748,6937039.695943929,9713808
0,0,41,4723139.011588697,6921160.613210639,9703042
0,0,42,4728970.837150322,7036355.286903383,9691752
0,0,43,4729065.860850398,7047512.148735982,9680383
0,0,44,4729743.58928756,6930971.499191545,9668945
0,0,45,4733816.158365106,7012911.251932321,9657473
0,0,46,4734054.45741333,6958482.087422639,9645931
0,0,47,4735709.160239233,6968499.204609149,9634340
0,0,48,4739067.399973877,7074150.072970143,9622619
0,0,49,4744608.695379152,7178437.72928115,9610750
0,0,50,4743758.605721917,7041499.666607671,9598826
0,0,51,4747387.761315455,7125592.432015631,9586860
0,0,52,4750856.677365546,7221282.721247748,9574517
0,0,53,4748166.018051319,7029458.893814921,9562366
0,0,54,4750060.029564093,7008312.720720516,9549742
0,0,55,4752568.010071171,7088460.109489784,9537352
0,0,56,4755042.801791235,7130504.637792535,9524593
0,0,57,4755384.715433057,7110245.104755875,9511780
0,0,58,4753405.139197798,6992645.280534877,9498938
0,0,59,4754732.168822953,6951999.323726377,9486085
0,0,60,4752859.887244072,6921820.542465501,9472981
0,0,61,4756589.630057991,6989152.413004881,9460031
0,0,62,4757266.115527688,7014703.463863715,9446955
0,0,63,4760654.014329677,7119355.756120531,9433648
0,0,64,4761076.001139177,7121671.396559442,9420584
0,0,65,4761603.596499454,7005244.691258931,9406987
0,0,66,4762552.586550026,7057227.464532227,9393697
0,0,67,4761170.317669513,6944472.70714801,9380148
0,0,68,4766857.713568565,7138399.477552669,9366601
0,0,69,4766866.110692098,7106287.192255567,9352839
0,0,70,4766931.675398713,7083713.704898146,9339113
0,0,71,4763221.867389159,6888716.984229398,9325402
0,0,72,4766857.08959857,6997791.260364335,9311464
0,0,73,4767587.723176373,6983042.928836722,9297551
0,0,74,4765725.775852928,6927609.757895006,9283682
0,0,75,4769174.497608861,7001657.335509062,9269630
0,0,76,4767648.908661054,6956010.073628416,9255659
0,0,77,4769509.994907826,6976004.338368548,9241455
0,0,78,4770544.369277097,7044161.738385386,9227394
0,0,79,4768269.80069943,7014326.255582745,9213037
0,0,80,4772913.005682321,7058847.586308124,9198772
0,0,81,4773932.23705251,7096057.820101185,9184491
0,0,82,4773058.900606586,6988419.540791426,9170080
0,0,83,4774792.492525861,7035881.436244161,9155611
0,0,84,4772660.284664787,6958472.946206972,9141159
0,0,85,4772200.329911171,6919581.809437556,9126695
0,0,86,4776476.686484221,7046079.351443027,9112292
0,0,87,4777503.042343718,7032552.605464902,9097787
0,0,88,4775181.733875256,6961596.497652663,9083237
0,0,89,4774125.343311522,6896989.458006611,9068286
0,0,90,4776776.626454893,6938001.205127792,9053639
0,0,91,4774804.548678689,6862301.854742066,9038788
0,0,92,4780653.520270335,7009551.992499053,9023962
0,0,93,4780417.030245899,6975256.521634439,9008824
0,0,94,4776244.273299672,6856606.663505845,8993794
0,0,95,4780748.165553526,6991411.373531079,8978883
0,0,96,4781439.995475197,6950009.136815527,8963762
0,0,97,4780389.052255746,6884244.587065927,8948923
0,0,98,4781281.337864029,6877326.518318073,8933863
0,0,99,4780611.995348952,6862772.211202847,8918850
0,0,100,4781337.869437784,6909111.612479938,8903775
0,0,101,4782254.071129836,6851989.057033779,8888492
0,0,102,4785024.836432713,6908915.19157492,8873370
0,0,103,4783119.436636483,6783099.46047821,8858251
0,0,104,4785819.915706736,6892374.025075643,8843123
0,0,105,4790421.944467067,7003974.56621017,8827572
0,0,106,4788022.765127899,6911753.096767318,8812357
0,0,107,4790689.860418452,6911643.857345371,8796890
0,0,108,4786342.783917873,6758167.064166782,8781626
0,0,109,4789990.099921078,6916866.272055611,8766286
0,0,110,4789041.576545931,6814865.704294913,8750885
0,0,111,4789791.437533625,6802011.133191235,8735361
0,0,112,4792572.424911289,6877546.875436283,8719859
0,0,113,4791805.757071891,6814614.685224612,8704736
0,0,114,4795142.850991798,6902575.258142184,8689062
0,0,115,4795427.355406608,6913323.039193826,8673309
0,0,116,4795498.511589418,6871419.094519138,8657733
0,0,117,4792238.336324742,6783625.759907467,8642055
0,0,118,4795332.191333689,6809171.459766409,8626221
0,0,119,4794687.244568411,6864962.212688757,8610205
0,0,120,4797618.651007751,6919982.842177365,8594532
0,0,121,4794816.330216978,6775517.271734625,8578646
0,0,122,4796581.796711392,6776657.381561403,8562678
0,0,123,4800449.236071691,6871162.662349256,8546963
0,0,124,4800361.642142105,6840963.320764075,8530887
0,0,125,4798464.66415647,6777298.663236119,8514770
0,0,126,4799946.907638843,6767578.06762529,8498976
0,0,127,4804224.264810707,6918470.950511919,8482892
0,0,128,4801061.456145884,6767641.711019759,8466884
0,0,129,4800309.811374739,6744368.041379981,8450765
0,0,130,4804735.594571093,6876597.848112188,8434743
0,0,131,4805258.92526407,6827091.544942738,8418749
0,0,132,4804940.785660383,6720254.790190413,8402661
0,0,133,4806566.442329887,6807505.000848785,8386462
0,0,134,4810583.818740658,6817711.003974976,8370597
0,0,135,4810394.997410227,6803579.601158562,8354526
0,0,136,4811147.806833854,6802573.030604623,8338186
0,0,137,4812491.296765714,6763674.232255399,8321941
0,0,138,4813123.782609819,6769275.810324986,8305801
0,0,139,4813251.64472078,6746278.535269271,8289247
0,0,140,4814466.380936417,6658387.92944208,8273000
0,0,141,4817251.041623555,6796595.208050015,8256622
0,0,142,4817247.488978288,6651508.7117316,8240265
0,0,143,4817630.399877971,6685525.940204369,8223975
0,0,144,4821292.293877479,6797465.960441266,8207422
0,0,145,4823145.325064403,6696504.046190749,8191065
0,0,146,4826456.523701624,6722433.768328752,8175009
0,0,147,4827622.115998919,6784800.685270982,8158478
0,0,148,4828666.28787756,6676610.812376848,8141921
0,0,149,4831367.787413731,6733285.841454537,8125318
0,0,150,4834658.802591709,6848731.867710961,8108761
0,0,151,4834341.4148,6770705.328748681,8092064
0,0,152,4834881.322138693,6690567.53030464,8075580
0,0,153,4840792.444023028,6832874.840368458,8058932
0,0,154,4839111.282385431,6686597.846987981,8042378
0,0,155,4845925.28185896,6796897.849444821,8025547
0,0,156,4846271.438212577,6713965.71257816,8008893
0,0,157,4848224.684713134,6717724.460718829,7991937
0,0,158,4849474.027326453,6696233.439333428,7975061
0,0,159,4855942.712487726,6833660.614893612,7958487
0,0,160,4856980.897989092,6776473.815884152,7941862
0,0,161,4857657.982003171,6746947.063187808,7924867
0,0,162,4861186.287937643,6770904.519041324,7907941
0,0,163,4860912.68391767,6720786.876579664,7891065
0,0,164,4866325.480207926,6773469.886353813,7874141
0,0,165,4869642.30774771,6859639.261997219,7857241
0,0,166,4868982.078367897,6705038.434839671,7840023
0,0,167,4873893.475990484,6732852.847866363,7823266
0,0,168,4876864.715955876,6827945.703923972,7806221
0,0,169,4877490.385879084,6666358.134594506,7789311
0,0,170,4880115.123543115,6646897.765392467,7772129
0,0,171,4884155.992793071,6681091.928042142,7755222
0,0,172,4886928.637017376,6700314.662268991,7737941
0,0,173,4893071.261608154,6767383.773270279,7720939
0,0,174,4895631.518719871,6751324.669780542,7703670
0,0,175,4895140.153843522,6614956.806288078,7686660
0,0,176,4897405.597137818,6645549.458253658,7669355
0,0,177,4904486.928386161,6678622.786613031,7652306
0,0,178,4909638.656036071,6712903.277415883,7635247
0,0,179,4911659.17025041,6693122.013919638,7618146
0,0,180,4918112.293673476,6746439.958624236,7600760
0,0,181,4920787.648512498,6740646.499188244,7583594
0,0,182,4924495.97285034,6679886.105966358,7566183
0,0,183,4929315.788283059,6749951.267933027,7548787
0,0,184,4935226.488066925,6794627.705638885,7531034
0,0,185,4938203.592203476,6729260.424061032,7513684
0,0,186,4944354.374334385,6769777.362760129,7496367
0,0,187,4947328.581076046,6762600.698454157,7478753
0,0,188,4953962.89472534,6850159.933471573,7461239
0,0,189,4955541.067923669,6733043.014073988,7443517
0,0,190,4960416.015017489,6715407.451158084,7426112
0,0,191,4966893.370971721,6790807.407842688,7408607
0,0,192,4973964.192062642,6836577.601189177,7391166
0,0,193,4979925.475697724,6767226.211290617,7373382
0,0,194,4986340.725302046,6847159.043763025,7355754
0,0,195,4993759.877921961,6832421.31049978,7338017
0,0,196,4996104.505717406,6776550.571261045,7320140
0,0,197,5001451.791369565,6781542.293774154,7302308
0,0,198,5006093.436102089,6743698.646393389,7284566
0,0,199,5014893.916662052,6756864.513124535,7266847
0,0,200,5020422.168317899,6688394.272559091,7249094
0,0,201,5029761.521537543,6785901.517982977,7231310
0,0,202,5038448.019471289,6801410.895682128,7213459
0,0,203,5046129.190334455,6841997.804896547,7195667
0,0,204,5051722.795098515,6793990.410587044,7177745
0,0,205,5063230.814630269,6886177.161028931,7159813
0,0,206,5070705.931252048,6874936.934903067,7141801
0,0,207,5080462.782561885,6977667.364860618,7123977
0,0,208,5084420.95150996,6816425.856549094,7105709
0,0,209,5097138.321232973,6965227.791865,7087687
0,0,210,5104792.126394923,6876232.163641623,7069681
0,0,211,5111664.044866554,6843277.448321801,7051457
0,0,212,5122735.647588361,6907172.379256902,7033074
0,0,213,5130060.048546614,6841601.625337032,7014877
0,0,214,5142369.402150192,6931638.565056013,6996555
0,0,215,5154087.699257928,6989778.263481715,6977984
0,0,216,5163093.772332448,6997986.099417076,6959820
0,0,217,5174612.076991988,7028890.671419024,6941412
0,0,218,5184264.908610821,7028279.928717932,6922963
0,0,219,5195433.607196302,7092688.836083726,6904612
0,0,220,5206770.247330484,7102954.741409479,6886009
0,0,221,5219369.579110015,7096868.300308043,6867403
0,0,222,5227473.633198806,7014656.441865036,6848748
0,0,223,5240556.227667965,7045753.682653481,6830186
0,0,224,5255744.734690882,7158592.690621655,6811501
0,0,225,5265709.597042374,7127031.157545081,6792607
0,0,226,5281861.021137704,7197054.234340959,6773913
0,0,227,5295835.908091922,7274349.260655086,6755082
0,0,228,5306841.764293713,7175692.771952806,6735985
0,0,229,5317951.202058572,7145553.147885248,6717040
0,0,230,5332987.947103364,7249660.674934333,6698086
0,0,231,5348058.914112817,7259333.503237234,6679128
0,0,232,5366213.64460481,7344645.891876183,6660320
0,0,233,5381814.73484122,7344074.799173716,6641537
0,0,234,5398547.655003058,7418445.586849768,6622247
0,0,235,5412817.349433225,7348896.658824557,6603034
0,0,236,5427390.670462138,7354432.113685697,6583873
0,0,237,5444976.483775904,7416944.435219618,6564329
0,0,238,5463093.407078318,7486955.915710335,6544884
0,0,239,5482518.000307906,7568823.862178733,6525497
0,0,240,5496019.78521267,7436987.290434713,6505829
0,0,241,5514917.97458452,7527772.040631657,6486283
0,0,242,5534465.764487061,7580932.114895295,6466782
0,0,243,5551642.388998604,7592242.347840982,6447409
0,0,244,5569526.153933797,7645084.122449903,6427737
0,0,245,5584836.064057568,7656660.703047218,6408025
0,0,246,5604502.512069144,7742671.583757482,6388157
0,0,247,5622313.161144136,7733242.657819409,6368215
0,0,248,5643979.442817569,7718092.09950011,6348349
0,0,249,5669571.159002893,7821001.615545606,6328143
0,0,250,5701976.04695956,7922256.817325538,6307965
0,0,251,5735034.978979427,7999796.903158989,6287703
0,0,252,5767187.173149737,7999521.261724752,6267400
0,0,253,5803863.100126408,8085780.977195553,6247007
0,0,254,5842215.279255687,8183209.417313118,6226330
0,0,255,5879113.414486741,8283347.629928527,6205535
0,0,256,5915157.129234983,8327649.399780683,6184872
0,0,257,5946971.777999115,8354951.585487571,6163847
0,0,258,5981160.732770302,8426647.243325442,6143113
0,0,259,6015308.951555904,8574841.787796577,6122177
0,0,260,6047434.12361888,8637428.832481392,6101222
0,0,261,6076589.716566891,8664114.496542767,6080176
0,0,262,6111110.206841221,8792559.686408341,6058723
0,0,263,6143228.078379221,8852557.808937203,6036980
0,0,264,6180610.643461543,8965706.919609418,6015498
0,0,265,6222580.792079559,9068697.533144191,5993966
0,0,266,6264601.170973638,9167979.832838083,5972152
0,0,267,6312524.930894503,9273564.203161221,5949940
0,0,268,6366535.195133393,9390331.718474096,5927880
0,0,269,6426705.747852741,9569008.604129767,5905630
0,0,270,6493499.579628397,9742601.026154034,5883269
0,0,271,6562944.514209358,9919602.850141946,5860900
0,0,272,6637666.431918853,10079605.75371784,5837791
0,0,273,6718546.523896009,10259765.90603637,5815015
0,0,274,6801864.778203504,10499144.51103817,5791850
0,0,275,6894074.64232375,10872843.37727731,5768419
0,0,276,6981354.383054951,11024610.94720558,5744937
0,0,277,7075516.499335909,11293392.20375331,5721291
0,0,278,7175150.108064763,11630825.60442978,5697109
0,0,279,7277992.186174106,11933838.97807886,5672941
0,0,280,7387396.081069455,12264633.97136496,5648234
0,0,281,7508225.389842467,12715448.11203249,5623289
0,0,282,7637520.721736042,13172583.11855873,5597703
0,0,283,7781982.551159926,13683863.47425307,5571885
0,0,284,7941307.611064148,14247489.59444384,5545949
0,0,285,8121120.31360532,14953232.66330358,5519288
0,0,286,8311159.862084496,15550031.6119002,5491508
0,0,287,8526980.189889664,16313357.16403544,5463697
0,0,288,8770408.525352199,17211877.02891565,5435029
0,0,289,9041140.698090723,18182554.81067504,5405522
0,0,290,9360059.591011843,19500162.1546544,5374893
0,0,291,9730124.293525446,21078115.92332596,5342639
0,0,292,10166319.60234516,23095686.62402745,5307251
0,0,293,10692298.64510159,25854994.89242435,5266534
0,0,294,11309727.89775403,29369613.74761422,5215795
0,0,295,12026789.203929,33994263.62117649,5147814
0,0,296,12817152.18776674,39777179.77868629,5050496
0,0,297,13599627.10914181,46477838.82245945,4905838
0,0,298,14226181.01574768,53252359.41848505,4691496
0,0,299,14522530.05198479,59158435.65301347,4387338
