# mesh name: boxMesh_1
# primitive scorer name: doseScorer
# iX, iY, iZ, total(value) [MeV], total(val^2), entry
0,0,0,4285605.183275795,5453943.764473339,10000000
0,0,1,4375741.208896652,5855212.970124287,9998936
0,0,2,4404883.863054989,6170794.563899965,9996846
0,0,3,4425672.471009271,6298610.403066812,9994295
0,0,4,4444128.037146497,6306663.520175591,9991182
0,0,5,4460460.606078781,6400401.302359021,9987783
0,0,6,4474842.945021652,6468357.519556081,9984081
0,0,7,4486999.146750797,6513944.138150199,9979933
0,0,8,4500730.956871862,6567687.221127208,9975515
0,0,9,4514663.337253279,6712833.631115038,9970837
0,0,10,4522551.329782009,6666898.339726194,9965805
0,0,11,4532518.987400288,6698672.854164628,9960599
0,0,12,4542797.824120879,6801082.909282742,9955017
0,0,13,4548500.863397311,6705370.700362567,9949234
0,0,14,4558317.959765596,6778793.54674401,9943263
0,0,15,4563427.025900015,6705229.297565772,9936857
0,0,16,4572487.196474533,6787205.191726768,9930184
0,0,17,4579682.857474538,6865768.10750076,9923409
0,0,18,4584249.865769133,6802510.071900361,9916363
0,0,19,4589722.743703626,6789601.503401818,9909307
0,0,20,4596213.353731116,6816612.533301205,9901929
0,0,21,4601101.514274761,6867064.610395934,9894444
0,0,22,4606345.679587122,6884885.12831061,9886661
0,0,23,4609938.92564061,6798953.888441803,9878793
0,0,24,4617432.259942805,6887355.57092851,9870616
0,0,25,4620537.083599232,6820517.091752451,9862596
0,0,26,4627074.792430872,6993603.081069488,9854072
0,0,27,4630182.757329999,6975137.89121901,9845171
0,0,28,4631654.221527981,6848889.158050621,9836357
0,0,29,4637105.854522559,6998077.354528903,9827546
0,0,30,4643537.52409616,7009130.737369713,9818555
0,0,31,4644593.95580355,6909870.589939014,9809175
0,0,32,4647502.848340568,6930280.408486874,9799727
0,0,33,4653438.249802627,6988246.926402813,9789989
0,0,34,4653116.501415797,6985631.016645459,9780147
0,0,35,4654904.285156472,6926231.938846013,9769994
0,0,36,4661214.987847129,7037747.935660673,9759904
0,0,37,4663715.088135501,6973151.02269667,9749574
0,0,38,4664970.177731819,6968392.052028195,9739126
0,0,39,4667591.700344356,7052717.800644282,9728502
0,0,40,4664976.489114787,6928221.947308747,9717672
0,0,41,4666863.578391952,6871905.53051188,9706771
0,0,42,4672874.072260661,7011984.527902778,9695738
0,0,43,4673079.121251658,6968059.239266604,9684499
0,0,44,4675511.521354771,6983129.978176856,9673212
0,0,45,4679237.16994429,7074354.111157422,9661768
0,0,46,4678263.523939039,6973924.92525704,9650335
0,0,47,4676693.423880511,6893179.688857039,9638807
0,0,48,4677768.31580539,6870711.961123401,9627184
0,0,49,4681916.597179392,6974684.233718218,9615293
0,0,50,4686687.886210629,7002344.605593241,9603454
0,0,51,4687822.830028092,6960816.869459404,9591603
0,0,52,4689365.41079149,7035271.161040802,9579347
0,0,53,4690089.803240942,7083468.785466069,9567070
0,0,54,4688868.457740465,6899588.757138826,9554799
0,0,55,4690880.815830603,7027514.28727814,9542377
0,0,56,4692493.067898374,7026693.905519794,9529797
0,0,57,4697286.970449535,7122460.366493903,9517265
0,0,58,4698483.104718046,7124366.27698545,9504472
0,0,59,4697064.553547334,7025969.928546406,9491499
0,0,60,4694148.321197741,6850451.88916523,9478673
0,0,61,4697967.375808578,7005455.482929273,9466010
0,0,62,4698775.527693233,7000639.89097181,9453040
0,0,63,4697801.596748931,6968674.776462421,9439843
0,0,64,4698348.038441001,6971967.874857264,9426606
0,0,65,4701230.373600007,7105898.450564258,9413260
0,0,66,4698556.973555695,6971118.988776935,9399988
0,0,67,4698677.343581926,6928493.360586225,9386763
0,0,68,4700634.687673703,6959763.973561355,9373094
0,0,69,4700162.436810905,6942082.201643903,9359742
0,0,70,4700636.542406896,6867283.732505205,9346236
0,0,71,4699270.911912221,6862648.362054965,9332347
0,0,72,4702752.14621193,6975121.051130713,9318754
0,0,73,4699852.261527971,6807270.533039623,9305025
0,0,74,4699324.765984152,6837421.425236819,9291266
0,0,75,4703701.092089974,6952740.242921088,9277381
0,0,76,4703255.882828053,6979354.932481781,9263216
0,0,77,4703964.851064553,6953852.844519913,9249183
0,0,78,4703702.434868879,6964492.176432916,9235295
0,0,79,4704955.649000854,6957533.540950984,9221317
0,0,80,4705572.135826185,6939587.289558657,9207401
0,0,81,4704217.45348365,6899949.590463997,9193088
0,0,82,4703547.732561814,6865004.911611008,9178885
0,0,83,4705858.263282429,6916808.546603359,9164899
0,0,84,4704753.634570482,6882013.389637802,9150688
0,0,85,4703733.726214815,6842222.700648546,9136340
0,0,86,4704079.259110987,6802300.118544715,9121724
0,0,87,4708639.825565518,7021891.90099341,9107170
0,0,88,4709179.334754681,6975167.690931234,9093010
0,0,89,4706575.076883497,6818839.066440482,9078335
0,0,90,4708859.416600094,6872463.549013155,9063940
0,0,91,4707810.402786423,6813707.688383643,9049422
0,0,92,4710927.002338366,6966693.129127954,9034606
0,0,93,4709730.107453484,6907337.65094899,9019826
0,0,94,4705606.683838386,6804241.892634433,9005065
0,0,95,4707788.603092248,6867929.017035821,8990119
0,0,96,4709079.358067546,6873846.966473811,8975290
0,0,97,4712552.444187292,6983558.420606874,8960287
0,0,98,4709476.495283199,6845078.615733908,8945431
0,0,99,4709242.839030544,6781854.753844817,8930558
0,0,100,4706703.571075569,6765156.940387148,8915609
0,0,101,4705325.593367944,6696469.144315556,8900582
0,0,102,4710282.79936449,6824389.247484611,8885397
0,0,103,4713457.700869048,6881626.359243529,8870349
0,0,104,4713315.637461709,6874964.502666073,8855275
0,0,105,4713926.859551739,6864464.276748369,8840141
0,0,106,4712286.170051057,6828178.962764643,8824754
0,0,107,4711703.859615634,6750159.824735294,8809810
0,0,108,4713807.369622976,6869259.097871858,8794301
0,0,109,4710141.167282844,6723186.253886614,8779019
0,0,110,4711342.794569871,6763125.847572208,8763845
0,0,111,4713297.78149319,6769753.599434301,8748522
0,0,112,4716919.385040096,6886588.87975543,8733447
0,0,113,4714312.918345412,6743506.549536902,8718100
0,0,114,4715302.677256851,6735614.33734137,8702545
0,0,115,4719226.402029099,6874850.007129516,8687362
0,0,116,4718642.679669766,6877361.488957254,8671740
0,0,117,4715520.643978486,6740622.522313508,8656531
0,0,118,4717545.647576496,6761606.419273466,8640950
0,0,119,4718674.28244509,6738445.555062905,8625436
0,0,120,4719231.353233165,6741356.122446019,8609746
0,0,121,4718222.081748411,6748894.997026446,8594197
0,0,122,4718507.011195642,6720922.879030893,8578569
0,0,123,4721164.026232952,6755716.287189911,8563009
0,0,124,4720030.240758018,6685034.616398485,8547181
0,0,125,4718998.705717831,6603647.199347521,8531475
0,0,126,4721823.787808119,6733324.254693735,8515550
0,0,127,4723521.376994354,6753371.057583353,8499843
0,0,128,4723655.15708374,6746521.17089279,8483986
0,0,129,4722356.1325438,6729893.744573686,8467906
0,0,130,4722036.55592616,6679605.650739973,8452053
0,0,131,4724637.13779266,6782866.165203259,8436113
0,0,132,4719933.120262319,6547831.116315044,8420219
0,0,133,4723048.19194218,6684659.771517913,8404261
0,0,134,4722821.585999346,6623033.764719151,8388207
0,0,135,4726182.290085442,6703746.551760669,8372446
0,0,136,4726521.551658615,6709543.606618603,8356392
0,0,137,4726137.427237875,6656199.789933693,8340435
0,0,138,4728739.000108099,6701240.933752716,8324373
0,0,139,4726905.300769739,6598459.38635833,8308322
0,0,140,4728756.481257025,6637017.409241767,8292103
0,0,141,4728296.887390058,6598698.73155143,8275813
0,0,142,4733922.339572275,6725818.31304553,8259629
0,0,143,4734517.942363331,6788222.227389453,8243413
0,0,144,4734133.977410357,6746866.494058218,8227079
0,0,145,4732469.02671331,6621480.71408812,8210922
0,0,146,4734174.134889879,6676746.901157323,8194611
0,0,147,4736754.249931677,6683811.888906531,8178584
0,0,148,4735467.376400511,6656705.397579184,8162202
0,0,149,4738441.759321859,6657955.849679356,8145849
0,0,150,4739754.377160474,6657201.505014531,8129549
0,0,151,4738732.901099918,6607646.364973394,8112984
0,0,152,4739766.316809801,6558510.774435498,8096745
0,0,153,4743973.737736059,6605684.03889347,8080440
0,0,154,4744986.768327282,6631478.503783982,8063946
0,0,155,4745433.993259603,6610684.989007116,8047417
0,0,156,4747370.800097249,6607891.262992687,8031152
0,0,157,4749908.102271428,6583915.557929791,8014461
0,0,158,4753121.205451982,6683584.040536968,7998153
0,0,159,4754716.176637959,6688744.859536157,7981664
0,0,160,4755431.40148994,6648310.220943714,7965312
0,0,161,4759269.306556984,6756963.197384072,7948917
0,0,162,4756439.130308179,6603995.875887834,7932197
0,0,163,4761809.596241852,6668400.685695329,7915860
0,0,164,4762235.423686581,6619181.473393071,7899369
0,0,165,4765097.710868137,6639724.214642487,7882652
0,0,166,4766537.414408826,6591285.412342548,7865944
0,0,167,4771368.185519981,6671287.31762611,7849392
0,0,168,4772978.888714349,6692724.918100895,7832895
0,0,169,4773567.345236568,6639139.801523522,7816096
0,0,170,4777715.969426826,6657929.134483626,7799247
0,0,171,4776790.448925982,6619988.529822933,7782461
0,0,172,4781525.633149611,6684472.102290928,7765431
0,0,173,4783015.634951741,6630192.604556274,7748590
0,0,174,4783893.278522646,6549041.771402141,7731434
0,0,175,4787231.235124745,6599045.766291665,7714878
0,0,176,4787884.988741762,6575443.77143554,7698048
0,0,177,4792855.244702557,6609251.881501242,7681129
0,0,178,4795289.273323109,6602031.177356751,7664385
0,0,179,4798102.918109141,6597943.016088113,7647470
0,0,180,4799998.89306153,6608981.376160616,7630744
0,0,181,4801772.225621071,6560502.463725113,7613723
0,0,182,4803696.120614115,6526268.365636892,7596586
0,0,183,4812701.84884302,6666347.59155238,7579926
0,0,184,4812239.573495382,6545858.347713536,7563120
0,0,185,4817000.721090551,6690687.195331898,7545825
0,0,186,4819012.468903866,6601248.177794557,7528977
0,0,187,4824982.901965238,6669987.448897984,7511760
0,0,188,4829082.969711856,6613102.845630339,7494620
0,0,189,4833003.467935342,6691241.910059756,7477356
0,0,190,4832640.999871092,6509114.317353497,7460337
0,0,191,4836497.51597507,6543356.552150562,7442971
0,0,192,4844663.114161115,6668781.427220045,7426039
0,0,193,4849187.549428677,6694023.530357143,7409039
0,0,194,4852399.481308801,6633318.721226487,7391642
0,0,195,4859560.812838582,6699692.269763451,7374353
0,0,196,4860142.93920202,6627643.668410113,7356926
0,0,197,4863977.623063259,6581852.433283733,7339518
0,0,198,4868070.217646474,6613045.288064374,7322021
0,0,199,4873247.904695064,6630401.889592642,7304727
0,0,200,4878254.613563392,6668379.231287406,7287181
0,0,201,4884147.443480949,6719052.153260755,7269512
0,0,202,4887935.098334518,6662555.872469855,7252461
0,0,203,4895480.272527372,6718706.870602783,7234876
0,0,204,4898224.640351072,6569637.264055371,7217570
0,0,205,4904996.079390481,6646318.076845853,7199933
0,0,206,4911781.066390937,6628381.261527549,7182320
0,0,207,4919471.625153716,6700490.828813941,7164583
0,0,208,4926244.971153067,6691562.382361379,7146789
0,0,209,4931678.757530669,6697471.367537959,7129132
0,0,210,4940321.381252636,6745515.842788447,7111603
0,0,211,4944335.127947014,6659992.97625632,7094051
0,0,212,4953545.699105647,6678595.190198138,7076327
0,0,213,4961030.547668739,6709067.626041032,7058499
0,0,214,4968528.729607614,6695805.840949562,7040924
0,0,215,4979635.840651429,6774288.909332477,7023330
0,0,216,4986360.355501323,6790535.831856309,7005243
0,0,217,4990070.090530986,6666536.558065565,6987147
0,0,218,4998871.639245893,6672824.828273872,6969374
0,0,219,5010299.243198055,6804875.376731759,6951494
0,0,220,5020084.608670038,6856094.33906805,6933469
0,0,221,5026572.26183358,6750092.350538912,6915365
0,0,222,5038710.187538638,6850260.093890571,6897514
0,0,223,5045242.146674597,6812382.771485608,6879412
0,0,224,5056487.862682888,6872175.601741744,6861152
0,0,225,5065956.699926039,6844402.392046046,6842902
0,0,226,5074474.26634268,6840939.422249209,6824432
0,0,227,5087693.267356195,6922864.542063106,6806445
0,0,228,5100339.450603172,6992900.974192798,6787993
0,0,229,5107241.069904672,6870614.922480441,6769602
0,0,230,5116886.323575767,6884716.574457236,6751408
0,0,231,5130750.934755559,6974324.359799262,6733290
0,0,232,5139070.533681143,6904222.548565352,6714668
0,0,233,5154307.887580489,6978523.467294462,6696171
0,0,234,5166033.202190606,6992824.630276414,6677671
0,0,235,5180352.793159196,7083985.491260324,6659259
0,0,236,5192939.531287824,7050553.885823836,6640977
0,0,237,5205549.807392462,7080543.118067985,6622213
0,0,238,5219404.675325677,7123814.840329966,6603502
0,0,239,5231151.671977965,7062071.227107676,6584833
0,0,240,5242960.563389236,7037576.731403427,6566113
0,0,241,5256757.068774719,7103086.640448556,6546778
0,0,242,5271575.732075455,7125282.757830899,6528245
0,0,243,5288241.749699701,7176131.622050368,6509409
0,0,244,5303920.85447433,7201180.550021359,6490481
0,0,245,5319045.325496085,7208363.560163306,6471428
0,0,246,5336399.046230675,7289511.568794772,6452119
0,0,247,5352581.887273203,7274708.96319013,6433319
0,0,248,5369755.065689601,7298449.152183888,6413891
0,0,249,5385240.028772593,7300081.431302233,6394453
0,0,250,5402942.934625033,7302640.696780014,6375111
0,0,251,5421492.914683478,7405796.913233655,6355927
0,0,252,5441590.508447187,7452350.211135997,6336610
0,0,253,5456883.817759439,7474278.977608953,6317077
0,0,254,5474276.658885088,7523093.989922171,6297404
0,0,255,5492469.049129803,7551112.924368861,6278020
0,0,256,5510526.740379745,7548536.153728724,6258206
0,0,257,5531855.25908774,7624645.539766753,6238297
0,0,258,5554549.682726879,7687956.809524927,6218310
0,0,259,5580830.240769338,7735834.377108548,6198434
0,0,260,5613106.97894131,7871028.404674526,6178460
0,0,261,5643429.101121332,7859190.66823727,6158298
0,0,262,5674184.480050466,7812375.760986539,6138062
0,0,263,5713527.473034845,7987608.010325064,6117889
0,0,264,5748788.715256801,8064500.861430558,6097536
0,0,265,5782759.348601173,8101422.765836569,6077181
0,0,266,5820410.803883634,8236863.250325691,6056777
0,0,267,5853646.184148481,8319325.877941247,6036334
0,0,268,5887504.21890562,8401284.885717507,6015640
0,0,269,5916596.27905748,8439645.192439837,5995052
0,0,270,5945590.521562966,8422585.533619404,5974091
0,0,271,5978284.07540302,8546027.465639262,5953173
0,0,272,6011142.647842703,8638207.550520508,5932356
0,0,273,6045085.881490067,8721463.81746842,5910836
0,0,274,6082022.199519243,8813880.897199726,5889700
0,0,275,6121498.411327777,8888215.169536363,5868274
0,0,276,6166383.891726074,8984426.057135476,5846811
0,0,277,6219246.781926665,9152054.741790783,5824994
0,0,278,6274423.058909973,9267448.719969558,5803336
0,0,279,6335498.489175707,9466456.767858896,5781246
0,0,280,6401651.616630967,9591536.061162755,5759133
0,0,281,6474393.63047524,9831555.129662521,5736711
0,0,282,6552038.812162372,10088190.1361427,5714248
0,0,283,6634729.87499103,10302762.67774695,5691592
0,0,284,6716630.632775443,10506314.95506097,5668464
0,0,285,6802675.983607925,10693161.22810345,5645319
0,0,286,6892458.587884597,10928687.21072194,5622205
0,0,287,6990558.867162309,11297872.88439882,5598514
0,0,288,7089359.482550214,11570448.24351968,5574684
0,0,289,7192964.815478155,11897241.19994093,5550315
0,0,290,7307205.232028934,12318869.2430896,5525862
0,0,291,7427762.124512671,12712276.32460503,5500903
0,0,292,7562954.266463561,13177544.10782487,5475829
0,0,293,7712645.694624105,13745152.76417367,5450046
0,0,294,7873447.966017974,14237081.13461335,5423728
0,0,295,8058780.245868854,14918590.53680126,5397927
0,0,296,8260797.476278476,15660075.74413883,5370665
0,0,297,8479870.624863837,16378285.40644947,5342522
0,0,298,8732120.078542165,17345583.00054739,5313821
0,0,299,9013598.723016474,18327789.08387755,5285635
