# mesh name: boxMesh_1
# primitive scorer name: doseScorer
# iX, iY, iZ, total(value) [MeV], total(val^2), entry
0,0,0,4260718.424592955,5379257.342392545,10000000
0,0,1,4352560.496376568,5864419.403114832,9998929
0,0,2,4381649.448645888,6130926.471752514,9996874
0,0,3,4403294.3397107,6299212.455737378,9994346
0,0,4,4422146.574267591,6364942.629645627,9991272
0,0,5,4435863.280536069,6311777.7364223,9987855
0,0,6,4452949.869259204,6511502.518876186,9984209
0,0,7,4463138.62330065,6475114.675192935,9980076
0,0,8,4475574.164052986,6508790.225178748,9975656
0,0,9,4489720.459145897,6679556.497203995,9970992
0,0,10,4498045.063583582,6637928.482870821,9966042
0,0,11,4507047.50901176,6624011.247588291,9960869
0,0,12,4518530.928608542,6796966.989111019,9955271
0,0,13,4522827.529049047,6623275.499891026,9949646
0,0,14,4534599.631592036,6808470.982726142,9943702
0,0,15,4538332.006912095,6644976.087964548,9937341
0,0,16,4549602.931508507,6814748.589949086,9930725
0,0,17,4557130.180304958,6927157.579929607,9924038
0,0,18,4558779.258163404,6801126.991982412,9917019
0,0,19,4564909.224894362,6731689.16939982,9910020
0,0,20,4570109.978744781,6766257.048650902,9902742
0,0,21,4573834.730112294,6768357.403308426,9895254
0,0,22,4579526.312874298,6774029.990358999,9887644
0,0,23,4585298.089500168,6863963.691745315,9879717
0,0,24,4591520.89397032,6873507.126480512,9871691
0,0,25,4598305.423963871,6936747.951149411,9863583
0,0,26,4602706.550013993,6941982.173432643,9855209
0,0,27,4607256.800211713,6964693.846768748,9846525
0,0,28,4607164.056599728,6824327.409093013,9837832
0,0,29,4611972.514570189,6957248.298129391,9828773
0,0,30,4619019.57791769,7133371.664165674,9819846
0,0,31,4619441.711501335,6926391.407754083,9810565
0,0,32,4621242.403868753,6945997.256927941,9801006
0,0,33,4623847.562832837,6832776.507996769,9791458
0,0,34,4624525.009328251,6829176.862910724,9781606
0,0,35,4628105.865566896,6979724.482781438,9771580
0,0,36,4636358.490700183,7078851.814658053,9761311
0,0,37,4637852.97099804,6978800.977373483,9751008
0,0,38,4637573.784868309,6959571.280473081,9740496
0,0,39,4638155.338485122,6901350.61314705,9730024
0,0,40,4635909.82033449,6811895.555072499,9719255
0,0,41,4640390.896422993,6808947.049805337,9708352
0,0,42,4645016.966662986,6923668.717791162,9697329
0,0,43,4647666.476732409,6975227.013045393,9686170
0,0,44,4645898.383903539,6778459.193904211,9674756
0,0,45,4651270.565891754,7031393.657203093,9663638
0,0,46,4651298.872501969,6981688.623423687,9652242
0,0,47,4649691.176640141,6872476.946218338,9640794
0,0,48,4651003.936476978,6893252.120879142,9629187
0,0,49,4652747.707488911,6900695.868022289,9617361
0,0,50,4656557.242393979,6925051.292597027,9605478
0,0,51,4657731.657977712,6942756.729542208,9593367
0,0,52,4659858.897437369,6923511.270760081,9581157
0,0,53,4662563.440092862,7056701.66121201,9568971
0,0,54,4663634.053686301,7055904.855756106,9556509
0,0,55,4663572.076846616,7080143.150518909,9544241
0,0,56,4661889.583192085,6993878.466235748,9531671
0,0,57,4665214.164102253,7070243.201322634,9519388
0,0,58,4662976.260188026,6869354.454958906,9506645
0,0,59,4663298.432258144,6926102.357408463,9493856
0,0,60,4663559.508046576,6881928.234653896,9481083
0,0,61,4665663.891786604,6950850.131464027,9468211
0,0,62,4665846.154065407,6852861.122768091,9455279
0,0,63,4667269.471245877,6977466.299346435,9442179
0,0,64,4666198.295539831,6893356.378878527,9428987
0,0,65,4668698.180428882,6905943.858512018,9416008
0,0,66,4669646.727538646,6960215.844684977,9402671
0,0,67,4667613.303900518,6842225.017281169,9389424
0,0,68,4668848.353467478,6926565.549363334,9375993
0,0,69,4671547.015760833,6998075.339708501,9362494
0,0,70,4671434.000764351,6888160.926354371,9348970
0,0,71,4672256.697627597,6966598.546323489,9335346
0,0,72,4673591.240350498,6975038.471783216,9321881
0,0,73,4672297.64829769,6919492.704062942,9308209
0,0,74,4671008.568332203,6930124.333145247,9294397
0,0,75,4672815.246885068,6910077.740114118,9280666
0,0,76,4672842.943169371,6947763.05985309,9266740
0,0,77,4673034.202137525,6980205.972648521,9252923
0,0,78,4672708.784168139,6916809.327252695,9238809
0,0,79,4670719.253846185,6817944.78704311,9224840
0,0,80,4672875.464905919,6899067.847826036,9210715
0,0,81,4672937.198107617,6862228.342027836,9196623
0,0,82,4671719.902622216,6878059.386088815,9182573
0,0,83,4670736.441167348,6763474.493195238,9168290
0,0,84,4673933.637669957,6904554.267329241,9154102
0,0,85,4670026.957724884,6757157.28025046,9139982
0,0,86,4672057.794278428,6797576.58858597,9125881
0,0,87,4671365.735257718,6813716.477367114,9111472
0,0,88,4675983.965123681,6994382.112538921,9096935
0,0,89,4673525.649776648,6866292.429739064,9082529
0,0,90,4676969.970802825,6969051.124893628,9068285
0,0,91,4675587.01173332,6887061.230023765,9053504
0,0,92,4675346.543419489,6880617.10087439,9038886
0,0,93,4678007.042500461,6969629.679683088,9024303
0,0,94,4669743.619766098,6671497.910090057,9009637
0,0,95,4673670.627046456,6809040.195884454,8994775
0,0,96,4674099.168763529,6737760.740138974,8980200
0,0,97,4680377.295183022,7021426.142073399,8965512
0,0,98,4680617.113814939,6999404.94278938,8950798
0,0,99,4674255.588736689,6740534.943792217,8935819
0,0,100,4674962.430797011,6833591.159428358,8920911
0,0,101,4675968.52554255,6832264.025118589,8905899
0,0,102,4676850.632525321,6750695.087325397,8891096
0,0,103,4677086.470020903,6785194.211865389,8876023
0,0,104,4675277.548498083,6677226.311474674,8861244
0,0,105,4681047.876205639,6964436.039862564,8846036
0,0,106,4679453.813575247,6846726.495261239,8830997
0,0,107,4680315.436295867,6900395.778460899,8815865
0,0,108,4679710.223764053,6832970.666747255,8800671
0,0,109,4675615.234034583,6708411.55544736,8785515
0,0,110,4674465.200363895,6692035.0197446,8770306
0,0,111,4678804.391637241,6800605.906577898,8754797
0,0,112,4678566.048577949,6744429.082306399,8739738
0,0,113,4680586.970422119,6824822.556976503,8724493
0,0,114,4679136.189285774,6762743.470559723,8708931
0,0,115,4679468.786537862,6737341.229619755,8693406
0,0,116,4678963.29054314,6734231.336103998,8678010
0,0,117,4676997.696411369,6733462.710925926,8662493
0,0,118,4676694.259454994,6626987.396490049,8647289
0,0,119,4681031.019204473,6785633.036457708,8631795
0,0,120,4682119.224475794,6740266.975068078,8616393
0,0,121,4680041.373864247,6679614.030252692,8600985
0,0,122,4680867.559376001,6718758.280667676,8585245
0,0,123,4684481.003751967,6839970.559103847,8569577
0,0,124,4683771.567640806,6735623.822914016,8554112
0,0,125,4683661.803700798,6758282.561507876,8538262
0,0,126,4683174.781031288,6701494.910940422,8522374
0,0,127,4683708.238885194,6726347.542319912,8506710
0,0,128,4684715.323643981,6791384.269843882,8490929
0,0,129,4684902.294725675,6700449.082382057,8475307
0,0,130,4682869.043614378,6690152.507482025,8459429
0,0,131,4682112.203843935,6698784.280618907,8443724
0,0,132,4682649.461248899,6629915.731158106,8427742
0,0,133,4683434.821329377,6593696.202064303,8412246
0,0,134,4685240.83703006,6665617.662890667,8396268
0,0,135,4684929.829949068,6644408.521848311,8380076
0,0,136,4685656.2651876,6740848.921297503,8364302
0,0,137,4683992.50835118,6612039.428308508,8348403
0,0,138,4685444.367528839,6595558.671655088,8332493
0,0,139,4684633.877726484,6592883.562669096,8316514
0,0,140,4687999.006203557,6703443.335142494,8300532
0,0,141,4684956.814360658,6534684.177639234,8284642
0,0,142,4689091.83758492,6694945.995624643,8268570
0,0,143,4689367.532530719,6659726.639090198,8252453
0,0,144,4689541.349401434,6664900.274729122,8236127
0,0,145,4690642.40300958,6703148.51695385,8220070
0,0,146,4690647.033034328,6663564.019591409,8203860
0,0,147,4689959.011998559,6628974.501299484,8187488
0,0,148,4691856.295079946,6603184.72485623,8171465
0,0,149,4691514.818304243,6599246.299835016,8155067
0,0,150,4694050.770569772,6620269.088958051,8138986
0,0,151,4695235.581294585,6704249.105622497,8122773
0,0,152,4695622.290108888,6599608.98408228,8106553
0,0,153,4696790.241864535,6617061.254617512,8090356
0,0,154,4695954.558068289,6489700.937553016,8074187
0,0,155,4696773.763321464,6547357.784314892,8057950
0,0,156,4697431.288951878,6483451.486585012,8041786
0,0,157,4701002.717044453,6529542.033103067,8025616
0,0,158,4701893.962995196,6556498.296444262,8008881
0,0,159,4704771.565173896,6587121.343773136,7992670
0,0,160,4704733.917795147,6600813.316189115,7976375
0,0,161,4707285.309580992,6601629.718633677,7959835
0,0,162,4707970.823861416,6561613.802938111,7943482
0,0,163,4709551.509615303,6483796.802025164,7927060
0,0,164,4712592.922180732,6557376.855943371,7910450
0,0,165,4714243.8461401,6597658.756672273,7894042
0,0,166,4715429.42825458,6543896.791666107,7877500
0,0,167,4717866.043491904,6540919.216119792,7860856
0,0,168,4718628.873225914,6528643.430610614,7844113
0,0,169,4717934.688102015,6468059.545360557,7827709
0,0,170,4726030.64783752,6652367.400011657,7811199
0,0,171,4725752.966359563,6615334.235348565,7794658
0,0,172,4724644.05479717,6515830.798826632,7777733
0,0,173,4728250.103478387,6529662.379723741,7761029
0,0,174,4733186.419413324,6606911.581290522,7744282
0,0,175,4733362.486639341,6546598.630777584,7727493
0,0,176,4735994.077073394,6544163.427592135,7710947
0,0,177,4738933.94117646,6574115.327655248,7694500
0,0,178,4741586.809619868,6534332.496965897,7677674
0,0,179,4744479.099599386,6547201.729059196,7660900
0,0,180,4745689.077944928,6547239.03543859,7643985
0,0,181,4747414.672788209,6518328.232826231,7627181
0,0,182,4751269.96399376,6617648.477060395,7610206
0,0,183,4753306.609353384,6563392.269670214,7593549
0,0,184,4757615.677555684,6590728.783751151,7576727
0,0,185,4755970.628016095,6425572.294781569,7559606
0,0,186,4762292.090546632,6586842.911612033,7542694
0,0,187,4766429.416154092,6608320.632924847,7525975
0,0,188,4769605.065247396,6547137.321080168,7508918
0,0,189,4773493.76463188,6603794.731504155,7492076
0,0,190,4775537.421334032,6578502.299027363,7475006
0,0,191,4776425.031518335,6557502.636139933,7457948
0,0,192,4780111.705916908,6525426.623036336,7440945
0,0,193,4786273.397966609,6629062.76558944,7424010
0,0,194,4787782.8288622,6504623.009968352,7406818
0,0,195,4792946.726044266,6563119.500514613,7389592
0,0,196,4795226.772884468,6464909.449995483,7372276
0,0,197,4800830.116724057,6621919.739651449,7355343
0,0,198,4801319.168385857,6549471.369189085,7337708
0,0,199,4806614.263661237,6585100.908257404,7320599
0,0,200,4810696.773227887,6605849.130719648,7303397
0,0,201,4816751.554457687,6560208.695419579,7286248
0,0,202,4821763.815956802,6582785.113694006,7268737
0,0,203,4828149.234105967,6642231.207118163,7251395
0,0,204,4830270.403821725,6621993.032832035,7234201
0,0,205,4837328.734149053,6577009.004577585,7216873
0,0,206,4841895.066449094,6581541.828257581,7199536
0,0,207,4845399.01558351,6562311.291051298,7182369
0,0,208,4853452.984615852,6654091.146005038,7165054
0,0,209,4858249.904128873,6666007.313266454,7147453
0,0,210,4861331.856875045,6601093.37369647,7130139
0,0,211,4868027.464687968,6646069.633085756,7112744
0,0,212,4873652.3969297,6608039.216944226,7095289
0,0,213,4881449.353176877,6673180.194645493,7077768
0,0,214,4890273.202618433,6714780.34969407,7059971
0,0,215,4898053.136802523,6734564.665623972,7042328
0,0,216,4904749.20607651,6710277.415625686,7024612
0,0,217,4909127.40714118,6637410.390683844,7006941
0,0,218,4914296.798143653,6637604.219721975,6989107
0,0,219,4923149.542656995,6651458.448207402,6971466
0,0,220,4931643.898391922,6690506.145957738,6953791
0,0,221,4938585.129833449,6672556.905981178,6936164
0,0,222,4948333.648957025,6733712.560482133,6918395
0,0,223,4953168.040354616,6598404.347095362,6900565
0,0,224,4962333.270187278,6668046.573782229,6882328
0,0,225,4973462.804200379,6759247.217052924,6864367
0,0,226,4981328.344355137,6728686.382480098,6846603
0,0,227,4992436.250356084,6808575.447419573,6828598
0,0,228,5004249.819674267,6888965.949993628,6810561
0,0,229,5009369.085321622,6729774.898411434,6792694
0,0,230,5019045.816717969,6749306.966788461,6774492
0,0,231,5030275.384563306,6778187.792744308,6756424
0,0,232,5042277.360064321,6838728.432550308,6738258
0,0,233,5053795.763049088,6859892.956908505,6720011
0,0,234,5063707.324693576,6903469.479299798,6701747
0,0,235,5073659.34917634,6872152.567728317,6683857
0,0,236,5085559.179062117,6908529.842813498,6665253
0,0,237,5096529.743781062,6938431.978674702,6646928
0,0,238,5107804.014642,6892576.66458126,6628427
0,0,239,5118559.997463348,6892085.870803051,6610066
0,0,240,5130952.842839594,6930742.562273307,6591863
0,0,241,5142795.903893026,6935848.757791102,6573257
0,0,242,5156380.481398118,6993515.789074157,6554981
0,0,243,5166157.240519001,6903292.148904437,6536271
0,0,244,5184495.715473255,7082563.832792096,6517852
0,0,245,5197939.284632046,7103919.629198259,6499429
0,0,246,5210784.70230043,7043482.090654694,6480444
0,0,247,5222966.824483023,7052807.975601759,6461579
0,0,248,5238790.621586198,7097863.471434454,6442736
0,0,249,5253081.942278942,7055244.522598512,6423942
0,0,250,5270229.726599609,7111217.117729276,6405181
0,0,251,5289183.258522503,7200477.8951085,6386199
0,0,252,5304397.787428298,7221673.067787718,6367267
0,0,253,5323850.07877082,7275930.334253463,6348407
0,0,254,5340667.686176039,7319123.877129368,6329391
0,0,255,5359747.912011142,7426160.748102101,6310216
0,0,256,5376997.627707934,7439938.39926788,6290898
0,0,257,5392355.003729098,7424449.121093136,6271466
0,0,258,5407055.152116993,7415307.826149086,6252233
0,0,259,5424134.574433377,7426497.609786714,6232739
0,0,260,5440073.991000893,7434289.437893761,6213211
0,0,261,5462573.579180922,7554295.01170663,6193860
0,0,262,5480588.255542802,7570610.88609736,6174298
0,0,263,5505397.383744927,7600437.392887155,6154608
0,0,264,5534631.023870621,7731870.293844027,6134953
0,0,265,5561609.654828528,7683683.282026771,6115260
0,0,266,5598650.490168057,7899985.539288011,6095546
0,0,267,5628405.060060228,7836002.716434019,6075417
0,0,268,5664527.866290588,7910927.154437623,6055374
0,0,269,5698266.334964342,7961194.317791547,6035216
0,0,270,5732994.364221001,8017038.218695058,6015121
0,0,271,5765370.047280904,8056880.087958782,5994815
0,0,272,5803778.849169325,8264692.686379387,5974594
0,0,273,5834501.388298895,8323932.287704029,5954187
0,0,274,5866015.721885918,8403741.898068307,5933548
0,0,275,5893083.300386021,8395139.431855172,5912674
0,0,276,5924639.919342492,8442783.934026875,5891603
0,0,277,5959297.436638631,8577552.859171757,5871023
0,0,278,5995404.188763899,8682043.468211057,5850182
0,0,279,6032467.579556228,8756846.17874348,5828948
0,0,280,6074578.439499762,8834810.846855074,5808005
0,0,281,6121640.135710747,8993489.224182958,5786398
0,0,282,6174322.0419244,9149610.477639025,5764993
0,0,283,6229915.947308484,9261704.471158311,5743159
0,0,284,6291194.288204156,9396574.564101424,5721246
0,0,285,6356481.086460961,9577429.993917283,5699090
0,0,286,6430355.646550558,9782283.510966832,5676860
0,0,287,6503799.290429776,9936337.316654624,5654411
0,0,288,6587864.829143121,10220586.25128197,5632043
0,0,289,6671279.063488073,10420660.51394433,5609253
0,0,290,6758092.682653251,10719670.23986764,5586143
0,0,291,6845672.292189429,10896144.00203684,5562495
0,0,292,6940868.073917716,11179914.91899628,5539235
0,0,293,7043127.015930265,11565876.25650823,5515320
0,0,294,7147315.736324585,11876991.95255739,5491283
0,0,295,7259895.149445957,12251178.72431402,5466879
0,0,296,7383299.486999745,12681531.62941796,5441974
0,0,297,7517466.84959033,13123874.21191383,5416885
0,0,298,7664466.660010649,13587904.2792935,5391282
0,0,299,7823964.57723809,14124799.33047078,5366760
