# mesh name: boxMesh_1
# primitive scorer name: doseScorer
# iX, iY, iZ, total(value) [MeV], total(val^2), entry
0,0,0,4237172.666298102,5333973.362689521,10000000
0,0,1,4329162.008031704,5817916.923208057,9998954
0,0,2,4358599.040904397,6129659.253226837,9996904
0,0,3,4379505.056188373,6251242.443533407,9994375
0,0,4,4397287.637897598,6274043.454679349,9991329
0,0,5,4412827.25020813,6321285.451765315,9987976
0,0,6,4428470.657343221,6512489.119439941,9984377
0,0,7,4440559.054014605,6488400.015938288,9980293
0,0,8,4451503.796452338,6463623.717429535,9975832
0,0,9,4465794.888505783,6661888.209688544,9971269
0,0,10,4472732.774756502,6538114.79271458,9966369
0,0,11,4483783.023785226,6633947.948171207,9961277
0,0,12,4493633.598913552,6740367.913788974,9955736
0,0,13,4498642.652590375,6601946.268766455,9950021
0,0,14,4510674.401292123,6718505.542851462,9944225
0,0,15,4515048.389730589,6687365.621365833,9937859
0,0,16,4526756.598121015,6884078.758561282,9931365
0,0,17,4532673.268440672,6962368.431650345,9924659
0,0,18,4534568.520601388,6808614.90455489,9917779
0,0,19,4540720.333522675,6811732.638483074,9910744
0,0,20,4545621.600304714,6761618.744230794,9903397
0,0,21,4549146.749486541,6791703.408750341,9896020
0,0,22,4555501.798099272,6859245.294578815,9888338
0,0,23,4561765.407497256,6902500.838602578,9880509
0,0,24,4566281.215980645,6853242.133482117,9872459
0,0,25,4572650.903785441,6912575.20633737,9864401
0,0,26,4574300.803654933,6808939.29242742,9856024
0,0,27,4580476.548583631,6957542.34808314,9847313
0,0,28,4581163.445083261,6806040.229833724,9838544
0,0,29,4586317.655077172,6919659.043596435,9829634
0,0,30,4591973.283630668,7101214.961535623,9820675
0,0,31,4590575.993938909,6867131.527893141,9811446
0,0,32,4595278.684588837,6970274.309602537,9802123
0,0,33,4599416.423500311,6942662.601070369,9792349
0,0,34,4600899.113352402,6942625.997148682,9782734
0,0,35,4600121.93932288,6858873.501312289,9772653
0,0,36,4609675.637783497,7110400.451196619,9762661
0,0,37,4609537.411442839,6984562.35590071,9752455
0,0,38,4612102.137875766,6953539.907820757,9742011
0,0,39,4611199.125970002,6913425.180060814,9731534
0,0,40,4610461.512156686,6879864.991385499,9720806
0,0,41,4616366.523618137,7029818.642199097,9710027
0,0,42,4617640.128801423,6977355.814138292,9699023
0,0,43,4619604.475872528,6957353.226033884,9688076
0,0,44,4620097.00725217,6892382.957811899,9676793
0,0,45,4621948.290832769,6959766.039463594,9665720
0,0,46,4620935.766869242,6897705.187274843,9654546
0,0,47,4622591.163908446,6911142.998987277,9643037
0,0,48,4621552.143746812,6782928.887226794,9631418
0,0,49,4626110.394727325,6933939.045107298,9619605
0,0,50,4629925.87718569,7021338.563677486,9607858
0,0,51,4631739.727552216,6993667.952933984,9595952
0,0,52,4630708.645585004,6876378.12816155,9583802
0,0,53,4631450.293260832,6940988.937825557,9571618
0,0,54,4632771.540265762,6998896.1786492,9559240
0,0,55,4631861.876081931,6913437.069744918,9546953
0,0,56,4635974.16411732,6998151.272574559,9534827
0,0,57,4638010.345040594,6999196.285185115,9522277
0,0,58,4639354.604528356,7045335.940740236,9509698
0,0,59,4636526.208465479,6914199.312853835,9497043
0,0,60,4636146.307666051,6888944.408257142,9484218
0,0,61,4638549.021728548,6941514.404436655,9471605
0,0,62,4638290.853857816,6904030.386040851,9458917
0,0,63,4638171.720942347,6913602.950952437,9445998
0,0,64,4640095.257160638,6949012.282509536,9433028
0,0,65,4641087.222534603,6919312.856794309,9419920
0,0,66,4640883.135154647,6893152.620327188,9406753
0,0,67,4639298.775684019,6845346.431163754,9393555
0,0,68,4638429.993444427,6920823.18133712,9379958
0,0,69,4640963.705334442,6964676.066541361,9366628
0,0,70,4642804.701433672,6935888.269420045,9353122
0,0,71,4640278.874034831,6784723.100275634,9339587
0,0,72,4641839.505451513,6912102.488211978,9326159
0,0,73,4641354.509231345,6859528.491113806,9312669
0,0,74,4640661.457704572,6864749.934779951,9299190
0,0,75,4642841.195838709,6914094.014698153,9285543
0,0,76,4643451.905247349,6912935.458112447,9271606
0,0,77,4642284.069758993,6848405.166612506,9257727
0,0,78,4640721.735872494,6841314.199154805,9243839
0,0,79,4639284.371873277,6845595.209716676,9229652
0,0,80,4641343.356310529,6816844.912418921,9215749
0,0,81,4643817.529500155,6915715.089126948,9201910
0,0,82,4641600.494407786,6816378.370273281,9187935
0,0,83,4642893.084829888,6856060.744698784,9173899
0,0,84,4644215.059630351,6897124.632439686,9159619
0,0,85,4641702.696971763,6801260.059366252,9145372
0,0,86,4644344.822325763,6938057.055552768,9131075
0,0,87,4642534.706668108,6896836.526804755,9116832
0,0,88,4640383.656637191,6886393.522264717,9102165
0,0,89,4639785.962273621,6862615.582586184,9087702
0,0,90,4640200.552819435,6754172.067204314,9073374
0,0,91,4643085.240781551,6863270.082272818,9058916
0,0,92,4639538.599169789,6742965.574228451,9044367
0,0,93,4638454.063128822,6696497.268588035,9030003
0,0,94,4638416.969726125,6750817.438376135,9015345
0,0,95,4641853.911784125,6799310.402072875,9000672
0,0,96,4640977.840792544,6774395.831902986,8986247
0,0,97,4642272.301695775,6823417.243091499,8971510
0,0,98,4643907.937572345,6810954.588517007,8956682
0,0,99,4638779.948301001,6746902.666116702,8941709
0,0,100,4637446.238541766,6763491.388080175,8926768
0,0,101,4638415.121686954,6734935.255556898,8911673
0,0,102,4638724.662749469,6738158.991929332,8897000
0,0,103,4641141.597799086,6765510.26581764,8882026
0,0,104,4643539.428564664,6867790.264327927,8867108
0,0,105,4642082.371170761,6776476.929860708,8852037
0,0,106,4639595.170484967,6713679.8444594,8836940
0,0,107,4639868.678421918,6816636.84447713,8822138
0,0,108,4638252.623504886,6676061.620258613,8806977
0,0,109,4637516.422570902,6656238.039061257,8791898
0,0,110,4639493.882010024,6726801.723119386,8776987
0,0,111,4641613.978496911,6811790.87470314,8761966
0,0,112,4640125.000184588,6727329.81179609,8746838
0,0,113,4640764.806062118,6632997.754236337,8731970
0,0,114,4641290.141433515,6734421.472191946,8716814
0,0,115,4644475.507740015,6852382.904690527,8701556
0,0,116,4644267.917029661,6701189.012495502,8686429
0,0,117,4644069.873248843,6745229.193367884,8671137
0,0,118,4642425.855651886,6669711.538322536,8655646
0,0,119,4644270.32040156,6766958.198327705,8640180
0,0,120,4645987.831767128,6718789.230489277,8625004
0,0,121,4642467.812029676,6595487.139246396,8609424
0,0,122,4643338.392554186,6673407.782294803,8593952
0,0,123,4645474.577158935,6706167.486313185,8578395
0,0,124,4647134.96965091,6718588.531265046,8562782
0,0,125,4643976.530498756,6625444.023350378,8547278
0,0,126,4645505.19849855,6664156.752465344,8531747
0,0,127,4646908.548729828,6734190.033725727,8516046
0,0,128,4647136.935963606,6717512.089861561,8500310
0,0,129,4643909.675070161,6585317.926225892,8484603
0,0,130,4644003.926319934,6561195.542112941,8468836
0,0,131,4647608.981456593,6685219.824244301,8453054
0,0,132,4648198.327223414,6740954.633640599,8437528
0,0,133,4646044.105480159,6640348.758653065,8421714
0,0,134,4649763.340108857,6699264.693068022,8406244
0,0,135,4647319.650517663,6607034.634412836,8390160
0,0,136,4647773.530251073,6656098.740337185,8374473
0,0,137,4647029.100552081,6562575.841481059,8358734
0,0,138,4649489.910330923,6666986.805078495,8342729
0,0,139,4648401.181440515,6615378.840293393,8326764
0,0,140,4646838.955914094,6606128.588556593,8310674
0,0,141,4645589.258304257,6564179.795289626,8294674
0,0,142,4647569.696978411,6523920.603146987,8278706
0,0,143,4649841.527319103,6565936.162741359,8262870
0,0,144,4647622.280679622,6452299.039530112,8246900
0,0,145,4651944.615567595,6598075.570013807,8231048
0,0,146,4653965.858809197,6673639.117628511,8215100
0,0,147,4652550.326844277,6591736.599899116,8199339
0,0,148,4655797.430709875,6686781.404672232,8183235
0,0,149,4654511.165008337,6599137.127487688,8166957
0,0,150,4654604.626371262,6567461.723216172,8150629
0,0,151,4653712.713166984,6593479.361852,8134508
0,0,152,4655963.850886447,6582942.260706615,8118557
0,0,153,4654857.940508028,6545921.893631052,8102306
0,0,154,4655303.206982831,6517756.832716462,8086230
0,0,155,4658569.256210369,6626208.930267142,8070010
0,0,156,4656664.681748647,6487608.677007439,8053641
0,0,157,4659503.90144123,6628767.240024828,8037501
0,0,158,4660340.458422561,6509720.862452257,8021366
0,0,159,4663352.866355412,6622232.855434997,8005149
0,0,160,4661539.188848618,6436019.447802559,7989065
0,0,161,4665962.014315556,6625738.442440321,7972988
0,0,162,4669329.468926454,6669854.713995753,7956559
0,0,163,4666230.804387681,6522226.790060128,7940151
0,0,164,4668197.80038745,6529087.306090382,7924033
0,0,165,4668487.685842624,6446289.227568606,7907670
0,0,166,4670372.702555263,6572127.060374111,7891353
0,0,167,4672546.331262415,6588071.89257244,7874912
0,0,168,4674203.243612941,6590602.60662366,7858392
0,0,169,4672795.348076371,6487672.071085881,7842147
0,0,170,4677469.721990719,6533506.555877059,7825640
0,0,171,4678150.124903763,6514423.128007598,7809284
0,0,172,4678498.47145031,6449733.269131191,7792638
0,0,173,4680829.785184882,6500736.581076827,7776299
0,0,174,4684863.637819726,6558174.55988656,7759806
0,0,175,4685006.903978774,6481474.627276629,7743242
0,0,176,4688729.787433497,6564776.31868138,7726556
0,0,177,4688769.494975219,6502390.155627698,7710345
0,0,178,4690803.465382545,6494838.780800751,7693647
0,0,179,4693025.054157594,6493090.143537334,7676903
0,0,180,4696098.986202432,6526693.687370665,7660213
0,0,181,4694868.90417237,6450333.214101223,7643703
0,0,182,4696856.501230633,6451525.612672482,7627038
0,0,183,4698727.796743087,6434807.210909825,7610274
0,0,184,4701812.410441187,6381879.097448812,7593655
0,0,185,4708849.473609987,6584236.542187229,7576767
0,0,186,4709226.995837821,6491985.573258215,7560019
0,0,187,4712316.556208843,6543778.248233918,7543320
0,0,188,4717245.839120111,6618691.409147006,7526316
0,0,189,4717819.458277994,6500634.834256975,7509521
0,0,190,4720408.331657726,6479253.49425562,7492894
0,0,191,4721852.999352345,6503689.789223836,7476094
0,0,192,4728116.931529768,6626254.81383981,7458972
0,0,193,4729111.188534644,6534204.160793112,7442227
0,0,194,4733828.414190617,6578861.037338466,7425300
0,0,195,4736688.882091967,6541263.543266647,7408303
0,0,196,4740503.740288811,6555409.412827427,7391208
0,0,197,4743609.133177099,6606396.542663468,7374208
0,0,198,4745811.924523365,6552147.784143213,7357398
0,0,199,4749123.286063181,6489089.701436776,7340054
0,0,200,4753390.888898421,6568943.997516055,7323147
0,0,201,4753588.357320643,6454376.85383935,7306003
0,0,202,4761374.884339108,6603069.492965331,7288751
0,0,203,4763475.03285118,6487534.694767763,7271502
0,0,204,4767426.457655745,6488842.457914487,7254338
0,0,205,4772453.402092823,6522711.900217019,7237143
0,0,206,4776648.698916463,6514821.785566396,7219730
0,0,207,4780814.960749764,6513534.85612358,7202494
0,0,208,4786934.289485373,6569473.584397735,7185420
0,0,209,4790673.390687541,6518544.463899042,7167920
0,0,210,4795046.449213569,6554069.286807756,7150761
0,0,211,4797241.309925348,6452313.916784104,7133818
0,0,212,4803905.957778312,6520757.651833442,7116609
0,0,213,4809804.422396495,6528634.870763333,7099347
0,0,214,4814386.468049849,6485564.346592264,7081845
0,0,215,4819972.961409167,6475216.261822022,7064313
0,0,216,4831706.412643908,6663891.027409675,7047156
0,0,217,4834257.182788124,6588595.963887289,7029629
0,0,218,4842282.790984999,6574059.984196561,7012057
0,0,219,4849381.780907351,6599557.372961012,6994547
0,0,220,4853332.291195583,6545675.169225014,6976611
0,0,221,4860131.244729551,6576935.156527365,6958969
0,0,222,4869327.452006385,6620407.581702231,6941465
0,0,223,4873146.819253352,6508344.534978899,6923635
0,0,224,4881850.473802231,6587079.354150235,6905917
0,0,225,4889785.826574697,6632223.385918047,6888001
0,0,226,4894927.122211251,6566480.835453335,6870464
0,0,227,4906216.608858983,6715634.857310498,6852559
0,0,228,4914462.366650308,6647465.398181219,6835027
0,0,229,4924022.601262122,6728794.752407296,6817313
0,0,230,4929177.654930672,6578263.12694717,6799359
0,0,231,4941462.120876669,6745497.812942954,6781524
0,0,232,4950482.105635116,6735249.14387404,6763491
0,0,233,4960601.764383479,6779372.108224169,6745595
0,0,234,4969053.877996353,6726913.893505961,6727542
0,0,235,4976811.974002409,6714183.414227055,6709591
0,0,236,4987115.245032798,6744235.644303501,6691704
0,0,237,4996179.520622933,6728453.149968189,6673618
0,0,238,5005597.810603842,6765375.959627637,6655258
0,0,239,5017527.206052435,6794400.928406028,6637057
0,0,240,5029808.232391523,6886895.306211315,6618953
0,0,241,5038714.853479106,6835972.671633665,6600598
0,0,242,5048435.081652496,6814538.098116275,6582170
0,0,243,5061212.645732936,6828198.711250332,6563961
0,0,244,5072997.152973355,6834648.152288848,6545486
0,0,245,5084777.718479536,6895721.214726949,6527208
0,0,246,5097342.906710331,6896955.664538978,6509091
0,0,247,5110571.228041133,6889740.138607017,6490758
0,0,248,5123793.144692254,6934249.768214143,6472283
0,0,249,5135818.308192623,6900898.978690894,6453653
0,0,250,5148386.647895684,6944993.416352198,6435008
0,0,251,5164797.834251646,7007340.895815285,6416613
0,0,252,5179555.109650331,7015984.900230265,6397922
0,0,253,5194652.886022316,7069364.676595867,6379108
0,0,254,5210534.312858848,7071142.987748672,6360443
0,0,255,5225936.704518278,7124832.880067026,6341736
0,0,256,5243440.889539692,7158543.080822254,6323177
0,0,257,5260700.444498929,7209420.411206752,6304450
0,0,258,5276421.713321808,7197468.626334257,6285408
0,0,259,5292324.616304593,7205456.566689148,6266407
0,0,260,5309329.509179232,7299111.102543389,6247360
0,0,261,5322491.180440369,7199160.644413495,6228100
0,0,262,5342354.925326696,7291309.98206173,6208984
0,0,263,5356304.025753462,7238753.263279139,6189872
0,0,264,5377952.050414808,7421406.662608955,6170963
0,0,265,5395616.413402157,7479733.573337463,6151498
0,0,266,5412964.076996654,7444926.951944577,6132165
0,0,267,5434960.591604742,7514377.283502034,6112757
0,0,268,5459559.475585808,7528862.850620449,6093343
0,0,269,5488060.152034249,7632517.706363874,6073677
0,0,270,5513508.107367665,7577678.015341822,6053783
0,0,271,5548757.480861866,7729814.069258785,6033936
0,0,272,5582462.230865123,7800710.878459755,6013985
0,0,273,5616837.336249809,7811937.206093589,5994155
0,0,274,5653815.80062781,7965627.493965955,5974134
0,0,275,5686907.378396068,7974802.408359196,5953968
0,0,276,5719578.835422288,8016851.278310942,5933901
0,0,277,5751333.446220505,8128691.740564371,5913595
0,0,278,5783392.361626794,8203743.163979879,5893264
0,0,279,5817932.181189708,8382699.294286208,5872959
0,0,280,5844220.11876883,8345585.489542527,5852477
0,0,281,5875548.853026073,8387750.795591528,5831972
0,0,282,5909526.021267969,8478074.500426069,5811174
0,0,283,5945316.602233024,8575311.830110228,5790275
0,0,284,5985718.075973026,8764033.816782514,5768812
0,0,285,6027737.569600711,8842811.69958693,5747921
0,0,286,6073308.762234763,8925830.037403429,5726530
0,0,287,6125419.482845668,9084046.603551775,5705186
0,0,288,6178944.175533936,9183305.95972262,5683508
0,0,289,6241139.77180241,9334262.129769284,5661642
0,0,290,6307395.908695763,9481471.349836621,5639532
0,0,291,6379773.889041254,9682835.717473969,5617474
0,0,292,6456470.486285757,9907472.186423915,5595222
0,0,293,6535628.332747351,10113152.59045361,5572660
0,0,294,6620263.073859294,10344976.18361404,5549983
0,0,295,6707078.10602687,10605599.01249109,5526935
0,0,296,6797173.857788468,10852954.39668559,5503585
0,0,297,6891458.027464394,11146431.37667496,5480373
0,0,298,6987690.423792254,11428835.12616103,5456669
0,0,299,7086734.407865007,11681506.10230403,5434193
