# mesh name: boxMesh_1
# primitive scorer name: doseScorer
# iX, iY, iZ, total(value) [MeV], total(val^2), entry
0,0,0,4214545.967683299,5363664.880090488,10000000
0,0,1,4306495.15168201,5801631.206990843,9998970
0,0,2,4335360.994999018,6103165.85505156,9996953
0,0,3,4356703.188393991,6220935.779691046,9994433
0,0,4,4375259.267580825,6281478.115467455,9991388
0,0,5,4390122.254322501,6349611.945838979,9988006
0,0,6,4402981.709454558,6404792.552592991,9984420
0,0,7,4416463.138293426,6438115.101204672,9980387
0,0,8,4429287.983085363,6495275.036596976,9976013
0,0,9,4442050.764291979,6650473.76812415,9971412
0,0,10,4449812.948040348,6547592.124994697,9966583
0,0,11,4461255.355150624,6650600.99902357,9961485
0,0,12,4470682.822062615,6739621.067775633,9956076
0,0,13,4475653.10621921,6621176.044366449,9950399
0,0,14,4486331.361315945,6699657.346935237,9944546
0,0,15,4489493.088473538,6611294.579515404,9938147
0,0,16,4501829.864646797,6838795.157058164,9931706
0,0,17,4509333.044458766,6956395.598606911,9925112
0,0,18,4510884.353157263,6773896.663481001,9918202
0,0,19,4517338.647618629,6797668.178905423,9911313
0,0,20,4523011.220879678,6749198.859235201,9904062
0,0,21,4527361.712625262,6834412.929218205,9896739
0,0,22,4533080.410293162,6938255.742510412,9889124
0,0,23,4537423.449074533,6869742.152598485,9881229
0,0,24,4539752.110580551,6775420.629465987,9873264
0,0,25,4545631.365008174,6850329.98552052,9865166
0,0,26,4551345.052960177,6906752.130519538,9856866
0,0,27,4556619.009897103,7003323.622857475,9848187
0,0,28,4557486.111538934,6854523.041697223,9839411
0,0,29,4561993.800333198,6931188.175679722,9830629
0,0,30,4567602.628687238,7066154.376535435,9821740
0,0,31,4565230.849743751,6809726.084874061,9812714
0,0,32,4569110.203728816,6949675.653118152,9803360
0,0,33,4571556.772754024,6832065.335481876,9793812
0,0,34,4573824.152962102,6896131.924954418,9784124
0,0,35,4575153.02415438,6895076.226157036,9774052
0,0,36,4581388.165711123,6987820.846894241,9764271
0,0,37,4580991.686102314,6837508.844181805,9754055
0,0,38,4584271.7884975,6975285.379992619,9743748
0,0,39,4583846.160492782,6872124.222132489,9733378
0,0,40,4583820.573722562,6820214.023908851,9722731
0,0,41,4589129.282562029,6936560.992359764,9712110
0,0,42,4591128.079334673,6903711.739501347,9701245
0,0,43,4593340.673074548,6984865.954626643,9690244
0,0,44,4594092.931355636,6922965.179892279,9679013
0,0,45,4596495.558213405,6915508.870865717,9667915
0,0,46,4596145.282859549,6889128.22095855,9656713
0,0,47,4598303.972469011,6969359.096592,9645351
0,0,48,4597435.539116714,6862196.176123914,9633779
0,0,49,4600285.786457574,6919265.06696761,9622114
0,0,50,4603422.364332431,6956635.878317804,9610452
0,0,51,4604984.04850184,7002429.230824795,9598607
0,0,52,4603439.259604193,6821265.715159426,9586607
0,0,53,4603692.343573919,6854750.646920452,9574608
0,0,54,4606962.147305835,6961470.697574219,9562482
0,0,55,4604927.215188975,6894374.025274832,9550007
0,0,56,4606983.522785409,6958433.803830296,9537541
0,0,57,4608979.974856338,6995841.668341234,9525198
0,0,58,4611292.291352976,6992883.215718838,9512831
0,0,59,4608399.720804246,6949007.256972469,9500223
0,0,60,4606572.105684116,6828640.24174816,9487532
0,0,61,4609815.219814708,6935258.568466685,9474660
0,0,62,4610283.126781964,6918928.737954889,9461967
0,0,63,4611946.862188775,6950581.744909327,9449139
0,0,64,4611304.095098633,6902445.877745911,9436054
0,0,65,4612926.084799472,6918548.603444597,9423087
0,0,66,4611783.547332194,6891286.952485771,9409918
0,0,67,4606568.780433399,6690579.154128019,9396861
0,0,68,4610314.818539742,6807722.078981502,9383633
0,0,69,4614739.679895306,6937164.409336718,9370436
0,0,70,4615455.06148968,6961256.175055582,9356785
0,0,71,4610966.723559679,6809687.872369808,9343100
0,0,72,4613589.566265936,6972005.869051925,9329385
0,0,73,4614115.917350237,6974652.159848101,9315924
0,0,74,4614054.795758072,6951835.980315937,9302352
0,0,75,4612732.472533369,6845762.61595244,9288722
0,0,76,4612863.798734702,6898320.695077579,9274819
0,0,77,4614157.575109361,6934407.062846693,9260969
0,0,78,4610327.152816148,6780222.330449838,9247136
0,0,79,4609319.673561437,6792122.161410967,9233379
0,0,80,4610516.065767165,6873094.986773164,9219385
0,0,81,4610462.976260237,6849316.770313108,9205568
0,0,82,4610487.552680353,6844215.673312623,9191429
0,0,83,4610065.657617236,6768398.267267422,9177404
0,0,84,4613330.924259879,6906288.381562099,9163254
0,0,85,4608160.151558847,6767482.308269753,9149219
0,0,86,4611844.441417431,6883830.582047025,9135012
0,0,87,4609401.698425245,6788765.746235704,9120827
0,0,88,4612639.710737785,6837309.910049436,9106592
0,0,89,4613380.578517066,6904700.540927014,9092187
0,0,90,4610075.338125117,6757712.705357817,9077836
0,0,91,4608531.58061986,6659968.044684378,9063479
0,0,92,4610065.863017049,6789349.053041007,9048901
0,0,93,4609970.648427621,6753270.51401535,9034373
0,0,94,4608947.463866978,6814496.60799293,9019718
0,0,95,4607371.625533365,6813294.398695107,9005201
0,0,96,4608394.033690061,6767452.70013158,8990785
0,0,97,4610345.636160769,6844641.196026804,8976170
0,0,98,4607436.944706429,6695398.297472899,8961419
0,0,99,4609247.310804816,6887591.285228916,8946571
0,0,100,4607230.730309701,6694988.277054657,8931986
0,0,101,4605040.719817089,6602977.08075324,8917197
0,0,102,4608180.485974513,6828937.98897803,8902410
0,0,103,4610705.368397264,6820776.191582606,8887716
0,0,104,4610445.361647801,6909894.214465348,8872604
0,0,105,4610225.593805235,6829615.568241238,8857728
0,0,106,4607376.964559464,6635907.330387849,8842812
0,0,107,4608964.906241237,6805432.943466411,8827785
0,0,108,4612311.032308258,6864966.026653932,8812652
0,0,109,4604285.914720397,6583946.802765577,8797772
0,0,110,4605650.779595556,6738780.647313224,8782714
0,0,111,4606865.861044507,6641489.735678685,8767588
0,0,112,4607037.524340654,6785040.915885194,8752528
0,0,113,4608352.929970424,6737382.406887202,8737483
0,0,114,4606533.547434807,6642297.339087377,8722258
0,0,115,4608762.18762055,6644705.957071055,8707245
0,0,116,4607926.652529798,6648840.659770254,8691956
0,0,117,4606376.373850585,6697731.123806848,8676673
0,0,118,4604828.946562325,6626030.580487485,8661411
0,0,119,4604109.903379146,6568355.491186428,8646082
0,0,120,4609606.861952637,6716538.490431223,8630885
0,0,121,4605999.343832925,6581009.191984089,8615511
0,0,122,4605078.502898711,6607211.814674724,8599978
0,0,123,4606992.558423895,6585425.907738052,8584591
0,0,124,4608824.801665744,6652526.947051843,8569060
0,0,125,4605826.316593892,6618491.379218189,8553391
0,0,126,4605481.667965397,6640883.500024279,8537935
0,0,127,4605542.351426463,6591225.175728031,8522435
0,0,128,4607292.450729513,6572212.914669702,8506814
0,0,129,4605213.680930571,6516467.484814652,8491016
0,0,130,4606160.498295775,6593962.359518956,8475478
0,0,131,4608985.689190123,6588375.053557341,8460156
0,0,132,4608908.481586964,6570651.598986913,8444557
0,0,133,4606562.221894136,6526428.089438792,8429008
0,0,134,4610834.395592969,6680155.786693514,8413317
0,0,135,4610034.551719986,6604777.379391607,8397515
0,0,136,4612041.002012053,6701663.445836479,8381720
0,0,137,4606822.506704408,6473467.290410932,8366010
0,0,138,4610927.336804584,6616520.794687895,8350240
0,0,139,4611622.505777195,6668702.631126558,8334587
0,0,140,4609797.759083299,6538406.684446201,8318563
0,0,141,4608246.416571293,6452034.456446745,8302755
0,0,142,4612239.945396673,6657154.202688095,8287322
0,0,143,4608497.25785675,6519095.212969268,8271332
0,0,144,4608557.947733773,6571266.968334428,8255498
0,0,145,4610757.610703892,6570884.704111666,8239557
0,0,146,4608535.610407626,6485682.754823925,8223751
0,0,147,4611467.980672536,6579602.643941153,8207953
0,0,148,4609985.486924058,6511940.316107688,8191932
0,0,149,4612462.956745013,6492815.160725005,8175879
0,0,150,4617453.182753297,6668765.83129683,8160037
0,0,151,4612075.771607889,6501122.004465247,8143895
0,0,152,4615612.724628305,6594981.841134756,8127551
0,0,153,4614179.039366663,6531875.668924818,8111671
0,0,154,4613420.1282858,6440680.570182458,8095824
0,0,155,4615813.029464256,6516923.854762222,8079442
0,0,156,4616704.326469239,6590865.290851496,8063506
0,0,157,4617488.044392698,6456552.049665033,8047227
0,0,158,4618827.284027088,6562044.504495606,8031368
0,0,159,4619599.076278267,6547106.078202743,8015056
0,0,160,4623967.371324064,6610026.411796788,7999023
0,0,161,4621958.037556203,6512315.467162451,7982756
0,0,162,4622038.978955743,6533491.302866002,7966326
0,0,163,4621403.721182806,6440228.028827345,7950049
0,0,164,4622191.935759378,6518579.486748328,7933844
0,0,165,4622345.425568218,6506865.9121307,7917429
0,0,166,4622489.831939388,6428255.19049284,7901281
0,0,167,4627401.773131769,6496624.315708479,7885005
0,0,168,4627179.66092403,6437341.03099432,7868585
0,0,169,4629290.265729339,6526324.1007854,7852197
0,0,170,4630465.646446576,6488910.21933595,7835722
0,0,171,4630078.044932511,6436860.24463042,7819009
0,0,172,4629586.967504457,6429824.935834661,7802487
0,0,173,4631795.923643373,6491597.801250963,7785931
0,0,174,4635168.646367631,6508030.645286875,7769768
0,0,175,4633661.643625783,6426666.396553057,7753493
0,0,176,4635923.823581506,6504086.288776664,7736848
0,0,177,4640190.201966878,6538954.640415768,7720336
0,0,178,4639640.107529818,6480288.259267963,7704276
0,0,179,4641373.370352276,6379268.294865827,7687637
0,0,180,4646697.799437782,6547837.946608917,7671170
0,0,181,4646023.985922283,6497831.261552369,7654677
0,0,182,4645429.651296262,6393325.725371776,7638157
0,0,183,4646413.441679655,6389915.890509411,7621504
0,0,184,4650083.89917738,6422515.788575572,7604927
0,0,185,4651429.970061844,6445747.516478278,7588255
0,0,186,4653031.341604073,6381995.931942769,7571793
0,0,187,4660556.32312256,6527948.258155212,7555102
0,0,188,4661821.821141481,6528148.901274175,7538451
0,0,189,4664801.735994049,6486748.459287683,7521763
0,0,190,4663158.254357824,6365374.759540593,7505087
0,0,191,4664994.661556887,6380115.811701799,7488252
0,0,192,4669945.189108901,6440623.290106799,7471727
0,0,193,4671696.430038705,6455372.79230136,7454977
0,0,194,4677529.248077497,6570300.131531158,7438153
0,0,195,4675931.774687978,6393535.991074383,7421435
0,0,196,4683535.090585544,6551235.9115291,7404725
0,0,197,4685434.212752492,6543570.766617961,7387891
0,0,198,4685432.855929848,6392059.203666635,7370720
0,0,199,4688915.770468217,6466606.934333328,7353735
0,0,200,4691596.529205999,6390005.167243751,7336736
0,0,201,4696132.597423291,6466594.551085222,7319975
0,0,202,4698205.115885345,6494329.300986961,7302837
0,0,203,4705160.996521788,6580377.886078924,7286226
0,0,204,4706169.972182408,6489231.947751211,7269383
0,0,205,4709050.576451837,6461899.338039109,7252385
0,0,206,4712533.691646778,6432262.546199992,7235359
0,0,207,4716999.946497912,6506550.150836851,7218221
0,0,208,4721622.047910264,6449389.634445731,7201454
0,0,209,4724596.616595531,6443202.274544985,7184324
0,0,210,4730257.632523095,6526114.046265508,7167454
0,0,211,4733548.819097376,6458692.557047529,7150369
0,0,212,4734298.149596836,6367508.831644136,7133248
0,0,213,4739100.487496632,6353188.829448582,7116139
0,0,214,4744285.237949431,6418091.253312629,7098960
0,0,215,4753109.957456079,6496985.972808133,7081697
0,0,216,4759825.024421507,6571770.232451421,7064432
0,0,217,4761656.80050155,6434068.152447293,7047224
0,0,218,4765594.331577206,6436831.524267929,7029860
0,0,219,4771061.493050117,6476641.784111021,7012700
0,0,220,4778492.351735543,6553591.465643139,6995178
0,0,221,4786371.07746933,6580984.729583824,6977967
0,0,222,4791544.519069427,6562435.330145082,6960468
0,0,223,4797553.040741685,6548824.68970372,6943080
0,0,224,4802988.513646495,6523945.094581589,6925687
0,0,225,4810709.53800592,6549861.226039192,6908232
0,0,226,4815418.766455601,6565837.929580298,6890481
0,0,227,4823900.922029361,6569194.575735136,6873453
0,0,228,4831798.424576059,6575584.578135411,6855889
0,0,229,4838413.127733743,6579934.675220789,6838389
0,0,230,4843077.750902412,6492432.945776035,6820418
0,0,231,4853397.590295047,6577720.358455447,6802932
0,0,232,4862939.679755899,6654296.803454419,6785493
0,0,233,4870494.784937419,6569270.004103095,6767771
0,0,234,4881672.870198552,6685940.987461892,6749988
0,0,235,4888473.886595878,6677735.578128515,6732100
0,0,236,4895596.37679784,6636485.507716359,6714014
0,0,237,4902457.143422431,6567344.976967116,6696128
0,0,238,4911918.738998342,6645956.53914124,6678179
0,0,239,4920045.128094683,6612950.597233174,6660222
0,0,240,4932152.093367815,6674290.442280886,6642470
0,0,241,4941509.789655453,6710815.878441481,6624526
0,0,242,4948918.565673348,6651970.317649456,6606327
0,0,243,4959891.578204043,6688040.007094713,6588291
0,0,244,4971403.054574602,6725822.913477042,6570502
0,0,245,4981572.831382017,6756740.298093003,6552306
0,0,246,4991754.502008414,6763160.08016404,6534042
0,0,247,5002964.267811424,6769827.4084593,6515906
0,0,248,5016239.121245261,6846746.898657427,6497640
0,0,249,5028818.4189371,6886581.388794717,6479579
0,0,250,5036484.804143586,6744828.903044513,6461014
0,0,251,5047905.642489555,6753308.191308138,6442783
0,0,252,5062170.853590402,6825406.430445503,6424332
0,0,253,5076805.702847132,6879075.862557848,6406088
0,0,254,5088987.578079143,6877116.986074473,6387648
0,0,255,5100508.360196939,6833903.677991012,6369052
0,0,256,5115596.799476366,6945323.694318043,6350768
0,0,257,5131036.329068354,6959468.954592521,6332190
0,0,258,5146844.838933864,7039613.132757272,6313735
0,0,259,5159666.889639612,7005224.242995368,6295056
0,0,260,5177381.508385392,7084890.933320647,6276417
0,0,261,5188847.081932206,6994020.134697625,6257712
0,0,262,5207888.70463399,7043587.655114464,6238928
0,0,263,5225083.360858519,7048976.471914112,6220260
0,0,264,5239860.782033953,7093962.10067714,6201309
0,0,265,5259038.271435559,7213933.253142968,6182334
0,0,266,5271219.231216587,7085683.57688663,6163376
0,0,267,5291014.775119749,7199797.306900721,6144357
0,0,268,5307599.15910013,7246298.396149322,6125343
0,0,269,5325944.407645234,7284803.291454468,6106499
0,0,270,5342473.791266017,7333711.655553205,6086868
0,0,271,5363801.988128469,7423404.562950545,6067709
0,0,272,5384320.881142166,7429361.176812848,6048246
0,0,273,5408230.156914748,7474457.122616202,6028898
0,0,274,5436128.103456446,7538873.510914742,6009613
0,0,275,5463355.819698278,7498393.925875936,5989912
0,0,276,5499325.075040965,7662444.945543688,5970460
0,0,277,5534992.073222717,7770574.697508922,5950810
0,0,278,5564829.196936005,7717868.815668397,5931157
0,0,279,5601002.755556691,7861948.613368242,5910986
0,0,280,5634603.336901864,7901710.063213748,5891256
0,0,281,5665848.86322835,7973428.774457229,5871079
0,0,282,5699597.404146709,8097163.513089987,5850989
0,0,283,5732406.844662739,8185233.061580833,5830792
0,0,284,5762004.298322313,8264327.261801893,5810435
0,0,285,5793474.023691086,8327607.903709158,5789991
0,0,286,5825007.66585853,8398843.052298099,5769284
0,0,287,5856234.468662322,8430330.405321026,5748481
0,0,288,5892198.964066642,8556828.591647776,5727803
0,0,289,5929915.55129778,8651199.938754801,5706704
0,0,290,5972067.000116098,8748116.797607535,5685503
0,0,291,6020382.499407078,8899563.431920119,5664322
0,0,292,6069741.952184361,8970415.395634975,5643013
0,0,293,6125771.730451782,9128335.065367993,5621257
0,0,294,6189021.302238069,9269718.574444585,5599807
0,0,295,6257087.953714959,9498679.197777582,5577931
0,0,296,6328264.754614364,9671951.991030158,5556020
0,0,297,6401878.842505425,9830711.365787089,5533718
0,0,298,6479487.960464958,10019182.12418001,5511231
0,0,299,6556533.543626452,10174231.41318436,5489825
