# mesh name: boxMesh_1
# primitive scorer name: doseScorer
# iX, iY, iZ, total(value) [MeV], total(val^2), entry
0,0,0,4191919.80087981,5341933.078509307,10000000
0,0,1,4283842.522808304,5754724.716744542,9998987
0,0,2,4313549.186265627,6094693.569182725,9996990
0,0,3,4334393.642948881,6195273.585616574,9994487
0,0,4,4354219.440403717,6305478.083869386,9991436
0,0,5,4367940.975656234,6319793.951354941,9988115
0,0,6,4380681.664809828,6334319.27287636,9984534
0,0,7,4395255.95053157,6509260.433933926,9980517
0,0,8,4406698.824434389,6522199.334617239,9976132
0,0,9,4419077.605327536,6586856.549182168,9971510
0,0,10,4427167.595301964,6562843.404648367,9966752
0,0,11,4437697.234238833,6604396.582629227,9961603
0,0,12,4446749.150312808,6682090.365054304,9956241
0,0,13,4452282.706777723,6603260.261478698,9950579
0,0,14,4463398.75928387,6701903.933006624,9944835
0,0,15,4469058.679910856,6734319.740874426,9938542
0,0,16,4478564.859725926,6824085.972059651,9932081
0,0,17,4484342.681631847,6911168.071240522,9925491
0,0,18,4485385.875620503,6728484.101186591,9918713
0,0,19,4493894.284560317,6821155.734609501,9911817
0,0,20,4500169.582248585,6835379.784957618,9904578
0,0,21,4500962.283922113,6672833.683410218,9897382
0,0,22,4508376.02041454,6913600.474120205,9889814
0,0,23,4513489.320485511,6867991.863364571,9881960
0,0,24,4516166.691174565,6742323.225871263,9874179
0,0,25,4520413.204036661,6757488.465802109,9866016
0,0,26,4525038.909487662,6791343.476531535,9857721
0,0,27,4532631.356736523,6975494.108903069,9849164
0,0,28,4531505.521343685,6785775.325990736,9840470
0,0,29,4535783.679441852,6864925.747229325,9831671
0,0,30,4541334.809920965,6975750.901055491,9822837
0,0,31,4540432.561676158,6774899.189421363,9813815
0,0,32,4544002.06391907,6952461.733027944,9804397
0,0,33,4546541.274942173,6880360.879856674,9794886
0,0,34,4547862.286736167,6864292.028140617,9785111
0,0,35,4547034.420934418,6784792.38377916,9775320
0,0,36,4552888.927582696,6912651.244416576,9765463
0,0,37,4556740.755629926,6977682.851295797,9755215
0,0,38,4555987.178159833,6813897.519242404,9745105
0,0,39,4560037.712295071,6896021.253204599,9734821
0,0,40,4561305.718597999,6869725.964685135,9724211
0,0,41,4562287.307871863,6865513.847555948,9713597
0,0,42,4565140.623921377,6893688.534313934,9702711
0,0,43,4565854.081046384,6862996.098787787,9691953
0,0,44,4570003.254742762,6959981.372571438,9680756
0,0,45,4571292.0300638,6949317.713312374,9669527
0,0,46,4567555.154618021,6740514.78157632,9658442
0,0,47,4570233.082105134,6859794.516106591,9647205
0,0,48,4570218.669991342,6814775.214469515,9635765
0,0,49,4572099.880680409,6847850.394807461,9624144
0,0,50,4575756.443617252,6930572.816443845,9612532
0,0,51,4576474.489880356,6866225.13071597,9600725
0,0,52,4579311.834418533,6961645.396999287,9589068
0,0,53,4579765.52239312,6971872.006466357,9577046
0,0,54,4578931.452476246,6862315.154177078,9564868
0,0,55,4579340.413309036,6876316.978842389,9552806
0,0,56,4579496.858895115,6861187.373258948,9540503
0,0,57,4582604.728126497,6958760.608672637,9528168
0,0,58,4585879.019925532,7078542.944836881,9515806
0,0,59,4581867.064102948,6910130.430280311,9503153
0,0,60,4579370.015344029,6693926.171479759,9490481
0,0,61,4582785.8297797,6891218.661429731,9477791
0,0,62,4582918.228084158,6883266.685331657,9465217
0,0,63,4585163.650872987,6985412.645081573,9452413
0,0,64,4582575.120949135,6828595.499943505,9439332
0,0,65,4584097.932381928,6854917.918924726,9426578
0,0,66,4584055.039211959,6901838.778696941,9413642
0,0,67,4586232.169082181,6959327.353016143,9400517
0,0,68,4585863.029965095,6936720.839171762,9387093
0,0,69,4584562.567765511,6877599.079228451,9374046
0,0,70,4584548.533628022,6828853.575812155,9360622
0,0,71,4582277.403248217,6829687.670725413,9347196
0,0,72,4582757.27667056,6805358.402504467,9333701
0,0,73,4583692.359668039,6908881.047880159,9320076
0,0,74,4582461.947477719,6882135.466827682,9306459
0,0,75,4581606.71787532,6821659.785587751,9292723
0,0,76,4586139.925373103,6964964.883626506,9278994
0,0,77,4581987.689431462,6821860.325842652,9265264
0,0,78,4582470.843952606,6808459.123635288,9251645
0,0,79,4579857.327057735,6750158.410793399,9237692
0,0,80,4583697.365622504,6875566.929940984,9223972
0,0,81,4583532.962905901,6861079.415620856,9210183
0,0,82,4582999.396607539,6804270.043010919,9196504
0,0,83,4584506.134512622,6881226.904839784,9182345
0,0,84,4585304.356155677,6953299.314328136,9168202
0,0,85,4580466.943332432,6718873.112189285,9154223
0,0,86,4585051.115945986,6854117.640173661,9139949
0,0,87,4580428.696864752,6772271.858332925,9125707
0,0,88,4582322.948175123,6860736.971228835,9111373
0,0,89,4581773.55061721,6868543.774815018,9097059
0,0,90,4582347.385226471,6933904.262409436,9082490
0,0,91,4581423.667794269,6787096.608689445,9068069
0,0,92,4578986.583117763,6720855.277524034,9054006
0,0,93,4578750.92837837,6723224.743058587,9039548
0,0,94,4578229.724409966,6765906.318448527,9024875
0,0,95,4576277.18098017,6786541.069971079,9010096
0,0,96,4576698.223298223,6664179.670435283,8995527
0,0,97,4579731.540053743,6757742.340234978,8980953
0,0,98,4578144.37532793,6781143.510792299,8966320
0,0,99,4579443.158995725,6783778.435966908,8951822
0,0,100,4579296.970418937,6834016.488864838,8937039
0,0,101,4572430.895384382,6580211.853498577,8922514
0,0,102,4575362.19203485,6724746.92414746,8907705
0,0,103,4574337.769902477,6662880.72064387,8892794
0,0,104,4578162.059048551,6775075.912921982,8878044
0,0,105,4578586.802990074,6760173.5655388,8863253
0,0,106,4575579.523585877,6702353.087697851,8848431
0,0,107,4574927.322572378,6720828.258248402,8833623
0,0,108,4577503.939117694,6810317.887211117,8818546
0,0,109,4575544.343995521,6719423.614968378,8803558
0,0,110,4572961.100507716,6705601.168610516,8788582
0,0,111,4574260.548545431,6663358.340971516,8773429
0,0,112,4573422.394876409,6742452.601870749,8758591
0,0,113,4572621.657677017,6639590.462104563,8743489
0,0,114,4571203.333337496,6567172.127510495,8728235
0,0,115,4574164.679117563,6688270.443009637,8713125
0,0,116,4574423.110135363,6652937.647687142,8697971
0,0,117,4571537.792633411,6566875.865826364,8682888
0,0,118,4571706.545866323,6565156.204512774,8667937
0,0,119,4571376.999903249,6575009.635520475,8652745
0,0,120,4576988.530199023,6789234.216229649,8637494
0,0,121,4572834.739272986,6621345.881283144,8622220
0,0,122,4574933.062024621,6692226.414293812,8606783
0,0,123,4573780.075750932,6648711.188939381,8591505
0,0,124,4569595.715672027,6510682.547676898,8576065
0,0,125,4569275.949770559,6552619.407238472,8560828
0,0,126,4569421.692908284,6536144.822826858,8545617
0,0,127,4568977.294703051,6524595.090764555,8530176
0,0,128,4572897.769994389,6683745.390521998,8514834
0,0,129,4572448.299327725,6661192.304240257,8499294
0,0,130,4569449.125402974,6506868.73332934,8483886
0,0,131,4572167.633044785,6602598.138903847,8468701
0,0,132,4568412.314549096,6485960.600189348,8453139
0,0,133,4571535.978661785,6639565.037704273,8437717
0,0,134,4570276.046692455,6482799.249409581,8422163
0,0,135,4573627.23883331,6609730.539070524,8406441
0,0,136,4570536.032570177,6463300.423104202,8390962
0,0,137,4570245.060000556,6506202.935522772,8375161
0,0,138,4572986.504094125,6512807.088748326,8359441
0,0,139,4574879.255506639,6604122.88754086,8344005
0,0,140,4571682.563085198,6510627.688676387,8328167
0,0,141,4570803.689713337,6524228.284931835,8312390
0,0,142,4570441.306295614,6511342.066316294,8296603
0,0,143,4574426.623493313,6612869.345473189,8280722
0,0,144,4571244.536647016,6495009.30353786,8265049
0,0,145,4571789.718756237,6508735.021437878,8248781
0,0,146,4572898.690548311,6515507.047250714,8233104
0,0,147,4575799.251098618,6592456.248840026,8217420
0,0,148,4573061.390361674,6504746.441430821,8201412
0,0,149,4571108.135810059,6428340.891747545,8185332
0,0,150,4576145.445728497,6570018.602462091,8169486
0,0,151,4575381.439362972,6611644.371931879,8153354
0,0,152,4573297.186473782,6482116.434212706,8137241
0,0,153,4574221.202711917,6519611.413362323,8121315
0,0,154,4575657.16656732,6574268.401051147,8105298
0,0,155,4573594.35667235,6448202.72463486,8089496
0,0,156,4572283.798435049,6371821.788827932,8073708
0,0,157,4575225.890831059,6416423.968303187,8057595
0,0,158,4573952.833664035,6420264.135575273,8041669
0,0,159,4573900.865968863,6361653.227148687,8025831
0,0,160,4580487.557461883,6619540.930189844,8009957
0,0,161,4579357.375526188,6453143.684571293,7993981
0,0,162,4578903.437624143,6459165.467291186,7977718
0,0,163,4582801.640831959,6541069.072873426,7961480
0,0,164,4579650.016773505,6403635.259043887,7945333
0,0,165,4582106.313270039,6445323.548329499,7929277
0,0,166,4583925.226140492,6512990.351032943,7913106
0,0,167,4584110.070777235,6530528.538070793,7896966
0,0,168,4583579.240023004,6450618.737444066,7880753
0,0,169,4581571.075370688,6363933.181717236,7864375
0,0,170,4585420.814704664,6545506.034375198,7848079
0,0,171,4585679.610278307,6437403.101118614,7831783
0,0,172,4586290.469596492,6380128.105746624,7815666
0,0,173,4585908.075617615,6390145.631639008,7799494
0,0,174,4590775.324204337,6458493.864818813,7783208
0,0,175,4591592.954368276,6513592.493476793,7767024
0,0,176,4591597.927982599,6473089.276661861,7750423
0,0,177,4591709.761431624,6385080.7993714,7734264
0,0,178,4593267.61210468,6421295.931613756,7717890
0,0,179,4595434.445119241,6427049.481458126,7701405
0,0,180,4595627.332796151,6383070.024289174,7685046
0,0,181,4598462.130307857,6395086.172259061,7668637
0,0,182,4598424.665222444,6313918.830441428,7652394
0,0,183,4602650.722525763,6463246.652818315,7635899
0,0,184,4604813.323738502,6478701.299454821,7619550
0,0,185,4604395.347307722,6366301.527415134,7603131
0,0,186,4605281.125023376,6386158.788361892,7586566
0,0,187,4608728.916423278,6396177.469264518,7569890
0,0,188,4611309.700059313,6444646.249658243,7553267
0,0,189,4614233.680543113,6494041.141615694,7536678
0,0,190,4614993.682190675,6373707.116920133,7520140
0,0,191,4613678.050138076,6335197.29736126,7503342
0,0,192,4615870.678469676,6361456.278458681,7486822
0,0,193,4619681.997381547,6374156.274565514,7470069
0,0,194,4623007.973103438,6407304.228779231,7453441
0,0,195,4624682.748665736,6383035.363596195,7436765
0,0,196,4629333.421076227,6445879.84084719,7419924
0,0,197,4630985.586343636,6435014.926295244,7403340
0,0,198,4634649.942365756,6520095.884755714,7386573
0,0,199,4636104.214087721,6406903.806559967,7369848
0,0,200,4638444.623250663,6452148.742500887,7353184
0,0,201,4638250.497687615,6307699.441480129,7336264
0,0,202,4646120.937948041,6480515.154701369,7319561
0,0,203,4647391.039546179,6397594.442652822,7302587
0,0,204,4649829.361399644,6406623.106121389,7285718
0,0,205,4651262.273304853,6388057.685960517,7268972
0,0,206,4652791.300084742,6331567.518866748,7252238
0,0,207,4656066.07630491,6418299.135702522,7235352
0,0,208,4659358.408454731,6379708.912405674,7218233
0,0,209,4665725.597829115,6479936.85489429,7201355
0,0,210,4665874.157041144,6432476.205085108,7184145
0,0,211,4668182.02362063,6309627.149184863,7167266
0,0,212,4671864.465500027,6338902.625745081,7150389
0,0,213,4676518.91222406,6376962.515953265,7133580
0,0,214,4683146.198551975,6472653.181387004,7116394
0,0,215,4686619.79040657,6423807.764242892,7099433
0,0,216,4691277.316880051,6375578.420663109,7082574
0,0,217,4696740.33325226,6437254.934819185,7065577
0,0,218,4699917.02854075,6395190.507958995,7048568
0,0,219,4701594.887102717,6351961.05299503,7031440
0,0,220,4707847.129562778,6423859.428659905,7014207
0,0,221,4716062.369059223,6454818.694663923,6997296
0,0,222,4718964.230264765,6462295.079025464,6980131
0,0,223,4724725.689965049,6447557.863281983,6963055
0,0,224,4729988.402958782,6461448.753173731,6945804
0,0,225,4736141.560328931,6512299.19010835,6928578
0,0,226,4741813.812422307,6444122.241515262,6911432
0,0,227,4746426.504994488,6437240.697919267,6894145
0,0,228,4753654.790678928,6477061.301538799,6876663
0,0,229,4760886.820893057,6514501.013942751,6859276
0,0,230,4767083.918809028,6515921.307737635,6841981
0,0,231,4769811.630206779,6396832.722090334,6824468
0,0,232,4782105.456292517,6549720.597955055,6807004
0,0,233,4787252.173983285,6499202.511312509,6789605
0,0,234,4794350.092637528,6524259.030013449,6771955
0,0,235,4800461.780610669,6482134.810973005,6754549
0,0,236,4807910.978757431,6515766.868737144,6736852
0,0,237,4818788.452548908,6611893.46608994,6719537
0,0,238,4824793.072735971,6512712.268491052,6701653
0,0,239,4831967.918829124,6494299.661775145,6684292
0,0,240,4841329.256009636,6554433.181071002,6666666
0,0,241,4850301.701108253,6558994.924951903,6649039
0,0,242,4858964.38332456,6582108.950114705,6631362
0,0,243,4865626.870368684,6534735.07838421,6613674
0,0,244,4875897.873191464,6557944.519446693,6595843
0,0,245,4887030.915790161,6632042.417147005,6578404
0,0,246,4895394.85043765,6596132.942991443,6560576
0,0,247,4904538.230521335,6580907.751392968,6542671
0,0,248,4913654.206702959,6615602.477682084,6524734
0,0,249,4924085.651046203,6588443.10435342,6506923
0,0,250,4934053.650460967,6562772.480726471,6489044
0,0,251,4944032.530516532,6559847.329213155,6471298
0,0,252,4957165.657268817,6660745.720252922,6453233
0,0,253,4967850.862117815,6645609.11671029,6435134
0,0,254,4982372.386435848,6781596.649916392,6417129
0,0,255,4993424.201532814,6700791.564498501,6399225
0,0,256,5005830.082212958,6785173.917990237,6381334
0,0,257,5018615.484765367,6784780.005742722,6363074
0,0,258,5033476.467072248,6841268.398773726,6344842
0,0,259,5046456.063413733,6853721.823577014,6326532
0,0,260,5059146.465015451,6866518.166325673,6308112
0,0,261,5072955.861283622,6956422.243154733,6289683
0,0,262,5083257.228480583,6827567.734295189,6271291
0,0,263,5101072.053011205,6958423.361992689,6252857
0,0,264,5114074.074299223,6948254.11467162,6234222
0,0,265,5130260.674062773,6974172.136063554,6215659
0,0,266,5144888.060624153,6986251.04326567,6196821
0,0,267,5160209.408201248,6972719.165163945,6178407
0,0,268,5177156.860988693,6995080.365772339,6159630
0,0,269,5195239.42745955,7062727.950763331,6140884
0,0,270,5213538.918246931,7166600.857671114,6122084
0,0,271,5229153.701370926,7172331.025290716,6103194
0,0,272,5244391.941610331,7156115.623239663,6084100
0,0,273,5260229.600281555,7190369.657934549,6065196
0,0,274,5279191.100046165,7292562.981169592,6046174
0,0,275,5295507.18476212,7277150.100622783,6027047
0,0,276,5314038.66412005,7264336.185363812,6008140
0,0,277,5337919.059383605,7401000.376071164,5988830
0,0,278,5359241.989904146,7365752.369755993,5969328
0,0,279,5388990.682934939,7486962.654806142,5950190
0,0,280,5418418.701276426,7510211.23967199,5930564
0,0,281,5449336.33115872,7547112.233920551,5910795
0,0,282,5482459.691555111,7616601.38547268,5891111
0,0,283,5517420.867069673,7677993.020876786,5871683
0,0,284,5553664.26508137,7878127.157695599,5851687
0,0,285,5583845.082220801,7865286.274527876,5831564
0,0,286,5616870.093440451,7888545.949218284,5811765
0,0,287,5652081.339760132,8070912.715291789,5791942
0,0,288,5679091.708602678,8070045.401135508,5771642
0,0,289,5709661.999865837,8158880.391829514,5751242
0,0,290,5737686.992897066,8172608.800923362,5731102
0,0,291,5772403.969313892,8297529.751179658,5710686
0,0,292,5803945.264155139,8361834.17182406,5690269
0,0,293,5840036.181862926,8479487.159590216,5669656
0,0,294,5878201.016458211,8559298.661020065,5649285
0,0,295,5921145.913250137,8667157.025396282,5628083
0,0,296,5966651.779597623,8796835.189700684,5606965
0,0,297,6017355.790971904,8924435.445049703,5585491
0,0,298,6070628.260975831,8996323.823371883,5564162
0,0,299,6128599.955875301,9136208.220047489,5544003
