# mesh name: boxMesh_1
# primitive scorer name: doseScorer
# iX, iY, iZ, total(value) [MeV], total(val^2), entry
0,0,0,4169662.720055299,5320269.267901214,10000000
0,0,1,4262038.89348097,5742569.718843782,9998980
0,0,2,4292583.014145342,6098439.386210974,9997020
0,0,3,4311753.072619219,6133945.887642372,9994506
0,0,4,4331961.884096144,6288502.615641,9991523
0,0,5,4347027.521695368,6362600.493320518,9988268
0,0,6,4358847.516962963,6325266.440609542,9984678
0,0,7,4372565.801762785,6471149.8896576,9980706
0,0,8,4385399.815477889,6530128.820820568,9976422
0,0,9,4397223.342501598,6624475.057332562,9971824
0,0,10,4405117.317991383,6516335.012364091,9967063
0,0,11,4414741.337035829,6565524.515761841,9961896
0,0,12,4424350.809552215,6679977.845786546,9956602
0,0,13,4430431.793741998,6586410.68584559,9950989
0,0,14,4440587.583431169,6627890.951220544,9945333
0,0,15,4447658.371699141,6795222.472411671,9939107
0,0,16,4454108.310872038,6774954.11325394,9932566
0,0,17,4461824.706970544,6847668.887541713,9925998
0,0,18,4463046.275669117,6735158.395876696,9919273
0,0,19,4470570.718390701,6789124.304886784,9912481
0,0,20,4475711.583377632,6755961.107063445,9905239
0,0,21,4478896.318369616,6689687.474695267,9898013
0,0,22,4483180.761924888,6813306.944352073,9890693
0,0,23,4487334.580601569,6782562.381675355,9882841
0,0,24,4491430.992424074,6764407.618819602,9874998
0,0,25,4496293.270942693,6823433.100263523,9867018
0,0,26,4502510.574569032,6912938.273164183,9858845
0,0,27,4506232.02467935,6933223.227374522,9850462
0,0,28,4506519.529820656,6757965.486191308,9841719
0,0,29,4509608.909202971,6773370.5850269,9833023
0,0,30,4515717.961340615,6898040.061358536,9824309
0,0,31,4518651.826786934,6804181.415444574,9815350
0,0,32,4520781.109350353,6877752.761378281,9806118
0,0,33,4522684.327798029,6821406.554951335,9796553
0,0,34,4523392.247592038,6855191.29153582,9786849
0,0,35,4523704.857137796,6771569.089383266,9777118
0,0,36,4529091.800275633,6857575.165188578,9767177
0,0,37,4531893.293231593,6907889.964715449,9757112
0,0,38,4533423.290959928,6819089.520002699,9746926
0,0,39,4534624.383911503,6827062.440686857,9736535
0,0,40,4535706.80538695,6844452.169344655,9726157
0,0,41,4538531.239013669,6851479.177021151,9715642
0,0,42,4540373.285157072,6859358.903946875,9704841
0,0,43,4543832.914105818,6931646.051873812,9694113
0,0,44,4545958.626893309,6891982.551808592,9682999
0,0,45,4545133.275267407,6886155.524228032,9671869
0,0,46,4544832.495436934,6832950.924374004,9660813
0,0,47,4545679.126796808,6838682.293360356,9649623
0,0,48,4544207.332844288,6803550.747833475,9637886
0,0,49,4546157.734351879,6851503.056528315,9626356
0,0,50,4549005.621738004,6935304.953375234,9614778
0,0,51,4548008.89920246,6798732.61856802,9603049
0,0,52,4551203.795614826,6906830.018245096,9591319
0,0,53,4550746.708275032,6878751.194593508,9579450
0,0,54,4553219.181442082,6890162.057173202,9567402
0,0,55,4550888.573252852,6804450.08892709,9555182
0,0,56,4553468.172426851,6864443.93216153,9543177
0,0,57,4557547.703031689,6968481.545401765,9530885
0,0,58,4558770.441720326,7037803.533389076,9518510
0,0,59,4556813.511270761,6913555.63981957,9506066
0,0,60,4553722.430269002,6788877.578799453,9493332
0,0,61,4552762.441969083,6714390.255696734,9480822
0,0,62,4557196.648189852,6860292.689688442,9468178
0,0,63,4555998.435499081,6838975.370319473,9455575
0,0,64,4557353.207593204,6905005.976563805,9442628
0,0,65,4556377.8884404,6880586.043785808,9429726
0,0,66,4556416.906550339,6815023.671273686,9417107
0,0,67,4556304.07562083,6826958.039473847,9403919
0,0,68,4556428.184039254,6840632.836561668,9390609
0,0,69,4558919.48643037,6894860.223041315,9377553
0,0,70,4556793.465151493,6793168.839240624,9364175
0,0,71,4559958.0942275,6997762.272021865,9350937
0,0,72,4555855.404686831,6823782.758545052,9337357
0,0,73,4558698.7375574,6962785.040886766,9323730
0,0,74,4557278.672044957,6890184.026984263,9310161
0,0,75,4554224.255743111,6726534.65415126,9296771
0,0,76,4555024.674265551,6791228.090809224,9282969
0,0,77,4557166.679028019,6991595.171074954,9269324
0,0,78,4555225.31322445,6783426.513127726,9255517
0,0,79,4550079.573800789,6719408.755863333,9241924
0,0,80,4552829.857707802,6780574.655779121,9228079
0,0,81,4556588.196540253,6898228.827385906,9214376
0,0,82,4557094.782721413,6883090.132496461,9200736
0,0,83,4555027.819660693,6833804.945229341,9186686
0,0,84,4557436.959449881,6962479.007827227,9172618
0,0,85,4550154.469868172,6624095.444318339,9158520
0,0,86,4550811.946485146,6803077.387174871,9144564
0,0,87,4551635.12884979,6743787.611947021,9130299
0,0,88,4551968.0205445,6699617.322543779,9116102
0,0,89,4554004.210983971,6909468.68061516,9101850
0,0,90,4548807.553309685,6753946.990241706,9087227
0,0,91,4551461.819055514,6735547.409569456,9072954
0,0,92,4547631.031563294,6655444.404708842,9058416
0,0,93,4548038.627413868,6677608.939336848,9043981
0,0,94,4547274.053656254,6730247.386694392,9029447
0,0,95,4548719.354820913,6823517.862014084,9014827
0,0,96,4545821.236104965,6660804.970660506,9000701
0,0,97,4548583.314182051,6765447.688098486,8985994
0,0,98,4548959.90921754,6738283.678238769,8971295
0,0,99,4548823.946802179,6791516.46197651,8956713
0,0,100,4547875.136345102,6717661.953968631,8942123
0,0,101,4546712.189952115,6726863.767855192,8927344
0,0,102,4545367.33065544,6625353.607172785,8912826
0,0,103,4545275.306558013,6654927.845564052,8897868
0,0,104,4546701.448364178,6763730.292156724,8882791
0,0,105,4544628.726387267,6696122.737633893,8867816
0,0,106,4544657.752477253,6712426.373880995,8853285
0,0,107,4542898.499876436,6678888.783967073,8838377
0,0,108,4542724.388202401,6683203.082905705,8823621
0,0,109,4540463.243396789,6622646.407244077,8808580
0,0,110,4540509.339049762,6630327.02978207,8793642
0,0,111,4543346.221877623,6663118.014432363,8778692
0,0,112,4543982.173233243,6779156.303297792,8763687
0,0,113,4541217.537317322,6619189.679156411,8748817
0,0,114,4539170.51587095,6625176.127918535,8733690
0,0,115,4542145.892771642,6648064.577340319,8718575
0,0,116,4542986.746125509,6725950.035500799,8703521
0,0,117,4537724.223865229,6552241.869831135,8688469
0,0,118,4535828.690183921,6582494.66254069,8673419
0,0,119,4537049.468717821,6573677.084942436,8658345
0,0,120,4539210.517465602,6605340.004220422,8643321
0,0,121,4538139.513631559,6627335.162483739,8627984
0,0,122,4539888.162685869,6666836.763732937,8613031
0,0,123,4539062.799219464,6695310.929743706,8597550
0,0,124,4538144.990831643,6651036.411846722,8582127
0,0,125,4535812.169398131,6617132.983729258,8566889
0,0,126,4535641.051037559,6607027.96252057,8551674
0,0,127,4534245.644270204,6547392.249503769,8536264
0,0,128,4533249.215941355,6480546.22295237,8520712
0,0,129,4531479.195157325,6433326.008961266,8505726
0,0,130,4530269.046505567,6427480.330482572,8490175
0,0,131,4534172.767458919,6554884.027685368,8474690
0,0,132,4534738.061756257,6568481.604757883,8459292
0,0,133,4534987.532609014,6531514.703667145,8443856
0,0,134,4536267.083748542,6569195.554188826,8428200
0,0,135,4539018.479959087,6651982.731618964,8412918
0,0,136,4536171.225052004,6552014.179632532,8397152
0,0,137,4534582.779800245,6522920.500350475,8381438
0,0,138,4534390.994540497,6580172.484290154,8365870
0,0,139,4532854.867446939,6517640.840412058,8350264
0,0,140,4534398.195871047,6524713.30070951,8334607
0,0,141,4533331.780689551,6504034.379857461,8318998
0,0,142,4535412.24835279,6528224.881169966,8303442
0,0,143,4536335.029365723,6544573.739010543,8287664
0,0,144,4535216.338298121,6515188.898273254,8272185
0,0,145,4536816.541072926,6511784.703530984,8256432
0,0,146,4532934.444098739,6469305.245659554,8240687
0,0,147,4534410.230830627,6533400.405496339,8224917
0,0,148,4534598.255175619,6456451.976616626,8209402
0,0,149,4537010.231786979,6540996.792075548,8193632
0,0,150,4537521.076863412,6505440.722919023,8178073
0,0,151,4534591.964096528,6432415.409770605,8162004
0,0,152,4532652.680821096,6380484.531984041,8146184
0,0,153,4534596.93089295,6456663.227771924,8130451
0,0,154,4535930.27199152,6470344.656879416,8114716
0,0,155,4537192.000121112,6549617.746660649,8098645
0,0,156,4537835.456088754,6509794.908472874,8082868
0,0,157,4535972.965276731,6398471.068588603,8066993
0,0,158,4534818.690982767,6401055.95007932,8051191
0,0,159,4534596.717376202,6373539.701452624,8035211
0,0,160,4538641.249028773,6449098.83981663,8019382
0,0,161,4541676.784709722,6589595.565957225,8003542
0,0,162,4537878.336263024,6486191.692254228,7987651
0,0,163,4539423.669086254,6460127.047442298,7971563
0,0,164,4536028.066919705,6391193.493419752,7955724
0,0,165,4537994.338870368,6448208.051325222,7939528
0,0,166,4539502.392743829,6451060.294765625,7923408
0,0,167,4539970.304378265,6468669.614215791,7907161
0,0,168,4539051.516535732,6378276.297461564,7891160
0,0,169,4542756.238027615,6472636.578845114,7874987
0,0,170,4541280.066997482,6374593.628544362,7858728
0,0,171,4544501.18212819,6512420.660157068,7842753
0,0,172,4540508.173080297,6312939.882426195,7826323
0,0,173,4540409.703492768,6289891.569409633,7809957
0,0,174,4542520.889667442,6276738.563503828,7793880
0,0,175,4549237.093323239,6486214.021493321,7777477
0,0,176,4546854.03891403,6418819.881165233,7761148
0,0,177,4546652.268780058,6418474.127159956,7744784
0,0,178,4547214.648555527,6357044.655537428,7728408
0,0,179,4548278.951833471,6356096.32786258,7712114
0,0,180,4549305.286524999,6396330.607062602,7695871
0,0,181,4550196.344388939,6388337.339387805,7679815
0,0,182,4549062.059017211,6276338.791237834,7663258
0,0,183,4554279.29043858,6384445.137302268,7647169
0,0,184,4554376.108587587,6322326.206593322,7630738
0,0,185,4556651.472256605,6378169.045423548,7614421
0,0,186,4558606.771836003,6354786.250590848,7598038
0,0,187,4556981.366324563,6337391.044406671,7581413
0,0,188,4562618.393364727,6401361.659987876,7565108
0,0,189,4562841.900117823,6390833.395746,7548637
0,0,190,4563701.831757854,6344486.975127146,7532197
0,0,191,4565567.677959121,6310477.858298033,7515685
0,0,192,4568533.988305682,6420982.996208662,7499218
0,0,193,4568570.464157067,6328178.764823206,7482691
0,0,194,4569557.737027226,6261172.053890466,7466246
0,0,195,4571636.943094546,6291490.669424019,7449754
0,0,196,4574766.890014273,6280293.559770575,7433170
0,0,197,4577736.887647129,6372799.348833319,7416373
0,0,198,4579403.419458005,6329308.300095093,7399748
0,0,199,4581490.783933762,6342460.405732281,7383359
0,0,200,4582036.966139916,6352407.443100468,7366315
0,0,201,4581609.344279277,6232712.97000748,7349982
0,0,202,4586033.472133388,6278606.518651745,7333370
0,0,203,4591268.191611353,6332328.857963951,7316838
0,0,204,4594221.93912698,6357297.077833439,7300155
0,0,205,4595242.03236286,6304252.615516108,7283482
0,0,206,4599315.112369931,6403086.797667832,7266792
0,0,207,4600911.184591858,6396410.315363558,7250176
0,0,208,4603649.026182475,6360021.58123358,7233260
0,0,209,4606729.015818362,6325697.552697146,7216399
0,0,210,4609662.459959091,6354625.400793751,7199574
0,0,211,4613419.040076799,6360223.709018258,7182756
0,0,212,4613388.817222391,6270398.204502759,7166207
0,0,213,4617142.844280947,6342680.795972578,7149216
0,0,214,4618169.303358386,6180458.434987369,7132467
0,0,215,4624046.645401781,6314655.195525267,7115362
0,0,216,4629957.818324539,6387291.290078458,7098536
0,0,217,4635899.640711999,6447284.0862081,7081745
0,0,218,4635916.846443892,6356166.963730976,7064787
0,0,219,4638757.563247588,6282032.582411552,7047381
0,0,220,4642551.385889522,6346297.950839411,7030601
0,0,221,4647001.715948342,6325871.718182261,7013671
0,0,222,4651095.210958112,6295145.116272625,6996618
0,0,223,4658580.5045073,6425372.377003813,6979501
0,0,224,4659944.535782089,6356649.125900213,6962253
0,0,225,4665151.933508554,6333075.619398194,6945289
0,0,226,4667589.786210414,6251090.483209192,6928333
0,0,227,4674020.993287548,6351708.830832819,6911297
0,0,228,4681562.368820021,6405149.877096037,6894308
0,0,229,4686111.411564508,6418712.051224993,6877093
0,0,230,4688082.883408806,6280502.72086932,6860082
0,0,231,4695453.638391812,6401265.474776762,6843022
0,0,232,4704182.318045378,6435929.208681649,6826058
0,0,233,4710635.672392061,6463943.003960222,6808996
0,0,234,4716920.591134766,6434974.824054707,6791821
0,0,235,4723316.877760351,6437079.29280428,6774436
0,0,236,4729150.39695584,6415131.498262756,6757116
0,0,237,4739541.997855736,6579033.249739194,6739816
0,0,238,4741605.871285772,6432741.975725192,6722368
0,0,239,4748794.747926571,6389825.882925999,6704976
0,0,240,4756444.749790698,6458148.232348007,6687430
0,0,241,4762802.342457087,6421766.912403833,6669976
0,0,242,4770841.911457382,6472205.17348692,6652455
0,0,243,4777669.634562303,6398946.412994744,6635146
0,0,244,4785953.877073955,6455466.941745708,6617640
0,0,245,4795363.286081951,6440039.967733818,6600185
0,0,246,4805169.045709495,6527247.906604913,6582449
0,0,247,4815534.572010007,6559194.442553659,6565093
0,0,248,4819084.489725703,6464367.297489956,6547074
0,0,249,4829257.428754466,6511116.958592214,6529198
0,0,250,4839307.930279383,6527671.287937884,6511587
0,0,251,4849468.406408529,6551809.108418159,6493600
0,0,252,4860360.674642425,6616210.726184949,6475912
0,0,253,4868158.463277597,6559268.681731603,6458257
0,0,254,4880685.682454944,6636279.251885817,6440568
0,0,255,4888884.104271507,6618761.123320697,6422721
0,0,256,4899577.929143676,6605702.281281495,6404987
0,0,257,4910821.918255331,6612872.478168885,6387080
0,0,258,4923800.037733921,6684035.062689969,6368977
0,0,259,4935884.545072422,6740550.325915096,6350949
0,0,260,4947560.774244251,6713242.268704121,6333157
0,0,261,4959459.669070166,6759732.071783997,6314689
0,0,262,4969421.017872025,6753702.303339954,6296414
0,0,263,4983984.294736894,6780347.898352733,6278384
0,0,264,4995300.881291295,6769016.346145264,6260453
0,0,265,5005759.892575818,6751194.251667996,6242130
0,0,266,5022292.89364249,6835710.794236694,6223965
0,0,267,5036114.046591915,6866488.531576417,6205825
0,0,268,5051845.228572564,6852893.505114107,6187882
0,0,269,5067515.620342658,6903793.923976667,6169490
0,0,270,5082390.897616297,6910543.701822968,6150699
0,0,271,5097123.431733976,6946556.787845983,6132145
0,0,272,5111505.365708306,6932435.428454066,6113638
0,0,273,5128970.919244941,6958062.20065463,6095340
0,0,274,5143949.105959585,6980828.911586539,6076663
0,0,275,5162111.035051619,7064803.980790526,6057747
0,0,276,5178928.316997699,7131991.58805418,6039200
0,0,277,5191927.845886074,7055370.946890982,6020594
0,0,278,5208873.252734981,7105637.339135765,6001422
0,0,279,5227029.918984124,7186531.076205291,5982892
0,0,280,5246930.537146607,7282798.959581808,5963982
0,0,281,5261658.757874891,7189661.425091338,5945120
0,0,282,5283160.629542629,7224091.869876637,5926085
0,0,283,5308605.01899852,7283651.647232791,5906985
0,0,284,5336300.143724211,7384255.194032095,5887574
0,0,285,5367075.477263378,7403006.096235125,5868529
0,0,286,5402172.163265106,7601271.664582456,5849032
0,0,287,5437769.016413638,7720923.037603697,5829666
0,0,288,5467879.565688431,7659779.320476377,5809902
0,0,289,5501015.596132047,7754199.944146322,5790178
0,0,290,5531054.752897422,7759424.509279638,5769993
0,0,291,5562942.900509476,7849202.686851135,5750120
0,0,292,5593871.867363051,7938374.057580544,5729934
0,0,293,5621158.795011998,7922910.570328465,5709898
0,0,294,5652289.147200989,8043598.466423285,5689762
0,0,295,5681500.652743383,8108832.627615916,5669230
0,0,296,5713984.421880677,8230053.933059079,5649049
0,0,297,5748942.203783359,8398294.200194292,5628762
0,0,298,5782459.318060013,8418398.605145868,5608268
0,0,299,5814902.079443906,8418456.593298089,5588889
