# mesh name: boxMesh_1
# primitive scorer name: doseScorer
# iX, iY, iZ, total(value) [MeV], total(val^2), entry
0,0,0,4147424.362416861,5282434.42984084,10000000
0,0,1,4240595.945212285,5703078.949929821,9998988
0,0,2,4270705.709632393,6058993.403477659,9997048
0,0,3,4289852.990409196,6113038.535227323,9994572
0,0,4,4309354.065167028,6241066.893581888,9991636
0,0,5,4324279.378262633,6280725.277280378,9988410
0,0,6,4336407.729178612,6318227.885684012,9984842
0,0,7,4350653.290325076,6474538.391046169,9980908
0,0,8,4363004.678381143,6502435.565559104,9976628
0,0,9,4374827.501900995,6574780.604343759,9972041
0,0,10,4382236.930968627,6435955.623947955,9967308
0,0,11,4393669.067946594,6574013.484219646,9962187
0,0,12,4402862.675892581,6722908.965218299,9956909
0,0,13,4406995.672277747,6542637.411438023,9951405
0,0,14,4417715.866748809,6668406.24264897,9945682
0,0,15,4425498.140486945,6786477.426934373,9939553
0,0,16,4430954.944955479,6689553.881231352,9933033
0,0,17,4437814.216863845,6798564.354396246,9926588
0,0,18,4439672.690123881,6658991.98467152,9919912
0,0,19,4448046.91788559,6763063.698264936,9913191
0,0,20,4453669.58463772,6758282.642005016,9905989
0,0,21,4457161.299864748,6738826.975936093,9898822
0,0,22,4461283.587007193,6785770.562411894,9891608
0,0,23,4463793.314318864,6719011.60527165,9883680
0,0,24,4468948.505822238,6837320.139641766,9875940
0,0,25,4474576.442066812,6814448.540048305,9867998
0,0,26,4479066.885989079,6837934.851053694,9859810
0,0,27,4483012.730398363,6900877.420995234,9851500
0,0,28,4482988.784521079,6786449.97016834,9842708
0,0,29,4486938.759755081,6799894.747357915,9834127
0,0,30,4492988.35309409,6888935.637687445,9825513
0,0,31,4493891.822285239,6763440.893560217,9816501
0,0,32,4495800.84074316,6893761.048661001,9807333
0,0,33,4497125.650894458,6711121.049780437,9797908
0,0,34,4498208.103014612,6780387.648576221,9788326
0,0,35,4500177.290820246,6759570.400257993,9778510
0,0,36,4507619.668922139,6902628.165539458,9768719
0,0,37,4508075.371551935,6908466.855403787,9758560
0,0,38,4511022.395313125,6898901.657189117,9748500
0,0,39,4507894.210854894,6735944.687484549,9738208
0,0,40,4511626.529244654,6837447.61539709,9727652
0,0,41,4514146.135595228,6851544.339619756,9717062
0,0,42,4513312.521574633,6798525.344690959,9706466
0,0,43,4519049.951980876,6916144.04932816,9695799
0,0,44,4520824.020402184,6930718.269822994,9684712
0,0,45,4521318.074138376,6960713.478500446,9673560
0,0,46,4517045.947289729,6813669.152947321,9662447
0,0,47,4519167.583290408,6800618.585114149,9651438
0,0,48,4519971.797411218,6842756.796767293,9639979
0,0,49,4519147.095688087,6809632.872197298,9628509
0,0,50,4523872.667961565,6877127.370991694,9617129
0,0,51,4525905.717203644,6917385.689386313,9605398
0,0,52,4525987.617288457,6853961.043318702,9593684
0,0,53,4525789.721006108,6893498.140165542,9581846
0,0,54,4527059.240402574,6854276.359804179,9569782
0,0,55,4530081.638391542,7012099.931357341,9557813
0,0,56,4526483.644608164,6772924.907715698,9545577
0,0,57,4532055.633927713,6941647.24548315,9533218
0,0,58,4529203.818103563,6878920.573656639,9520907
0,0,59,4529615.1699512,6842213.364432096,9508360
0,0,60,4527529.113291264,6838917.826417184,9495848
0,0,61,4528766.743722904,6832497.388610714,9483338
0,0,62,4530151.503456578,6913828.025979284,9470638
0,0,63,4527312.229358886,6840398.374178058,9458078
0,0,64,4528984.012354105,6910617.951615361,9445086
0,0,65,4529719.953229653,6889578.953771355,9432086
0,0,66,4531344.831761391,6915521.279771071,9419518
0,0,67,4527657.885238763,6751166.205218434,9406394
0,0,68,4528325.800247733,6787526.787208308,9393183
0,0,69,4527488.164796399,6744157.352179678,9379877
0,0,70,4528372.855248417,6808030.771505013,9366719
0,0,71,4530354.485346269,6962401.969243947,9353540
0,0,72,4526385.030849306,6761854.386580357,9340113
0,0,73,4527268.805613174,6733508.989635426,9326741
0,0,74,4529156.464994621,6871001.253573074,9313470
0,0,75,4528111.032600872,6799680.766506556,9299947
0,0,76,4530740.706018569,6881047.710112337,9286223
0,0,77,4524696.150447831,6727028.795132206,9272359
0,0,78,4525649.520348745,6747471.833229663,9258796
0,0,79,4524110.370316872,6749568.167459689,9245072
0,0,80,4526456.491098583,6759734.869264618,9231374
0,0,81,4528739.235089525,6880354.625060076,9217674
0,0,82,4527270.404995486,6889763.451764762,9203752
0,0,83,4527228.458994916,6879197.258124702,9189973
0,0,84,4527444.003313419,6939018.274903446,9176111
0,0,85,4521495.769338148,6613026.596062073,9162207
0,0,86,4520823.960170768,6622225.626653749,9148009
0,0,87,4522593.085300562,6716163.328931965,9133856
0,0,88,4522954.106021698,6721838.427497277,9119771
0,0,89,4524200.450161453,6896710.889505936,9105588
0,0,90,4522059.815721738,6827397.443554675,9091506
0,0,91,4523247.04097957,6776770.387274574,9077139
0,0,92,4518861.150789758,6670626.030835825,9062920
0,0,93,4517650.670003712,6674774.622243,9048383
0,0,94,4514564.410428585,6640500.474232411,9034115
0,0,95,4516506.477567906,6745140.882614291,9019599
0,0,96,4514760.205324248,6572182.790236249,9005348
0,0,97,4518879.997484529,6747613.692993813,8990737
0,0,98,4514745.754691643,6608803.193968697,8976216
0,0,99,4516068.780773772,6664680.869977937,8961799
0,0,100,4514191.986338943,6644775.720424356,8947324
0,0,101,4514236.85212889,6668092.064403818,8932652
0,0,102,4515445.768523216,6679402.908182597,8918357
0,0,103,4516538.651576034,6709117.924974544,8903696
0,0,104,4516327.826367623,6716237.598108258,8889124
0,0,105,4516099.166933412,6826166.416589854,8874208
0,0,106,4513839.087684413,6689652.771955136,8859414
0,0,107,4512804.046677433,6674268.324520846,8844607
0,0,108,4519256.316617483,6901016.890949188,8829880
0,0,109,4513246.652472623,6695303.802113628,8814955
0,0,110,4507033.998797026,6467747.796308393,8800039
0,0,111,4511134.950322112,6632604.73419187,8785323
0,0,112,4511421.069226599,6721815.85920559,8770423
0,0,113,4510234.7542358,6648052.026067397,8755351
0,0,114,4507910.755568342,6593833.889551105,8740607
0,0,115,4507405.148360874,6519172.409408312,8725589
0,0,116,4508965.928980075,6701256.873547873,8710390
0,0,117,4508064.058226987,6628105.421058799,8695374
0,0,118,4505986.023401164,6532487.961353449,8680412
0,0,119,4507831.324835385,6652333.940297436,8665064
0,0,120,4505378.817093965,6573093.545109729,8650009
0,0,121,4505314.24239954,6559031.760308832,8634815
0,0,122,4505751.075205421,6585879.612386953,8619500
0,0,123,4508378.978562174,6716879.732565616,8604406
0,0,124,4506237.621334149,6660572.440955642,8588898
0,0,125,4503710.373946823,6605162.643775353,8573574
0,0,126,4501201.976861447,6531182.2319775,8558229
0,0,127,4500756.757430553,6507042.408454301,8542884
0,0,128,4503219.747630529,6614456.137662791,8527833
0,0,129,4501529.070116982,6516616.203524512,8512594
0,0,130,4500005.926555838,6504510.897385216,8497339
0,0,131,4499854.713833331,6533909.348834768,8481607
0,0,132,4499721.848204086,6530941.011427904,8466091
0,0,133,4501367.045654092,6516889.372453574,8450893
0,0,134,4499275.324081215,6472007.027198695,8435243
0,0,135,4500878.470222554,6568370.250528106,8419872
0,0,136,4498117.547289837,6464689.038618381,8404154
0,0,137,4495910.676806506,6411640.976075805,8388885
0,0,138,4497189.880407861,6416230.987463104,8373511
0,0,139,4498964.149588081,6531370.917138191,8358047
0,0,140,4496764.201403413,6400239.191738583,8342601
0,0,141,4498435.388064423,6525964.198145953,8327277
0,0,142,4497995.302897397,6476467.2802961,8311670
0,0,143,4497879.399250111,6427531.535031444,8296129
0,0,144,4494568.112473592,6369267.606747676,8280690
0,0,145,4498093.545815052,6451003.110138478,8265097
0,0,146,4500203.978210424,6493949.984588934,8249578
0,0,147,4497855.806940736,6419994.678273777,8233998
0,0,148,4501351.282318486,6609800.549965588,8218389
0,0,149,4500794.888333827,6594004.586707698,8202683
0,0,150,4498225.33992599,6418593.148278391,8186648
0,0,151,4497314.561712522,6405900.031467791,8170808
0,0,152,4497869.234209394,6505905.087590751,8155145
0,0,153,4497884.058061303,6451355.385604052,8139497
0,0,154,4498050.220788673,6396390.332186582,8123832
0,0,155,4496952.958681989,6408450.658307156,8107833
0,0,156,4499419.448174159,6439134.091158156,8092063
0,0,157,4496987.430258496,6339564.617019943,8076203
0,0,158,4498277.208601263,6364084.983306919,8060362
0,0,159,4498382.171313747,6404955.456036492,8044361
0,0,160,4501480.406849532,6590766.4980989,8028366
0,0,161,4499509.892246934,6375891.808906538,8012555
0,0,162,4497553.069241287,6350546.342218132,7996549
0,0,163,4500253.185554985,6470112.381406443,7980573
0,0,164,4500237.17166521,6483663.23813897,7964423
0,0,165,4497931.259466658,6365585.453750769,7948587
0,0,166,4498609.933272689,6381750.207751131,7932411
0,0,167,4500574.109612325,6486956.450145714,7916503
0,0,168,4498400.987740137,6274327.280230246,7900579
0,0,169,4498993.39590144,6319252.59855597,7884566
0,0,170,4498885.435258758,6321348.76185842,7868702
0,0,171,4500351.159199961,6372605.692690102,7852698
0,0,172,4502534.308248431,6383342.051681279,7836548
0,0,173,4500848.857182024,6315861.178655142,7820561
0,0,174,4502202.934720708,6306001.864733394,7804482
0,0,175,4502845.337251042,6356056.456991989,7788332
0,0,176,4502718.703306489,6389891.002779195,7772159
0,0,177,4502342.024956047,6347974.465729014,7756111
0,0,178,4506362.681416855,6450786.376478601,7740044
0,0,179,4506505.478435008,6367841.575920403,7724051
0,0,180,4503863.847966937,6278186.599679982,7707716
0,0,181,4505029.153719632,6237041.65434117,7691453
0,0,182,4504266.01146156,6258873.743906711,7675195
0,0,183,4506707.672924893,6314480.104244443,7659000
0,0,184,4507718.021570719,6316053.058076669,7643009
0,0,185,4507999.670467497,6240770.83715749,7626758
0,0,186,4509211.905194471,6268584.972679441,7610394
0,0,187,4509727.133668958,6275569.970611838,7594141
0,0,188,4515136.805400039,6404001.925131451,7577798
0,0,189,4517747.703888299,6401852.700766778,7561475
0,0,190,4516881.139892061,6282440.679909908,7545494
0,0,191,4516996.990652571,6345650.130594971,7529001
0,0,192,4517566.543580159,6222231.432651988,7512784
0,0,193,4519751.318345776,6276418.374379747,7496435
0,0,194,4523409.891175305,6291176.617276417,7480252
0,0,195,4524689.589788097,6345652.413085906,7463825
0,0,196,4526198.761928996,6311009.974779047,7447190
0,0,197,4527220.634941934,6290210.306084606,7430539
0,0,198,4531794.663148863,6400798.281049587,7414227
0,0,199,4530198.352550305,6328915.646864597,7397736
0,0,200,4531243.420761105,6258476.205087139,7381257
0,0,201,4533769.672235928,6328755.604891898,7364465
0,0,202,4537041.448087178,6326293.837489621,7347941
0,0,203,4537977.495071633,6358853.453476888,7331505
0,0,204,4541077.188479899,6359653.595310738,7314870
0,0,205,4541103.127055625,6243226.621583051,7298538
0,0,206,4543103.220167491,6293590.666624827,7281823
0,0,207,4545878.405582527,6326509.559470469,7265308
0,0,208,4549041.436858341,6294646.060313104,7248870
0,0,209,4551691.739206607,6312603.852478265,7232024
0,0,210,4554284.85010048,6306475.785044692,7215540
0,0,211,4554789.24114111,6232086.640753899,7199242
0,0,212,4557928.322072073,6272341.768582838,7182329
0,0,213,4557937.346887738,6195397.562805755,7165724
0,0,214,4562557.848870856,6244048.140494842,7149129
0,0,215,4566215.294826784,6312838.578550966,7132471
0,0,216,4570918.909748881,6311403.668087016,7115966
0,0,217,4574677.478411033,6282059.360431448,7099408
0,0,218,4575865.011326678,6266819.810235915,7082661
0,0,219,4580162.017547491,6291931.719040697,7065889
0,0,220,4585505.289125094,6370603.497688053,7049237
0,0,221,4585525.100070247,6248551.057632136,7032393
0,0,222,4590733.715412045,6300107.479681327,7015670
0,0,223,4595874.805719491,6331840.472825696,6999041
0,0,224,4596611.218115614,6212213.633926569,6982361
0,0,225,4602590.13003505,6327536.271166334,6965322
0,0,226,4606744.238474684,6379040.533886088,6948573
0,0,227,4608296.468080215,6310623.007950919,6931577
0,0,228,4614127.383598403,6323969.552390958,6914711
0,0,229,4620857.568213277,6384358.223789657,6897813
0,0,230,4624426.248027913,6420024.243597357,6880909
0,0,231,4626068.968058285,6277450.584632207,6863686
0,0,232,4630104.618366204,6305496.749689025,6846265
0,0,233,4636713.164280307,6326318.701165979,6829283
0,0,234,4641669.910394015,6304343.107161168,6812139
0,0,235,4649748.183478924,6402047.671878967,6795171
0,0,236,4654036.436011514,6348246.4193029,6778033
0,0,237,4660215.117443988,6371066.186226496,6760973
0,0,238,4666805.788657065,6412475.809804482,6743778
0,0,239,4672030.382351553,6345649.377872347,6726646
0,0,240,4679175.580077405,6386611.535892657,6709466
0,0,241,4684616.117510207,6335713.019166589,6692424
0,0,242,4691523.620631397,6371454.131690579,6675218
0,0,243,4697976.050739727,6369751.005245213,6657675
0,0,244,4705628.993540801,6397564.534167457,6640515
0,0,245,4709728.872433003,6327955.331818542,6623147
0,0,246,4719203.02889037,6410921.039490382,6605637
0,0,247,4728681.478787206,6423262.050544257,6588283
0,0,248,4734311.425335268,6380040.228392271,6570908
0,0,249,4741240.483496105,6363194.27980924,6553317
0,0,250,4749120.037335393,6392652.216662526,6535774
0,0,251,4756777.187803371,6373581.68572914,6518172
0,0,252,4764207.221337459,6403748.495320119,6500770
0,0,253,4773344.370870801,6390018.956484929,6483262
0,0,254,4787323.980154856,6524875.154784983,6465730
0,0,255,4794951.427515059,6491065.393099496,6448133
0,0,256,4800084.314026492,6373985.854837993,6430463
0,0,257,4810605.488442933,6431722.123516605,6413000
0,0,258,4824409.313670752,6580811.107505612,6395295
0,0,259,4833486.710774878,6572259.592886537,6377632
0,0,260,4842723.087763098,6497319.671413895,6359815
0,0,261,4852839.938944373,6517204.338736841,6341907
0,0,262,4862827.349385662,6512878.371806081,6324321
0,0,263,4875867.460026663,6640649.701566726,6306361
0,0,264,4888129.983789727,6670159.928779998,6288616
0,0,265,4897677.155586559,6580702.33943334,6270762
0,0,266,4910026.030709531,6621018.867190516,6252763
0,0,267,4921433.954306023,6637895.51787525,6235003
0,0,268,4934597.471455168,6679570.291670185,6217057
0,0,269,4947602.677587882,6704430.831698524,6199052
0,0,270,4962042.94421436,6756996.804069927,6181025
0,0,271,4978588.888257568,6852361.164393586,6162886
0,0,272,4988005.59294672,6733760.912970196,6144548
0,0,273,5004260.307983665,6808826.317275034,6126356
0,0,274,5015924.090341644,6742218.636809945,6108072
0,0,275,5034245.864634446,6873125.952877907,6089739
0,0,276,5049401.440501405,6882496.28987944,6071186
0,0,277,5063816.963272182,6900102.412832084,6052751
0,0,278,5077110.395253191,6836020.298151057,6034166
0,0,279,5094505.335277241,6931992.156747565,6015549
0,0,280,5111330.816183604,7028331.800855912,5997055
0,0,281,5128564.683054621,7075496.082791746,5978604
0,0,282,5144249.607422281,7037533.877132535,5960165
0,0,283,5158684.125266861,7022772.723268276,5941477
0,0,284,5176036.799744288,7096617.08413339,5922584
0,0,285,5196895.948431652,7203448.68107911,5903921
0,0,286,5214146.159707531,7152030.69473556,5884919
0,0,287,5236217.23329951,7244748.505202755,5865865
0,0,288,5262375.808078037,7330951.021681336,5846727
0,0,289,5286103.159482741,7283857.675232327,5827675
0,0,290,5318538.418738486,7432528.623045526,5808469
0,0,291,5347704.606896406,7448897.748881913,5789369
0,0,292,5380080.176136634,7499850.814687249,5769673
0,0,293,5413396.850906493,7607965.059319556,5750446
0,0,294,5445924.327694995,7639300.030598334,5730952
0,0,295,5479705.445994263,7717951.274568954,5711578
0,0,296,5510635.601629296,7826626.267021195,5691780
0,0,297,5540302.780470738,7883399.93290468,5672148
0,0,298,5569580.916504482,7961069.268833512,5652073
0,0,299,5592220.390444232,7916321.926768539,5633618
