# mesh name: boxMesh_1
# primitive scorer name: doseScorer
# iX, iY, iZ, total(value) [MeV], total(val^2), entry
0,0,0,4126097.779723386,5268836.465392571,10000000
0,0,1,4220395.804406716,5728752.527908418,9999004
0,0,2,4249195.702171928,6013357.238891453,9997061
0,0,3,4269101.172949296,6110063.812737218,9994588
0,0,4,4288649.347308072,6210279.452285499,9991656
0,0,5,4303303.243112467,6298857.247656539,9988435
0,0,6,4315336.077260895,6320022.906566618,9984893
0,0,7,4329328.231106836,6449120.117128728,9981033
0,0,8,4340708.985607808,6463828.094050081,9976803
0,0,9,4353814.703647109,6567893.355089682,9972289
0,0,10,4361410.54346576,6485462.194499942,9967539
0,0,11,4370952.24116266,6552683.354588203,9962509
0,0,12,4380048.498670472,6646798.452498597,9957185
0,0,13,4384161.232609772,6505304.533810519,9951690
0,0,14,4395026.562282462,6663506.26757195,9946023
0,0,15,4402139.729312275,6693496.211179687,9939931
0,0,16,4410023.929099716,6755168.157619653,9933540
0,0,17,4415309.340866916,6801532.584693397,9927032
0,0,18,4417400.812333728,6669779.140152533,9920449
0,0,19,4425283.774309337,6752775.001948528,9913640
0,0,20,4429982.429640707,6737344.059337332,9906543
0,0,21,4433350.827979962,6702982.412412743,9899369
0,0,22,4436845.923693139,6712354.230288778,9892167
0,0,23,4440209.133052299,6679978.830966392,9884424
0,0,24,4447740.749582733,6853041.706965615,9876672
0,0,25,4451238.658771921,6803059.231368359,9868720
0,0,26,4455421.105357005,6830410.078191174,9860510
0,0,27,4460613.806408495,6859566.845273215,9852233
0,0,28,4459852.717293741,6736147.414375717,9843599
0,0,29,4463729.744711705,6812999.84977789,9835022
0,0,30,4467545.848811356,6800755.408049121,9826511
0,0,31,4470195.392404651,6798451.444729507,9817658
0,0,32,4471160.427159747,6842435.282307418,9808423
0,0,33,4472195.042134745,6685875.555795947,9799124
0,0,34,4472909.294270789,6731404.671409553,9789507
0,0,35,4476463.311628232,6793232.828355257,9779789
0,0,36,4482543.775846189,6882304.996359786,9770031
0,0,37,4485962.10544027,6966332.486772343,9759989
0,0,38,4486717.711908698,6833186.933688875,9749851
0,0,39,4485565.240035691,6810366.377270479,9739497
0,0,40,4488083.011514246,6778853.467760781,9729074
0,0,41,4488439.676307206,6815456.850560375,9718609
0,0,42,4489880.843540279,6875198.15849049,9708102
0,0,43,4492149.813258714,6848718.763516942,9697426
0,0,44,4495733.036670394,6948369.634132441,9686400
0,0,45,4493725.760274944,6838535.78089424,9675237
0,0,46,4493304.783201072,6815144.602083781,9664254
0,0,47,4493708.58994041,6747101.767931954,9653336
0,0,48,4494822.196290887,6788715.488022164,9641988
0,0,49,4495687.838028056,6761346.548210495,9630474
0,0,50,4499243.689338811,6899741.229906037,9618990
0,0,51,4501672.979051323,6952411.685950285,9607506
0,0,52,4501978.021163167,6873375.020655059,9595818
0,0,53,4497950.843129074,6755571.236002471,9583964
0,0,54,4499602.428267335,6826424.013965525,9571997
0,0,55,4502120.843683863,6925234.542001527,9559983
0,0,56,4504549.16699364,6968015.848570678,9547702
0,0,57,4505699.591864659,6992093.654082086,9535485
0,0,58,4503806.139669174,6849404.219787592,9523281
0,0,59,4499190.379215416,6736567.438614935,9510838
0,0,60,4501097.33728196,6903821.82114375,9498311
0,0,61,4502118.610446074,6796797.991435226,9485991
0,0,62,4500592.156207923,6738045.159764419,9473490
0,0,63,4502030.825468753,6819217.841356225,9460927
0,0,64,4504369.130731033,6850215.504503069,9448220
0,0,65,4505042.02015833,6904329.069194696,9435554
0,0,66,4506603.567723073,6916431.426919764,9422646
0,0,67,4503172.271678282,6844735.449815639,9409788
0,0,68,4501304.203702913,6736074.538684396,9396515
0,0,69,4502591.55889106,6857754.183614283,9383166
0,0,70,4501924.259068822,6825082.381921393,9369887
0,0,71,4503602.235996977,6912295.257188324,9356825
0,0,72,4499559.524716826,6785298.923639458,9343493
0,0,73,4500362.468233884,6692419.392275275,9330409
0,0,74,4500462.908708993,6745995.697871526,9317229
0,0,75,4498202.954840579,6695662.170675918,9303578
0,0,76,4501409.758952637,6776443.63144377,9290018
0,0,77,4498387.86254115,6747889.193649201,9276278
0,0,78,4501130.434886008,6792331.157539354,9262688
0,0,79,4497204.734587334,6717578.111860594,9249188
0,0,80,4498193.017190587,6752398.146734564,9235484
0,0,81,4498303.771799221,6803736.727940453,9221758
0,0,82,4494811.731907798,6655328.749149853,9208114
0,0,83,4495190.556871291,6695995.472904263,9194131
0,0,84,4498009.027311834,6822875.187409995,9180500
0,0,85,4494890.950897926,6672689.973150943,9166391
0,0,86,4496598.013954828,6772813.394068596,9152366
0,0,87,4491127.916852613,6598622.222664696,9138562
0,0,88,4491441.27546457,6622298.331822108,9124566
0,0,89,4492259.154256238,6663923.67553477,9110361
0,0,90,4492070.197543747,6744993.799259896,9096181
0,0,91,4494046.319401545,6743905.117846106,9081924
0,0,92,4493134.307722313,6801283.082702077,9067706
0,0,93,4493285.125018946,6785112.833740192,9053440
0,0,94,4487996.770624117,6612833.449568146,9038936
0,0,95,4488118.938432386,6669165.377993204,9024546
0,0,96,4486737.663949361,6600362.62364522,9010219
0,0,97,4486972.777351001,6656033.410974622,8995660
0,0,98,4487862.239536965,6722315.715391068,8981524
0,0,99,4488093.464961592,6690754.142675291,8966965
0,0,100,4484294.03303691,6636211.102759922,8952416
0,0,101,4484941.888168524,6639633.077630891,8937843
0,0,102,4484379.033088577,6680443.3939431,8923312
0,0,103,4486432.275729076,6762217.114066685,8908877
0,0,104,4484459.616377188,6721649.17801807,8894033
0,0,105,4482421.618606659,6600130.366147015,8879418
0,0,106,4484456.30733194,6696826.966452721,8864586
0,0,107,4482139.475118308,6718058.305666309,8849917
0,0,108,4482671.711025268,6646368.451343041,8835065
0,0,109,4480034.903290582,6614092.111982551,8820345
0,0,110,4477990.969312182,6551677.434125395,8805567
0,0,111,4476415.563000118,6484106.420181422,8790701
0,0,112,4477917.49849472,6613236.431420102,8775832
0,0,113,4477694.398423536,6570804.746737002,8761078
0,0,114,4475349.015309881,6511406.591432325,8746129
0,0,115,4479742.496411435,6675757.145222144,8731226
0,0,116,4479886.999825898,6728797.537648508,8716234
0,0,117,4475534.306842244,6535570.104590651,8701341
0,0,118,4475167.642713771,6587329.891430934,8686353
0,0,119,4476153.442736775,6614840.462589286,8671333
0,0,120,4472961.509965658,6535041.648825098,8656199
0,0,121,4472254.463811605,6493632.111924866,8640993
0,0,122,4472373.92462926,6510165.581090415,8626028
0,0,123,4472268.520202885,6511408.86357442,8610917
0,0,124,4474128.9925304,6659489.664063742,8595725
0,0,125,4471821.500047855,6547273.453114158,8580696
0,0,126,4471126.391172609,6625808.700315713,8565613
0,0,127,4467209.053133884,6438127.298159254,8550104
0,0,128,4467841.7216362,6488983.156237901,8534801
0,0,129,4465151.087049106,6411730.352657381,8519780
0,0,130,4466244.828166022,6476781.003199333,8504739
0,0,131,4465382.954974141,6439003.617726716,8489401
0,0,132,4465777.81224342,6473530.695257081,8473943
0,0,133,4467283.770152933,6449820.29300243,8458732
0,0,134,4468113.925160117,6545683.813250188,8443430
0,0,135,4468991.373598452,6605027.941601858,8428045
0,0,136,4465729.432489295,6548979.836793872,8412519
0,0,137,4462374.543606,6355335.004881266,8397234
0,0,138,4468990.341586804,6570424.210097522,8382066
0,0,139,4467037.857945284,6507183.690041951,8366347
0,0,140,4463682.223007965,6397089.503286202,8350846
0,0,141,4462930.71849557,6504431.62352171,8335145
0,0,142,4460837.174571546,6347160.450627139,8319485
0,0,143,4462814.806859364,6597847.333285046,8303977
0,0,144,4460038.116320193,6491370.079883568,8288372
0,0,145,4461535.959478965,6532817.897134274,8272786
0,0,146,4460406.024859699,6435873.861088206,8257523
0,0,147,4459624.117015831,6380945.701897997,8241746
0,0,148,4461648.307572464,6437395.616155671,8226310
0,0,149,4460256.715378144,6450398.944236878,8210601
0,0,150,4462506.186789529,6491288.55391336,8194964
0,0,151,4463332.989439477,6544341.632173615,8179280
0,0,152,4460410.503887439,6340919.260205812,8163614
0,0,153,4457882.840058584,6303643.593964888,8147836
0,0,154,4461739.95439665,6458879.973823288,8132159
0,0,155,4458839.567222489,6358368.078308892,8116640
0,0,156,4459387.573133807,6413814.102981327,8100837
0,0,157,4459147.327715132,6408008.423848165,8085291
0,0,158,4459327.371412368,6390015.811493129,8069499
0,0,159,4457330.582530498,6284101.59183193,8053602
0,0,160,4460359.264234528,6405580.200185969,8037888
0,0,161,4463582.076259754,6455386.73868813,8021882
0,0,162,4460886.752388035,6414415.392946569,8006186
0,0,163,4460378.170721123,6377336.411604149,7990159
0,0,164,4459317.673996657,6352095.059157273,7974452
0,0,165,4460057.64131102,6376201.666177816,7958626
0,0,166,4459697.650952211,6369209.405091842,7942838
0,0,167,4463451.408888721,6430577.580481091,7926922
0,0,168,4460390.968983866,6331212.616848967,7911037
0,0,169,4459759.751479733,6277956.617379675,7895157
0,0,170,4460051.407932585,6372522.324128165,7879005
0,0,171,4462316.238257861,6349065.486485104,7863231
0,0,172,4458889.823118562,6265002.377940787,7847321
0,0,173,4461136.513772354,6351154.661479808,7831440
0,0,174,4460784.291895918,6268095.01040878,7815454
0,0,175,4461240.151228743,6285115.141450232,7799356
0,0,176,4460830.721286136,6225129.307478693,7783427
0,0,177,4461316.135805084,6262784.66903414,7767335
0,0,178,4461966.999860687,6248515.987588786,7751373
0,0,179,4462362.433540283,6355474.38616447,7735297
0,0,180,4463180.998901444,6270671.642769393,7719176
0,0,181,4462008.588988746,6214623.233497141,7703207
0,0,182,4462483.18791447,6297255.26109503,7687176
0,0,183,4463220.37535979,6204192.723901116,7671201
0,0,184,4463146.883811192,6243832.953588489,7654936
0,0,185,4467162.052532866,6326988.460735987,7639071
0,0,186,4468255.025740182,6358948.877033642,7622880
0,0,187,4464959.811460698,6182729.713427134,7606727
0,0,188,4470023.882431177,6330129.824137827,7590630
0,0,189,4469415.91233358,6289721.930938885,7574282
0,0,190,4471273.045649358,6301847.314623091,7558193
0,0,191,4474002.085246838,6309716.71642851,7541788
0,0,192,4473436.505013772,6244553.265860396,7525742
0,0,193,4475031.65521773,6229884.96635027,7509388
0,0,194,4476333.23211978,6299175.608123434,7492960
0,0,195,4477923.381072609,6277716.009988154,7476585
0,0,196,4481135.272527732,6359089.934002533,7460362
0,0,197,4479107.605849404,6223393.713396447,7443787
0,0,198,4479084.74613307,6251525.048035029,7427554
0,0,199,4478936.976224473,6164397.917381349,7411287
0,0,200,4482416.675981666,6191282.686253276,7394668
0,0,201,4484649.982117157,6281142.728776723,7378300
0,0,202,4485652.946476297,6208118.563740373,7361997
0,0,203,4488191.619688546,6243510.530357514,7345512
0,0,204,4492300.437347344,6334669.411011776,7329149
0,0,205,4493820.1761522,6317647.695152775,7312663
0,0,206,4494477.980089152,6248362.579944825,7296436
0,0,207,4497445.229884991,6307391.890262168,7280206
0,0,208,4499446.695739267,6313233.366727279,7263753
0,0,209,4501374.752024797,6322957.872060668,7246885
0,0,210,4502543.975634167,6283416.122084372,7230539
0,0,211,4501698.192738457,6195479.352402628,7214135
0,0,212,4503719.964826912,6242469.87913552,7197597
0,0,213,4504641.15273454,6171523.005911442,7181028
0,0,214,4508668.776165526,6250118.995152585,7164536
0,0,215,4508671.848903565,6166392.148948282,7147808
0,0,216,4515889.625106002,6284438.041292118,7131425
0,0,217,4520614.910459301,6376743.548882062,7114515
0,0,218,4518334.698195964,6180117.628695445,7097866
0,0,219,4522120.167359513,6208609.206032526,7081270
0,0,220,4524339.467972346,6226503.219118469,7064981
0,0,221,4528506.983418932,6248757.786313415,7048198
0,0,222,4531968.828756275,6275918.799971543,7031566
0,0,223,4535434.538502128,6281468.688387003,7014995
0,0,224,4538332.782299169,6303701.971304509,6998056
0,0,225,4539693.648631729,6198973.573641843,6981513
0,0,226,4543002.431511257,6187262.38515258,6964906
0,0,227,4549476.348101166,6290032.638871481,6948141
0,0,228,4553910.70788087,6340080.789576901,6931137
0,0,229,4556102.338108959,6266617.544753849,6914467
0,0,230,4559421.416565452,6263790.093620314,6897955
0,0,231,4562338.74228393,6268615.398718983,6881099
0,0,232,4562830.104961632,6107853.44424909,6864378
0,0,233,4569829.237051737,6249729.908071937,6847360
0,0,234,4575782.186844807,6285203.302201148,6830439
0,0,235,4579181.974448154,6310741.321247257,6813343
0,0,236,4582904.573407248,6242355.828313613,6796765
0,0,237,4590863.032290335,6356198.667768001,6779761
0,0,238,4595798.779566998,6320927.359469829,6762861
0,0,239,4599103.581282731,6278770.855667011,6745813
0,0,240,4601509.914980457,6203076.559507179,6728998
0,0,241,4605471.567555135,6216367.477732323,6711862
0,0,242,4613010.337346091,6246045.321981365,6694830
0,0,243,4620732.480711374,6336865.708258355,6677844
0,0,244,4624014.542834152,6255167.544141898,6660674
0,0,245,4629118.738833414,6221306.849969191,6643513
0,0,246,4638712.654759924,6295961.443263111,6626375
0,0,247,4644754.008198597,6211729.551494116,6609390
0,0,248,4651556.658011418,6222267.078973416,6592375
0,0,249,4659758.554472179,6262228.928161947,6575371
0,0,250,4668056.971268298,6335125.698261458,6558339
0,0,251,4673870.590308672,6316500.414712792,6540962
0,0,252,4679529.695173571,6262932.790480265,6523706
0,0,253,4689334.835908963,6384694.83809147,6506340
0,0,254,4697478.528809579,6363437.923394596,6488904
0,0,255,4706630.853646982,6410584.344347294,6471410
0,0,256,4711847.297461579,6353076.256816122,6453842
0,0,257,4717850.006744411,6266345.414929954,6436475
0,0,258,4732323.904493472,6478637.94083385,6419214
0,0,259,4738254.669891178,6428545.157018257,6401726
0,0,260,4749399.846769149,6430687.941245706,6384046
0,0,261,4756662.716862615,6471100.450480003,6366764
0,0,262,4765657.629953397,6441491.54718349,6349480
0,0,263,4775915.534400859,6477761.06786485,6332123
0,0,264,4788438.259414062,6478774.523553872,6314613
0,0,265,4797057.94755704,6491808.676481527,6297074
0,0,266,4805641.484254187,6412289.34365442,6279336
0,0,267,4818384.664320575,6528891.682441038,6261650
0,0,268,4829368.821714556,6553869.97717308,6244107
0,0,269,4844225.919090593,6703867.491401259,6226325
0,0,270,4853991.485231569,6614444.958411224,6208485
0,0,271,4863721.944484074,6577728.569269674,6190859
0,0,272,4874609.978632562,6596024.659365089,6172854
0,0,273,4886173.957981875,6593964.109498245,6155042
0,0,274,4899177.414714865,6626847.553883722,6137099
0,0,275,4913704.875388692,6709857.444861425,6119062
0,0,276,4923966.927747001,6595024.63457672,6101335
0,0,277,4940603.421037981,6711153.638291035,6083207
0,0,278,4953463.473178398,6718884.34224976,6064820
0,0,279,4969411.394104654,6760111.336736912,6046337
0,0,280,4982756.448678877,6764196.3810411,6028510
0,0,281,4998969.937567377,6810354.168810352,6010114
0,0,282,5013183.304361718,6756941.768745383,5991965
0,0,283,5031419.625998745,6885540.092862012,5973840
0,0,284,5044955.34538257,6820778.89516292,5955400
0,0,285,5063896.589463061,6970974.290725032,5936833
0,0,286,5080418.876870161,7002773.947272068,5918455
0,0,287,5094200.43095062,6961526.737918176,5900064
0,0,288,5113637.829116864,7064168.992466917,5881301
0,0,289,5129928.744306995,7104362.475823653,5862573
0,0,290,5143491.568146199,7024975.892249403,5843685
0,0,291,5163897.450695192,7089596.51684729,5825116
0,0,292,5186219.304577607,7147433.599671857,5806350
0,0,293,5211675.707268792,7270939.338705254,5787530
0,0,294,5237854.069778067,7266992.806212938,5768390
0,0,295,5267267.778514048,7341698.353954789,5749329
0,0,296,5295658.015513784,7346990.793214674,5730156
0,0,297,5329305.596452219,7481467.097597014,5711057
0,0,298,5358654.185056452,7497975.844708601,5691937
0,0,299,5385296.892371325,7463446.097321586,5673400
