# mesh name: boxMesh_1
# primitive scorer name: doseScorer
# iX, iY, iZ, total(value) [MeV], total(val^2), entry
0,0,0,4104382.462993884,5218097.168491345,10000000
0,0,1,4199951.953950034,5737994.38173237,9999018
0,0,2,4228429.321930367,6008164.167392107,9997087
0,0,3,4247497.125983259,6072432.818529602,9994684
0,0,4,4267910.437108909,6189360.060460749,9991742
0,0,5,4282558.323608384,6281186.084723487,9988543
0,0,6,4293958.534020754,6281717.349623758,9985059
0,0,7,4307842.552687547,6435801.42358902,9981166
0,0,8,4319802.307284908,6466795.220143758,9976925
0,0,9,4330951.480600839,6510950.784708936,9972476
0,0,10,4339450.430997424,6475081.574043895,9967770
0,0,11,4349951.78717771,6535913.750426983,9962798
0,0,12,4359214.676470825,6645585.571210681,9957518
0,0,13,4363299.112298155,6513183.717607035,9952096
0,0,14,4374785.076926851,6679344.98134566,9946517
0,0,15,4381447.470593547,6719097.146206295,9940482
0,0,16,4389854.910924174,6786096.131786285,9934066
0,0,17,4393327.349380003,6734998.587124566,9927610
0,0,18,4396506.78057085,6667884.114919482,9921049
0,0,19,4405767.482803556,6820697.867778964,9914248
0,0,20,4411141.918702582,6846817.218295192,9907235
0,0,21,4412329.318816706,6734422.172883288,9900029
0,0,22,4413971.818980971,6644795.907290272,9892883
0,0,23,4416946.43327291,6571320.121534594,9885243
0,0,24,4422966.318538755,6756322.022400603,9877487
0,0,25,4428753.240179062,6861482.859677888,9869622
0,0,26,4434859.259733605,6844692.932622192,9861551
0,0,27,4438225.688505097,6808508.993318453,9853229
0,0,28,4437072.569579676,6717469.782448009,9844580
0,0,29,4441777.979314035,6796473.527569244,9836073
0,0,30,4445548.061609434,6776289.877029306,9827540
0,0,31,4448885.723406345,6799725.157415279,9818672
0,0,32,4448253.278227825,6733313.951125616,9809620
0,0,33,4451529.622197205,6731209.700473493,9800267
0,0,34,4453130.19974971,6847392.617095001,9790763
0,0,35,4456040.986999759,6840332.342789436,9781034
0,0,36,4461727.250042035,6924679.14154317,9771337
0,0,37,4461461.681015423,6881509.818327313,9761246
0,0,38,4462433.446116063,6828288.661408925,9751111
0,0,39,4461287.660980622,6748472.686401898,9740904
0,0,40,4464616.676068407,6787844.186520282,9730553
0,0,41,4465243.096934965,6822501.426768912,9719875
0,0,42,4463660.485909317,6736871.602567507,9709282
0,0,43,4467601.642790377,6842939.16507902,9698472
0,0,44,4470336.503234817,6881794.775706476,9687492
0,0,45,4469536.348507143,6798393.337778755,9676585
0,0,46,4469648.758941602,6824308.450943001,9665658
0,0,47,4466725.474951092,6721719.346411935,9654614
0,0,48,4470122.83049939,6736718.810195673,9643423
0,0,49,4470661.908230737,6771939.215477512,9631992
0,0,50,4475414.897946769,6938561.539941058,9620645
0,0,51,4477163.960994001,6838110.874763776,9609125
0,0,52,4477357.841405482,6859716.122134687,9597446
0,0,53,4474708.151646598,6765171.7828669,9585581
0,0,54,4475347.937118688,6758813.289893123,9573931
0,0,55,4479568.642427378,6927329.012967505,9561743
0,0,56,4477778.678458718,6899836.177933885,9549729
0,0,57,4479834.441636162,6853529.423986984,9537550
0,0,58,4476058.169003022,6753502.454175493,9525078
0,0,59,4477307.311865458,6841342.909543719,9512786
0,0,60,4473762.949403252,6804110.429766394,9500313
0,0,61,4476185.713416597,6689102.835712735,9488008
0,0,62,4475587.849120403,6706812.072840163,9475226
0,0,63,4475099.87713682,6775210.080600426,9462625
0,0,64,4475993.408480044,6774202.638040244,9450233
0,0,65,4474698.318782407,6808439.704391547,9437649
0,0,66,4477281.127291894,6819196.189515522,9424703
0,0,67,4474590.423835763,6777503.997058681,9412060
0,0,68,4472675.097236557,6652533.069225484,9398973
0,0,69,4474138.153208489,6800689.589827492,9385839
0,0,70,4478771.022917825,6916644.767255567,9372799
0,0,71,4476984.430068496,6857472.369063688,9359637
0,0,72,4472166.857434744,6695309.404634555,9346319
0,0,73,4474258.876035162,6734659.542354282,9333062
0,0,74,4473713.04267703,6754602.311504275,9319877
0,0,75,4473503.679632412,6782817.259667166,9306288
0,0,76,4476184.050417697,6863075.518761033,9292874
0,0,77,4472193.178102773,6704825.084516773,9279196
0,0,78,4471771.350629034,6671257.714331506,9265744
0,0,79,4470220.043785478,6694266.590877536,9252231
0,0,80,4470423.66570128,6730908.976556083,9238366
0,0,81,4469476.276769698,6714263.130544576,9224754
0,0,82,4470621.90769395,6746595.269476647,9211134
0,0,83,4471847.766793188,6916173.162033342,9197236
0,0,84,4469095.797360489,6746029.019812725,9183630
0,0,85,4463972.286606049,6618997.573652584,9169628
0,0,86,4463691.30820831,6571071.218168951,9155802
0,0,87,4464969.277733809,6690916.811052589,9141832
0,0,88,4466527.924189496,6795657.91289339,9127841
0,0,89,4462588.774537018,6628490.500682974,9113668
0,0,90,4462322.891197529,6705224.796143124,9099379
0,0,91,4461411.207331917,6650670.067855393,9085168
0,0,92,4461767.734250481,6683476.064329786,9070914
0,0,93,4461685.116999048,6708645.03270557,9056910
0,0,94,4458181.114990997,6573010.191644929,9042693
0,0,95,4458147.004723881,6678154.999233843,9028506
0,0,96,4458835.481962629,6615149.086676496,9014237
0,0,97,4458903.89675294,6659168.934787853,8999889
0,0,98,4460143.79436243,6762161.795825671,8985369
0,0,99,4457600.026303098,6670882.404057423,8970989
0,0,100,4454950.421644712,6600890.199115019,8956485
0,0,101,4455372.085481883,6571491.528377017,8942235
0,0,102,4454555.069609665,6626583.073134906,8927912
0,0,103,4456292.503763512,6710863.570992017,8913471
0,0,104,4457008.068504002,6768036.514869466,8898823
0,0,105,4455504.531917606,6713714.801040234,8884418
0,0,106,4455977.599667328,6709613.752777739,8869778
0,0,107,4451784.979527672,6609934.7168274,8855140
0,0,108,4451746.574815346,6567824.658298807,8840260
0,0,109,4450145.81199369,6554773.188200029,8825558
0,0,110,4448601.056834067,6502171.566892146,8811108
0,0,111,4450617.314020932,6638099.541946836,8796299
0,0,112,4449555.888630976,6586585.169815025,8781734
0,0,113,4447458.460561383,6552390.377494285,8766839
0,0,114,4444360.905593083,6516876.541266396,8752188
0,0,115,4447156.665583162,6575079.772789137,8737522
0,0,116,4447217.523546502,6603613.949910155,8722639
0,0,117,4445446.462509901,6536557.294513499,8707799
0,0,118,4442412.790214797,6529693.779005609,8692812
0,0,119,4443528.435552649,6499760.45095907,8678005
0,0,120,4441867.081839717,6480741.745744646,8662828
0,0,121,4442767.467260295,6510783.675172391,8648000
0,0,122,4440302.386584307,6422835.304867778,8633111
0,0,123,4441061.303020244,6578894.84342419,8617805
0,0,124,4442195.461700654,6612402.983938652,8602779
0,0,125,4439674.531620266,6549977.641806356,8587610
0,0,126,4433736.395642469,6403607.142565524,8572421
0,0,127,4435227.434810938,6411562.142342507,8557130
0,0,128,4437733.860143463,6503791.566111479,8541947
0,0,129,4436165.430158272,6540267.144387922,8527011
0,0,130,4431423.790180139,6352060.903606402,8511622
0,0,131,4434845.171370189,6480963.194010763,8496497
0,0,132,4431973.950760448,6441790.836219757,8481295
0,0,133,4432816.257758685,6491224.603516942,8466130
0,0,134,4430859.774196475,6418965.076353189,8451063
0,0,135,4433502.893187477,6446834.201527764,8435866
0,0,136,4432616.250966392,6434047.629262038,8420670
0,0,137,4432409.274092412,6517502.868902501,8405036
0,0,138,4434357.831329518,6564476.730992896,8389888
0,0,139,4431586.119607254,6439794.556721281,8374686
0,0,140,4428795.278607226,6414560.357916899,8359075
0,0,141,4430419.634366339,6494440.029083164,8343569
0,0,142,4426023.837911371,6323441.046602366,8327991
0,0,143,4426679.357404068,6434791.837292346,8312324
0,0,144,4426215.877761291,6371358.538108951,8296823
0,0,145,4424435.591731071,6334156.153893531,8281338
0,0,146,4425768.563090678,6418716.709954984,8265747
0,0,147,4424798.601976814,6393623.549520259,8250105
0,0,148,4424258.042261859,6381510.74531169,8234425
0,0,149,4425899.256585238,6453990.488484836,8218836
0,0,150,4427346.372741962,6509682.260949865,8203115
0,0,151,4423886.146931858,6395799.844113436,8187344
0,0,152,4425827.945271466,6459418.238293932,8171777
0,0,153,4423638.083913534,6359360.076080645,8156178
0,0,154,4426911.675033359,6437525.345214703,8140482
0,0,155,4423578.711306537,6355568.542853777,8124911
0,0,156,4423904.668961938,6371702.647899843,8109305
0,0,157,4426758.502345151,6478618.805359481,8093569
0,0,158,4423473.779995461,6360883.406307753,8077758
0,0,159,4422485.481193327,6306543.592780337,8062153
0,0,160,4425672.834733368,6441219.519630801,8046513
0,0,161,4423588.903820679,6352488.892458968,8030896
0,0,162,4424099.388439589,6443664.273685347,8015162
0,0,163,4421066.111150612,6298823.688464474,7999404
0,0,164,4420413.421652079,6280472.207290126,7983785
0,0,165,4420459.801060542,6246165.174958033,7968071
0,0,166,4419725.151259232,6273231.150915687,7952190
0,0,167,4422162.812258891,6332442.855049026,7936150
0,0,168,4424154.193354385,6413956.614460409,7920429
0,0,169,4420721.742094521,6293624.57735795,7904571
0,0,170,4417769.969756094,6204302.264351642,7888659
0,0,171,4421466.084498038,6378580.660388402,7872903
0,0,172,4417278.829816349,6170626.436149667,7856931
0,0,173,4419446.278259001,6297027.813248556,7841025
0,0,174,4418025.397406675,6207783.388439905,7825147
0,0,175,4422158.216744935,6341187.353148067,7809270
0,0,176,4420732.93777695,6246014.181334207,7793532
0,0,177,4420038.465692729,6248734.460623355,7777792
0,0,178,4420629.115732173,6274440.814148352,7761730
0,0,179,4421839.554428065,6328590.714833677,7745678
0,0,180,4421300.513739136,6254935.400104035,7729725
0,0,181,4421833.604301995,6294835.6619294,7713820
0,0,182,4419378.227404756,6173551.34688047,7697722
0,0,183,4419896.571010301,6200094.73832524,7681844
0,0,184,4419952.23600549,6206423.426756969,7665654
0,0,185,4423209.926895869,6277087.959580507,7649642
0,0,186,4423828.83270349,6267304.660338833,7633759
0,0,187,4422332.436965919,6151944.236979864,7617669
0,0,188,4424511.846817557,6208844.269965181,7601803
0,0,189,4428150.346731083,6320807.09850194,7585751
0,0,190,4430403.063426878,6365913.022629756,7569682
0,0,191,4425599.920143832,6190446.899818436,7553425
0,0,192,4426465.357823468,6173747.995181361,7537549
0,0,193,4426368.946729328,6155684.302926572,7521428
0,0,194,4429122.381924066,6222443.743492243,7505191
0,0,195,4431200.430777725,6261625.155487835,7489271
0,0,196,4432243.851357108,6225087.93777934,7473144
0,0,197,4434203.743184786,6258423.975154504,7456886
0,0,198,4432775.835166493,6157524.752462324,7440523
0,0,199,4434479.117189786,6155622.685184199,7424223
0,0,200,4435492.752842032,6234378.12660508,7408105
0,0,201,4436239.484219536,6205204.380108968,7391549
0,0,202,4436290.867549379,6109329.388470191,7375501
0,0,203,4440649.347678417,6190491.683541249,7359464
0,0,204,4442569.493609646,6203683.773135899,7343203
0,0,205,4444648.490010938,6196130.467997806,7327245
0,0,206,4442512.523600277,6091546.596961137,7310657
0,0,207,4447354.116819825,6272241.329294748,7294609
0,0,208,4446985.094768181,6223861.332882617,7278072
0,0,209,4450252.675956705,6231295.018727757,7262010
0,0,210,4450779.867368607,6231792.961018598,7245564
0,0,211,4448470.162060997,6024187.371419797,7229191
0,0,212,4453602.403340325,6214298.223359337,7212952
0,0,213,4453561.674191069,6135165.166053765,7196367
0,0,214,4458578.493218875,6256797.514521573,7179794
0,0,215,4456991.742314924,6114360.64641314,7163427
0,0,216,4460965.539726622,6180412.152891841,7146715
0,0,217,4463782.498644071,6158965.31428583,7130565
0,0,218,4467528.221889122,6244796.320475861,7114056
0,0,219,4465018.571050797,6077108.40741479,7097138
0,0,220,4472114.983293524,6211263.703438501,7080768
0,0,221,4472822.15636027,6113354.244304088,7064114
0,0,222,4477386.107378995,6237158.418586989,7047639
0,0,223,4478115.879897108,6144349.835848769,7030872
0,0,224,4480163.049790883,6158737.194274046,7014427
0,0,225,4482844.711688608,6177837.17405873,6997835
0,0,226,4486630.957027351,6205749.320737156,6981103
0,0,227,4491418.795424337,6275748.07921348,6964584
0,0,228,4491297.533046118,6173203.057195777,6947907
0,0,229,4495959.42378471,6184523.393018074,6931116
0,0,230,4499153.00694436,6203663.693098202,6914688
0,0,231,4500474.080009533,6168172.867277943,6898010
0,0,232,4505348.41133743,6196202.815180299,6881431
0,0,233,4508070.493086454,6185814.188822502,6864783
0,0,234,4512121.966688167,6195115.540868041,6847846
0,0,235,4516615.490209479,6178266.883811995,6831485
0,0,236,4520886.838005252,6201171.503550436,6814834
0,0,237,4524227.264836391,6191515.06405806,6797858
0,0,238,4531629.121497192,6269389.055036367,6780968
0,0,239,4533105.088016734,6217023.419330104,6764141
0,0,240,4536765.57566367,6188740.770425141,6747336
0,0,241,4538466.858618028,6118123.721821338,6730545
0,0,242,4545016.368037734,6248575.824102323,6713777
0,0,243,4549313.156995961,6235009.561117626,6696722
0,0,244,4550930.934940941,6148527.055340577,6679740
0,0,245,4558484.963260883,6217605.818879536,6663192
0,0,246,4565788.312880185,6267866.404930387,6646318
0,0,247,4567975.204534368,6155505.298987856,6629585
0,0,248,4576257.909454126,6215881.36886856,6612570
0,0,249,4579115.016101713,6201576.887966521,6595639
0,0,250,4587757.200645726,6261441.546922195,6578650
0,0,251,4592558.593265826,6216362.688847619,6561736
0,0,252,4597147.183298079,6144562.185538959,6544743
0,0,253,4604000.928199852,6153955.606050873,6527857
0,0,254,4613143.627488873,6256712.064011334,6511128
0,0,255,4622169.879556194,6297737.251847268,6494009
0,0,256,4627384.739134832,6204690.509871248,6476827
0,0,257,4634714.357191934,6238484.673734593,6459581
0,0,258,4643405.097030931,6223980.603910523,6442402
0,0,259,4654227.707615575,6322475.111415077,6425121
0,0,260,4662373.847698515,6366919.108076142,6407752
0,0,261,4669823.688789672,6341519.894182747,6390324
0,0,262,4678112.30179913,6304461.254056672,6373310
0,0,263,4688013.93774394,6374173.101493947,6356037
0,0,264,4698971.129016531,6485258.291796828,6338639
0,0,265,4704388.534389737,6418988.377743232,6321369
0,0,266,4710645.045389942,6335060.769364236,6303933
0,0,267,4718941.733573818,6281373.8887963,6286392
0,0,268,4731399.785355993,6417233.482555349,6268831
0,0,269,4738844.462809815,6361105.393764773,6251207
0,0,270,4749523.144756705,6418605.742230527,6233709
0,0,271,4761739.85852484,6471741.877306143,6216251
0,0,272,4771307.925977242,6496134.326509721,6198549
0,0,273,4778517.551447207,6414123.551777253,6180807
0,0,274,4788782.812637735,6394586.427282736,6163241
0,0,275,4803860.323976266,6525875.236012452,6145742
0,0,276,4814578.7984275,6490398.272787511,6128056
0,0,277,4828011.884997084,6554361.962340542,6110262
0,0,278,4840378.523828485,6549150.936301402,6092514
0,0,279,4852196.476930939,6588500.108381359,6074838
0,0,280,4863286.689969163,6546315.031404914,6056878
0,0,281,4877792.148400148,6619856.000910823,6039176
0,0,282,4887903.675022682,6554757.535827558,6020969
0,0,283,4904959.95655429,6686664.084589012,6002913
0,0,284,4915613.233306277,6573032.031521869,5985197
0,0,285,4932965.12709538,6699687.134373139,5967154
0,0,286,4948233.281965179,6681860.901404548,5949342
0,0,287,4966660.972044242,6783727.454638795,5931493
0,0,288,4982521.536312136,6809981.515954521,5913293
0,0,289,4997473.386649838,6829342.025538295,5894928
0,0,290,5014982.887623224,6939159.174464548,5876404
0,0,291,5030810.347347271,6934709.765654527,5857823
0,0,292,5042288.064670669,6900031.424533392,5838998
0,0,293,5059396.237521056,6971920.967208661,5820632
0,0,294,5073279.925964365,6981302.75821488,5801889
0,0,295,5090654.584950648,6987918.803861046,5783463
0,0,296,5111518.352971166,7071413.021480069,5764814
0,0,297,5129397.413836377,7033240.643319164,5746142
0,0,298,5154799.308161753,7092960.043279945,5727721
0,0,299,5176243.536892411,7090872.380022213,5709906
