# mesh name: boxMesh_1
# primitive scorer name: doseScorer
# iX, iY, iZ, total(value) [MeV], total(val^2), entry
0,0,0,4083668.647405134,5203536.684802155,10000000
0,0,1,4179613.192576969,5750043.817578665,9999033
0,0,2,4207400.157496467,5948333.169656381,9997136
0,0,3,4227401.242411679,6069914.776117913,9994720
0,0,4,4247076.059225394,6187593.970101598,9991822
0,0,5,4260958.624324039,6228261.74325871,9988595
0,0,6,4273512.967273515,6291893.737084899,9985112
0,0,7,4288203.107155987,6476582.221060242,9981272
0,0,8,4299781.60330175,6471595.381087165,9977059
0,0,9,4309282.220183419,6502300.855015923,9972645
0,0,10,4318272.631561019,6498615.343604699,9967984
0,0,11,4328781.578317522,6508547.81830883,9963034
0,0,12,4336796.171703577,6557198.697628738,9957802
0,0,13,4341672.163227324,6539310.373435415,9952437
0,0,14,4352657.411230521,6624556.000828913,9946847
0,0,15,4360616.276149601,6735109.948509878,9940862
0,0,16,4367769.183251383,6765303.620954745,9934485
0,0,17,4369779.962830507,6651857.350962372,9928013
0,0,18,4373465.39633293,6587239.060528524,9921559
0,0,19,4381940.648639049,6692965.620975395,9914791
0,0,20,4389460.960008469,6802485.534738046,9907883
0,0,21,4390530.01960293,6742442.538583322,9900758
0,0,22,4393963.123075898,6648753.700922691,9893638
0,0,23,4396964.017876814,6654820.393747652,9886096
0,0,24,4401570.152362275,6739056.560857088,9878228
0,0,25,4409249.216650337,6948282.463280389,9870399
0,0,26,4412165.379952252,6796781.908634556,9862391
0,0,27,4416615.384949226,6816548.822553188,9854201
0,0,28,4413693.284060756,6629045.401406872,9845534
0,0,29,4418663.529063514,6789185.376873904,9836995
0,0,30,4421454.162719475,6727569.379657001,9828419
0,0,31,4424678.464763643,6791629.463292103,9819528
0,0,32,4425196.51892262,6716825.477491962,9810695
0,0,33,4430050.491699857,6766955.638591187,9801391
0,0,34,4428897.459740153,6705910.741449291,9791839
0,0,35,4432192.907536392,6781248.776240002,9782075
0,0,36,4436161.361546163,6841115.589456032,9772529
0,0,37,4437966.68938187,6840606.799321209,9762548
0,0,38,4440631.225631012,6886973.624198567,9752598
0,0,39,4436551.601511416,6688326.465096842,9742430
0,0,40,4441292.168650635,6845687.549837645,9732254
0,0,41,4443087.864942946,6876366.14807396,9721762
0,0,42,4442665.294863218,6747348.360984014,9711489
0,0,43,4445581.927174819,6854950.608227946,9700745
0,0,44,4446060.660772223,6827830.094676641,9689865
0,0,45,4446344.153003361,6762939.634070959,9678926
0,0,46,4446264.520857812,6827368.864423002,9667823
0,0,47,4445935.458627577,6743369.901717637,9656970
0,0,48,4448208.110703215,6768625.553241983,9645944
0,0,49,4447647.858648469,6728724.261221721,9634502
0,0,50,4454793.61213778,6946264.42852183,9623117
0,0,51,4451359.396292271,6824812.299139886,9611510
0,0,52,4451826.339732717,6775983.768784694,9599899
0,0,53,4452872.996281613,6844695.643322058,9588128
0,0,54,4451292.402864745,6764084.55197338,9576409
0,0,55,4455750.573840501,6896775.720734734,9564484
0,0,56,4454110.591518423,6862802.902232489,9552384
0,0,57,4456237.485558698,6895986.257904883,9540381
0,0,58,4453814.416199177,6788521.698109922,9528066
0,0,59,4453502.354472741,6796196.13699349,9515831
0,0,60,4452121.479760677,6808320.674531382,9503326
0,0,61,4451534.032862948,6769551.168873461,9490929
0,0,62,4451365.001310796,6753849.846665109,9478602
0,0,63,4452866.106102625,6883618.477734521,9465986
0,0,64,4450874.285969948,6695969.497029418,9453553
0,0,65,4453685.016415935,6893205.34810518,9440976
0,0,66,4453237.838224151,6835757.281828471,9428118
0,0,67,4452375.170372222,6829361.310133405,9415242
0,0,68,4449374.909413201,6653453.86159393,9402329
0,0,69,4450652.376472374,6771365.33892746,9389220
0,0,70,4454583.488070928,6903669.949577069,9376203
0,0,71,4451105.222603006,6733917.493509729,9362971
0,0,72,4447845.910238445,6730796.35437992,9349892
0,0,73,4449948.911984163,6849780.580255048,9336627
0,0,74,4447216.435989851,6719886.689253571,9323492
0,0,75,4446747.5774765,6713553.565276148,9309970
0,0,76,4449016.57457024,6853032.80902476,9296620
0,0,77,4445356.361016485,6737596.495264968,9283016
0,0,78,4446152.910792265,6770779.499562924,9269440
0,0,79,4444391.499541047,6722468.298056379,9255915
0,0,80,4445056.455802653,6804224.469345229,9242346
0,0,81,4442475.922393075,6700404.897608191,9228641
0,0,82,4442677.241864916,6824527.574885432,9215000
0,0,83,4441555.667685881,6764757.148237042,9201254
0,0,84,4442322.663797298,6724856.072230184,9187736
0,0,85,4436275.940340536,6510537.245881098,9174023
0,0,86,4439575.305277074,6646516.638251713,9160048
0,0,87,4439624.764762313,6666296.772290992,9146413
0,0,88,4437646.061363637,6643410.495349729,9132313
0,0,89,4436132.87201138,6606327.514192389,9118059
0,0,90,4438191.179699115,6793888.48801188,9104079
0,0,91,4435806.185187393,6659299.986024658,9089886
0,0,92,4434209.845987484,6607911.559632295,9075922
0,0,93,4435490.456465244,6686079.979967064,9061909
0,0,94,4432925.476151767,6564524.340684488,9047627
0,0,95,4432084.364740171,6673791.111920821,9033424
0,0,96,4430018.232348479,6575916.148371996,9019148
0,0,97,4432633.124887422,6696204.18768953,9005122
0,0,98,4432037.130739099,6656789.668019147,8990798
0,0,99,4432310.408982281,6666152.400316769,8976406
0,0,100,4429443.950016432,6583295.500665464,8962143
0,0,101,4428760.419236865,6593206.410768736,8947730
0,0,102,4426844.529194002,6573404.529567148,8933549
0,0,103,4427434.943485885,6568153.146568829,8918996
0,0,104,4427604.546961127,6695248.16567012,8904466
0,0,105,4428562.814282306,6647020.367966536,8889997
0,0,106,4425123.206327591,6571919.73805942,8875486
0,0,107,4423438.945598464,6599151.155579977,8861123
0,0,108,4423755.652590868,6564105.637699595,8846289
0,0,109,4420221.613987527,6517641.902661704,8831591
0,0,110,4423546.175910245,6659618.652450431,8816828
0,0,111,4421197.153872054,6594339.215326602,8802042
0,0,112,4417157.368190561,6487657.044431555,8786996
0,0,113,4417309.878350479,6534982.448486825,8772407
0,0,114,4416957.979040831,6627827.653201714,8757538
0,0,115,4416876.863524659,6561204.833855461,8742543
0,0,116,4413644.502842204,6470583.682243912,8727812
0,0,117,4414122.214744979,6507304.650800846,8713044
0,0,118,4411154.624071606,6491331.874792224,8698015
0,0,119,4412081.513387071,6514940.958520994,8683261
0,0,120,4407556.678566789,6326020.525135006,8668362
0,0,121,4409770.006591696,6420706.070304091,8653454
0,0,122,4409263.965408172,6450357.59728574,8638524
0,0,123,4409709.853021284,6522574.283512698,8623409
0,0,124,4410531.243455323,6547989.768232599,8608355
0,0,125,4406404.75257651,6483034.206883956,8593264
0,0,126,4407490.60856513,6486712.203622139,8578327
0,0,127,4403985.736188589,6441605.848256999,8563272
0,0,128,4406611.392768424,6570042.70488427,8548331
0,0,129,4404841.308353999,6485665.562209254,8533156
0,0,130,4402432.662996784,6455875.971309623,8517990
0,0,131,4400926.120950128,6421818.338919954,8502577
0,0,132,4400169.317612153,6410377.996856019,8487247
0,0,133,4399755.461994579,6453632.359160809,8472115
0,0,134,4399529.616020213,6402543.371760246,8456777
0,0,135,4397035.671816779,6343331.6605934,8441723
0,0,136,4398804.68022028,6404585.383242154,8426528
0,0,137,4398643.895450674,6512808.424009173,8411375
0,0,138,4397932.824750626,6418469.255661041,8396312
0,0,139,4395883.782324664,6323784.646944757,8380861
0,0,140,4394888.209988342,6344147.710849101,8365538
0,0,141,4396644.048627023,6443264.109269474,8350355
0,0,142,4392593.935318077,6348079.84067873,8335068
0,0,143,4393629.982069911,6383691.020889178,8319412
0,0,144,4394275.069730584,6392566.272084422,8304054
0,0,145,4393283.948388209,6400822.347566126,8289025
0,0,146,4394785.284633194,6468942.680899872,8273623
0,0,147,4393530.405203778,6428539.120652633,8258288
0,0,148,4392611.972613396,6453899.996854194,8242875
0,0,149,4389675.056899389,6378799.16132983,8227400
0,0,150,4387540.556854566,6235863.061355888,8211984
0,0,151,4392449.885161498,6435541.739513594,8196648
0,0,152,4390902.356401336,6389473.961700919,8181344
0,0,153,4390818.376718808,6403792.302688438,8165757
0,0,154,4391347.674348375,6381288.657421995,8150464
0,0,155,4388774.360563484,6296052.909457922,8134724
0,0,156,4390050.537015527,6379173.5000894,8119244
0,0,157,4390866.561161677,6364741.52129155,8103383
0,0,158,4390923.753116615,6396358.404893094,8087888
0,0,159,4391417.725950339,6403007.621609366,8072485
0,0,160,4392031.933700147,6420373.306044823,8056820
0,0,161,4392156.666312766,6396099.592907568,8041372
0,0,162,4392886.882514935,6427699.93151072,8025809
0,0,163,4390013.938899848,6397843.323124254,8010121
0,0,164,4388762.331001556,6298421.279196015,7994205
0,0,165,4390139.052034177,6413616.854871992,7978630
0,0,166,4387511.535395514,6274845.063648983,7962664
0,0,167,4389501.255634,6409226.373199647,7946906
0,0,168,4391147.83212798,6416638.299855886,7930976
0,0,169,4386204.869087183,6300425.216143778,7915224
0,0,170,4382782.408087065,6202341.440961145,7899073
0,0,171,4385833.228593008,6326597.443184331,7883259
0,0,172,4382390.007221459,6188172.174123524,7867554
0,0,173,4384094.577790614,6339382.678626318,7851380
0,0,174,4383798.648845923,6235708.511961466,7835644
0,0,175,4386570.803145863,6317120.942062807,7819778
0,0,176,4384953.825380809,6264862.899447931,7804078
0,0,177,4384800.039899815,6258847.683141503,7788274
0,0,178,4382674.49001,6204070.957330963,7772129
0,0,179,4384342.530231021,6245070.409290547,7756568
0,0,180,4381526.050393301,6156192.58601783,7740564
0,0,181,4383255.741445457,6222305.162714498,7724456
0,0,182,4382143.693532292,6213515.31114098,7708764
0,0,183,4382417.784419961,6180514.808993538,7692748
0,0,184,4383734.941794853,6245916.192822813,7676735
0,0,185,4384589.185344841,6260976.921253782,7660646
0,0,186,4382551.938420633,6209704.530942152,7644827
0,0,187,4382001.152297651,6181628.37486116,7628877
0,0,188,4381503.844778351,6057918.032966457,7612794
0,0,189,4384181.988702169,6161715.78253096,7597046
0,0,190,4386717.690691134,6233858.192427365,7581325
0,0,191,4386403.428453619,6219634.342743445,7565151
0,0,192,4385264.877578925,6163553.110041414,7549216
0,0,193,4385344.825234418,6116016.72997926,7533112
0,0,194,4387983.301381687,6223929.798203207,7517150
0,0,195,4387868.583213509,6193198.662958574,7501085
0,0,196,4385602.120619252,6112007.536844717,7485057
0,0,197,4389608.289360465,6197324.159680603,7469005
0,0,198,4388903.767174601,6139578.165985295,7452961
0,0,199,4389234.386334835,6159375.83287913,7436941
0,0,200,4390313.9209171,6141676.233334728,7420789
0,0,201,4392974.190487969,6179298.03398446,7404501
0,0,202,4391962.745482576,6160601.696656356,7388425
0,0,203,4390902.259931968,6031821.108407395,7372072
0,0,204,4391278.582869472,6007230.177288859,7355897
0,0,205,4398355.788904547,6211032.195548197,7339742
0,0,206,4396647.059586324,6133876.706318992,7323693
0,0,207,4398827.383337175,6124847.946317356,7307595
0,0,208,4400210.311812332,6149185.870122169,7291357
0,0,209,4400145.198676348,6098517.831222768,7275109
0,0,210,4402577.193951982,6160065.801262372,7258582
0,0,211,4401005.671873152,6068325.057741063,7242352
0,0,212,4405746.787903405,6147320.553778574,7226248
0,0,213,4405124.28070916,6077653.395212654,7210172
0,0,214,4407048.744327294,6110374.793994224,7193885
0,0,215,4409228.98888101,6108653.785716836,7177296
0,0,216,4411928.068409335,6102290.227856876,7160908
0,0,217,4416742.485341635,6239833.733112751,7144611
0,0,218,4417330.80669643,6201430.795451717,7128210
0,0,219,4412764.926718419,6041110.396553283,7111489
0,0,220,4419027.028271604,6208099.154657248,7095327
0,0,221,4420182.141744735,6129298.18925398,7079007
0,0,222,4423341.479401865,6105040.597902723,7062558
0,0,223,4424792.332183212,6096298.229369064,7045977
0,0,224,4427881.896708854,6164761.743564642,7029698
0,0,225,4428427.448511675,6127471.517211473,7013096
0,0,226,4430865.145161731,6096274.621160891,6996647
0,0,227,4434302.779948417,6099922.497424499,6980341
0,0,228,4434927.868485046,6116927.934195711,6963841
0,0,229,4439969.257807123,6129723.378544813,6947239
0,0,230,4442528.303686347,6162948.660757683,6930857
0,0,231,4445326.036315611,6167359.437147893,6914406
0,0,232,4447590.933025072,6160878.992479669,6897769
0,0,233,4449216.101093161,6051134.325917284,6881242
0,0,234,4451112.960289738,6089107.639437089,6864812
0,0,235,4455065.833068432,6123599.577473002,6848386
0,0,236,4460305.169984658,6164758.392637599,6831602
0,0,237,4460900.532341607,6073089.855214292,6815006
0,0,238,4467364.843472124,6142796.620096424,6798424
0,0,239,4470333.321391011,6153696.002867013,6781750
0,0,240,4472965.749976847,6102822.03021904,6765125
0,0,241,4474804.416860593,6091566.552398747,6748154
0,0,242,4479443.793815032,6153428.140675499,6731403
0,0,243,4480916.933552617,6018761.123331168,6714719
0,0,244,4486655.863984277,6123218.738574497,6697934
0,0,245,4491174.268199806,6123657.737238052,6681228
0,0,246,4494374.770913836,6109296.513944017,6664421
0,0,247,4500145.096347676,6161577.300512772,6647664
0,0,248,4506531.830550139,6222765.430801032,6630795
0,0,249,4506340.247470529,6043267.991264063,6613717
0,0,250,4514122.417614421,6140776.543930137,6596656
0,0,251,4518092.712729743,6145575.821039126,6579727
0,0,252,4525542.75396422,6151862.18757463,6563011
0,0,253,4528835.945074394,6183517.915898811,6546080
0,0,254,4534605.889708771,6165730.196580678,6529246
0,0,255,4542518.489430201,6218011.2914422,6512482
0,0,256,4547606.252940003,6153691.015611649,6495604
0,0,257,4552095.537472985,6116509.085707769,6478781
0,0,258,4559616.466448279,6144764.360909338,6461717
0,0,259,4571298.588396109,6274453.082688076,6444876
0,0,260,4577106.534185322,6239041.218352774,6427845
0,0,261,4583958.042771818,6241766.456082792,6411054
0,0,262,4592931.188160507,6331773.899958527,6393945
0,0,263,4595113.286614422,6192839.859641709,6376795
0,0,264,4605528.098021745,6267206.536832184,6359992
0,0,265,4611707.48736546,6230843.82593302,6342790
0,0,266,4618325.052980219,6171784.248831775,6325418
0,0,267,4627187.547851577,6263068.666499434,6308298
0,0,268,4635179.586562906,6229400.673936759,6291160
0,0,269,4645915.109454394,6270886.805056721,6274022
0,0,270,4657019.741717212,6353875.373443187,6256793
0,0,271,4664463.090824473,6290421.899366014,6239470
0,0,272,4674450.944817837,6275915.448955029,6222246
0,0,273,4682615.397402669,6322629.813278126,6204680
0,0,274,4692400.674227317,6321012.910702471,6187346
0,0,275,4700669.236906258,6310528.038563241,6170063
0,0,276,4711453.950526212,6357641.773194011,6152384
0,0,277,4720873.042712173,6333292.077135296,6134926
0,0,278,4731449.296276686,6410958.461991638,6117145
0,0,279,4743677.299542319,6372115.715960722,6099738
0,0,280,4753339.076774979,6437068.196877856,6082258
0,0,281,4761919.810621263,6384106.94826078,6064442
0,0,282,4774918.22273699,6456329.177190787,6046835
0,0,283,4785360.35783656,6375637.549123012,6029374
0,0,284,4798983.196938518,6471736.711909627,6011745
0,0,285,4812304.143036103,6464022.854630843,5994087
0,0,286,4826336.244422434,6532879.886754807,5976501
0,0,287,4842344.515055656,6562076.407560475,5958652
0,0,288,4854502.458914779,6564315.93640805,5940755
0,0,289,4870081.444579327,6622243.674994491,5922925
0,0,290,4884697.724573957,6651734.826722651,5904788
0,0,291,4900717.441227391,6754482.354450263,5886716
0,0,292,4913826.06906135,6664566.679008873,5868836
0,0,293,4928243.129918663,6679236.272199862,5850646
0,0,294,4946249.242225466,6819786.580985326,5832315
0,0,295,4960200.269603614,6814188.0413013,5814069
0,0,296,4974803.170427091,6810170.45633049,5795814
0,0,297,4990743.443720248,6884690.636576371,5777518
0,0,298,5004671.067109365,6893840.025636466,5759066
0,0,299,5014791.871642018,6804040.083700817,5741915
