# mesh name: boxMesh_1
# primitive scorer name: doseScorer
# iX, iY, iZ, total(value) [MeV], total(val^2), entry
0,0,0,4063697.829335337,5198658.930426513,10000000
0,0,1,4159436.312827334,5748396.128783803,9999036
0,0,2,4187372.363385664,5953233.177707402,9997152
0,0,3,4206103.466625706,6018076.171075027,9994708
0,0,4,4225589.46593003,6119383.774956335,9991810
0,0,5,4240217.208245349,6215286.434009256,9988652
0,0,6,4252355.017779181,6228796.835073655,9985181
0,0,7,4266281.072608287,6408364.597660422,9981422
0,0,8,4277961.505216658,6431854.010140291,9977227
0,0,9,4286904.661380017,6461774.682758097,9972852
0,0,10,4295704.316063577,6389300.563492277,9968241
0,0,11,4307047.952547152,6486094.280440196,9963262
0,0,12,4315384.35828701,6516140.189781645,9958174
0,0,13,4323082.241752135,6591701.884329243,9952811
0,0,14,4332570.455504289,6651412.293790938,9947278
0,0,15,4338071.819614827,6689977.452190302,9941245
0,0,16,4346352.147498878,6754930.18602249,9934966
0,0,17,4349378.184751365,6648252.397799411,9928536
0,0,18,4353018.293708027,6623337.991138864,9921987
0,0,19,4360567.768897829,6701640.983722951,9915226
0,0,20,4366253.225889633,6705673.501143483,9908277
0,0,21,4366677.672260544,6645899.885366434,9901298
0,0,22,4370735.009373229,6616084.793392877,9894214
0,0,23,4374683.884279235,6604411.693866771,9886766
0,0,24,4379448.874516491,6688146.665683254,9878981
0,0,25,4387893.944837383,6888003.561468752,9871061
0,0,26,4389646.732205078,6752761.005558565,9863134
0,0,27,4393362.597334558,6771926.29786354,9854983
0,0,28,4392551.877871903,6655471.235293432,9846505
0,0,29,4399923.01505457,6872767.410569627,9837993
0,0,30,4399354.14489504,6699643.346657755,9829403
0,0,31,4403821.362089799,6847998.158234943,9820532
0,0,32,4402769.95127959,6690213.676849343,9811649
0,0,33,4409496.930275283,6809191.12450971,9802488
0,0,34,4406337.2583462,6677242.504996811,9792993
0,0,35,4408435.639796846,6742966.941694656,9783360
0,0,36,4413906.423539908,6860489.17990398,9773872
0,0,37,4414750.391972966,6778773.592359267,9763862
0,0,38,4418787.928001064,6884137.481828456,9753925
0,0,39,4414160.330943587,6626565.507518008,9743843
0,0,40,4420503.249917176,6868560.74614989,9733645
0,0,41,4420710.372626862,6806754.663908711,9723119
0,0,42,4421848.889255137,6846246.359515855,9712800
0,0,43,4421441.276352288,6737384.167095759,9702176
0,0,44,4423049.883989921,6780955.233486608,9691363
0,0,45,4424793.86166794,6838095.003650321,9680515
0,0,46,4422450.640108207,6750796.74333348,9669490
0,0,47,4422460.108649455,6753692.597196562,9658554
0,0,48,4425623.209585345,6794519.149460344,9647442
0,0,49,4424849.555508248,6726528.696775995,9636132
0,0,50,4429894.501871679,6878585.457608874,9624735
0,0,51,4429826.449675613,6867145.601868917,9613379
0,0,52,4430368.43188913,6795703.056133529,9601699
0,0,53,4429040.503382439,6790611.678659593,9589912
0,0,54,4425053.632291248,6656296.893907061,9578014
0,0,55,4431450.526287261,6914707.768290021,9566240
0,0,56,4429363.914032912,6772626.361794788,9554405
0,0,57,4430056.874260619,6806706.451156871,9542102
0,0,58,4430426.649627899,6813795.140622404,9529953
0,0,59,4429206.908335496,6738284.846968034,9517914
0,0,60,4425804.200167226,6752033.11947771,9505244
0,0,61,4425934.859109647,6730543.921422177,9493053
0,0,62,4425101.483797128,6660956.568245357,9480873
0,0,63,4427916.055664834,6800916.108692463,9468340
0,0,64,4427274.907420294,6740343.441332641,9455716
0,0,65,4427909.315059159,6879117.454401439,9443194
0,0,66,4427740.613414366,6849816.826144297,9430505
0,0,67,4428112.921146341,6859021.556125573,9417910
0,0,68,4425857.427523151,6743911.014151918,9404927
0,0,69,4424249.379115147,6746603.161537277,9392037
0,0,70,4427302.981967436,6802063.888718225,9379080
0,0,71,4424175.925909841,6716150.140817259,9365807
0,0,72,4422051.953436013,6731153.981966824,9352882
0,0,73,4423041.719016319,6711730.666402138,9339950
0,0,74,4420777.427343274,6670695.158971248,9326656
0,0,75,4422712.54555705,6759824.747603882,9313468
0,0,76,4425736.885327195,6880496.875816379,9300017
0,0,77,4422411.689572517,6798482.559446791,9286782
0,0,78,4422649.20138928,6743248.573342951,9273475
0,0,79,4421584.674008786,6796375.506162818,9260049
0,0,80,4420252.377785486,6682420.567259917,9246579
0,0,81,4421015.019927055,6826425.623703723,9232676
0,0,82,4417256.871818107,6719879.046597986,9218954
0,0,83,4416336.088008363,6696124.070943246,9205374
0,0,84,4415459.147066803,6696174.605138279,9191434
0,0,85,4413465.311420673,6606221.85424829,9177836
0,0,86,4414235.09400042,6694476.782883726,9163989
0,0,87,4412511.339346027,6646564.609665593,9150199
0,0,88,4410236.873439247,6607317.509046843,9136263
0,0,89,4411380.775756652,6674168.808249238,9122263
0,0,90,4409643.013552705,6604577.002493258,9108061
0,0,91,4411085.75493966,6735817.987091001,9094292
0,0,92,4407014.435345794,6594009.728116901,9080328
0,0,93,4409498.491305778,6758365.293713704,9066350
0,0,94,4406245.283900455,6561123.022102471,9052151
0,0,95,4405826.072790524,6640620.045811567,9037915
0,0,96,4404536.255560671,6540596.202905293,9023638
0,0,97,4405826.982706903,6645559.442091721,9009598
0,0,98,4405340.842283599,6647294.506822527,8995290
0,0,99,4404796.196871106,6624760.395903096,8981002
0,0,100,4400128.482442611,6509478.120714008,8966635
0,0,101,4399727.196451517,6515557.074304181,8952240
0,0,102,4402083.855252707,6622855.80771733,8937853
0,0,103,4401075.583834997,6672777.332695825,8923487
0,0,104,4399025.394329821,6570890.386677033,8909036
0,0,105,4399418.265922047,6609778.042524934,8894641
0,0,106,4398161.304331405,6596507.965110928,8880202
0,0,107,4394078.324185676,6468288.609460808,8865612
0,0,108,4394865.323212955,6601352.977971029,8850891
0,0,109,4393823.265819792,6648651.869216347,8836043
0,0,110,4392495.476971115,6618082.219020211,8821322
0,0,111,4389357.732302216,6542261.790197568,8806656
0,0,112,4388844.680462263,6516027.736130126,8791984
0,0,113,4386823.076339982,6483288.746865978,8777357
0,0,114,4385207.967505041,6500860.600920113,8762779
0,0,115,4384275.912717141,6551413.363976679,8748036
0,0,116,4385360.568397131,6569203.975107969,8733237
0,0,117,4384020.777667467,6512524.565071499,8718453
0,0,118,4382839.890004213,6453058.942241201,8703724
0,0,119,4383364.634515559,6539720.31615464,8688784
0,0,120,4377609.868857285,6370459.82600906,8674074
0,0,121,4379140.664926597,6525178.21186354,8659238
0,0,122,4378097.415706668,6472564.670239521,8644209
0,0,123,4379800.552947192,6512333.516418182,8629317
0,0,124,4378789.397890055,6491351.146555586,8614636
0,0,125,4376620.491267368,6364286.126947954,8599777
0,0,126,4376873.15636505,6488476.327765207,8584773
0,0,127,4374647.965910621,6454170.914509712,8570022
0,0,128,4376015.42954492,6457174.315259678,8554697
0,0,129,4375773.971109154,6504315.906099507,8539820
0,0,130,4371116.472609186,6446352.966221397,8524612
0,0,131,4373104.165639735,6534672.776009408,8509358
0,0,132,4366463.061138073,6332244.503532803,8494315
0,0,133,4370682.78770878,6446900.694603988,8479199
0,0,134,4368860.32452408,6415985.905687195,8464113
0,0,135,4368939.564527829,6521573.901086627,8449068
0,0,136,4367123.09081327,6437618.899640273,8433899
0,0,137,4361592.735834526,6329527.969297684,8418763
0,0,138,4361006.272956815,6280170.401349591,8403240
0,0,139,4363596.780106551,6351804.336953318,8388103
0,0,140,4363116.546793974,6416007.323210491,8372718
0,0,141,4364480.317647092,6443996.803703312,8357397
0,0,142,4359912.152117893,6302225.7852516,8342452
0,0,143,4359445.636287757,6271334.833911369,8327163
0,0,144,4358830.53236827,6340700.894400056,8311705
0,0,145,4359307.711627327,6314750.062743955,8296536
0,0,146,4358511.259030038,6339999.855281277,8281325
0,0,147,4357145.114207637,6341789.012122056,8265962
0,0,148,4357902.207867282,6388631.383332897,8250527
0,0,149,4359585.153507951,6421331.94463388,8235418
0,0,150,4356716.507530686,6326466.987154102,8220017
0,0,151,4358936.626711186,6448354.506116537,8204374
0,0,152,4358011.903119726,6418734.181042864,8189085
0,0,153,4355969.258967778,6323331.166164992,8173472
0,0,154,4358042.936579434,6465181.191352952,8157868
0,0,155,4352711.083014157,6279259.627687102,8142420
0,0,156,4352702.512233666,6304521.192042103,8126911
0,0,157,4352652.194256093,6316058.87131294,8111321
0,0,158,4352568.557083024,6312717.376111963,8095609
0,0,159,4352855.183997937,6309909.571088163,8080013
0,0,160,4352836.546818508,6298472.304584417,8064340
0,0,161,4353936.182380121,6299510.327176308,8049119
0,0,162,4353170.333192565,6344972.485874521,8033469
0,0,163,4351920.19958072,6303236.07241067,8017709
0,0,164,4353315.576679299,6299199.473699845,8002044
0,0,165,4350670.310869578,6345083.118483698,7986223
0,0,166,4350937.053562125,6300718.18886224,7970547
0,0,167,4349627.358290376,6278721.891458974,7954783
0,0,168,4351609.859076103,6317815.592284311,7939089
0,0,169,4350577.883171518,6327494.915597392,7923138
0,0,170,4349652.445940968,6267611.438608662,7907674
0,0,171,4350402.70955142,6336937.200924527,7892133
0,0,172,4347123.152804265,6165427.122642412,7876288
0,0,173,4347732.414246314,6234991.999201729,7860639
0,0,174,4344608.163419737,6144061.362146551,7845049
0,0,175,4346652.195188276,6250366.631586536,7829182
0,0,176,4346980.465678806,6236754.293196898,7813290
0,0,177,4346266.340814241,6260076.80812823,7797595
0,0,178,4345965.869070418,6176610.499129509,7781856
0,0,179,4343767.054110387,6135347.797176197,7765877
0,0,180,4343543.659856151,6166671.436449566,7750161
0,0,181,4343711.69834693,6167324.140570397,7734494
0,0,182,4340959.846318891,6029156.549067587,7718399
0,0,183,4340902.031591275,6119807.704896369,7702609
0,0,184,4342151.222254151,6160592.203924695,7686833
0,0,185,4343679.514965004,6154269.795589664,7671000
0,0,186,4344179.260950892,6214265.08317014,7655295
0,0,187,4341597.003886126,6133272.271810584,7639383
0,0,188,4343212.724630622,6135218.132944295,7623760
0,0,189,4345372.165358397,6232242.020793816,7607952
0,0,190,4343425.617211211,6130842.499121798,7591715
0,0,191,4343323.371809302,6144905.600427205,7575995
0,0,192,4342961.277459837,6143208.025350152,7559903
0,0,193,4339929.199839768,5994559.839326031,7544000
0,0,194,4344912.420617507,6173040.098081972,7528183
0,0,195,4346740.52281652,6189080.09649088,7512277
0,0,196,4344231.144504785,6131525.097485965,7496611
0,0,197,4347173.319733215,6205953.228767477,7480660
0,0,198,4344196.127833312,6053823.539188538,7464588
0,0,199,4347637.218218933,6177903.906387338,7448848
0,0,200,4347055.322130814,6200768.971072335,7432727
0,0,201,4348903.495454622,6123026.942380645,7416596
0,0,202,4344752.339110348,5994805.862086748,7400781
0,0,203,4350519.443937985,6201272.927353241,7384513
0,0,204,4350622.78081006,6129938.53755685,7368266
0,0,205,4350669.162426947,6040210.983339788,7352274
0,0,206,4349653.746231725,6075395.39615392,7336033
0,0,207,4352919.779987199,6163745.975554733,7319935
0,0,208,4353045.535756465,6083106.196209669,7303842
0,0,209,4351135.622842437,6000791.163395157,7287652
0,0,210,4356685.833464601,6127262.122078185,7271938
0,0,211,4355450.667338237,6088437.618495144,7255796
0,0,212,4356361.585221699,6050514.719388654,7239396
0,0,213,4354476.061289955,5968774.667865884,7223447
0,0,214,4355068.482986539,5972157.185680756,7207242
0,0,215,4356112.283762648,5961779.116360731,7191110
0,0,216,4361645.837709391,6065437.954049463,7174908
0,0,217,4365468.669756515,6120545.947674582,7158602
0,0,218,4368385.421960123,6150443.953792986,7142376
0,0,219,4366070.980853035,6090662.120176148,7126154
0,0,220,4365866.753340042,5981099.099964811,7109941
0,0,221,4368435.601961741,6066935.696239255,7093554
0,0,222,4371100.361069849,6054743.828448132,7077431
0,0,223,4373198.535661027,6092016.396918908,7061381
0,0,224,4376177.858298678,6135027.660473139,7045139
0,0,225,4376406.669849704,6065006.528993871,7029275
0,0,226,4380506.762459373,6086346.523440806,7013333
0,0,227,4380957.195931015,6042002.260112962,6997026
0,0,228,4383475.229555993,6083259.255410329,6980974
0,0,229,4384795.435017627,6007978.369118596,6964333
0,0,230,4387075.731989187,5988143.7332183,6948115
0,0,231,4390097.14280523,6091496.369081362,6931653
0,0,232,4391912.859352801,6090161.54115616,6915195
0,0,233,4393897.522044221,6041269.705788917,6898768
0,0,234,4397900.701415675,6058413.99758187,6882296
0,0,235,4399625.733123341,6038212.438127901,6865880
0,0,236,4403691.830183369,6102011.514729492,6849602
0,0,237,4407020.616138248,6066071.100874944,6833419
0,0,238,4410167.52777597,6137692.737521891,6816952
0,0,239,4413351.2152821,6109110.537498611,6800351
0,0,240,4416078.312792394,6083077.595870432,6783706
0,0,241,4416133.678115788,6004169.714292603,6767197
0,0,242,4418050.061395688,6009255.812945727,6750682
0,0,243,4421666.008788164,6076109.397645893,6734170
0,0,244,4425415.851631787,6028354.849513731,6717828
0,0,245,4427386.327587898,6041150.766045613,6701445
0,0,246,4432443.476565536,6055310.36450338,6684665
0,0,247,4437425.236608841,6072473.758521485,6667952
0,0,248,4443233.269776423,6176685.627108287,6651508
0,0,249,4444373.490268134,6073558.989324627,6635010
0,0,250,4449510.601191903,6074280.506203908,6618575
0,0,251,4452518.584838275,6058535.55815508,6601879
0,0,252,4455607.378328796,6032141.637425229,6584971
0,0,253,4459002.543969909,6015973.632598893,6568228
0,0,254,4465599.328275487,6064145.708070335,6551385
0,0,255,4472104.181797806,6137413.302140112,6534771
0,0,256,4477268.015364375,6125399.81312184,6518136
0,0,257,4480870.848364984,6069153.890968315,6501297
0,0,258,4486424.214996394,6117069.457747533,6484785
0,0,259,4491026.500835837,6017571.86390953,6467869
0,0,260,4496125.837884034,6025372.599271087,6450978
0,0,261,4503878.132864622,6022484.688751083,6434264
0,0,262,4511830.440369778,6147541.486075474,6417575
0,0,263,4519538.228330767,6148477.075334757,6400696
0,0,264,4524915.503974447,6143715.169947727,6383755
0,0,265,4532709.954110369,6152397.458563665,6367078
0,0,266,4536307.021599934,6084291.645599334,6350211
0,0,267,4546036.371566683,6139356.800123716,6333469
0,0,268,4554658.791108664,6143862.601606021,6316537
0,0,269,4561872.69952474,6186097.684132588,6299527
0,0,270,4569176.175263138,6177063.438652873,6282435
0,0,271,4579095.089664316,6227493.270833429,6265454
0,0,272,4585083.375605376,6145152.524992065,6248171
0,0,273,4592493.735976568,6194198.806483915,6230992
0,0,274,4603260.938539625,6347324.419529676,6213901
0,0,275,4609919.801289042,6243920.014101169,6196783
0,0,276,4618848.03930705,6233966.411947929,6179643
0,0,277,4629931.469443658,6283581.050792686,6162663
0,0,278,4638705.715591483,6326993.922997396,6145205
0,0,279,4645642.631073975,6250533.712772612,6127953
0,0,280,4656026.319206,6264913.283345645,6110932
0,0,281,4668499.515420193,6382529.799400712,6093616
0,0,282,4675130.019741759,6257657.143430835,6076190
0,0,283,4683836.621858297,6246082.978047973,6058860
0,0,284,4695440.765373487,6298671.640455321,6041436
0,0,285,4706253.026725907,6279325.493936235,6024139
0,0,286,4719854.580307576,6403621.367986643,6006537
0,0,287,4733339.738980928,6444988.762379496,5989004
0,0,288,4743413.377115009,6377578.196582683,5971389
0,0,289,4755624.182302186,6408777.323057788,5953725
0,0,290,4768414.105405354,6434243.228423916,5936026
0,0,291,4783060.648454214,6554681.275345901,5918306
0,0,292,4797134.143671313,6584158.048175244,5900254
0,0,293,4805202.884308139,6459389.332962161,5882542
0,0,294,4822323.575155681,6639556.563541315,5864661
0,0,295,4834909.648925561,6551325.56589714,5846848
0,0,296,4847272.729676618,6560129.265243239,5828821
0,0,297,4863610.627010958,6666702.53083693,5811178
0,0,298,4874975.30750212,6601453.540264661,5793216
0,0,299,4886508.388321033,6605369.921600802,5776137
