# mesh name: boxMesh_1
# primitive scorer name: doseScorer
# iX, iY, iZ, total(value) [MeV], total(val^2), entry
0,0,0,4042788.77464808,5161297.195424964,10000000
0,0,1,4139508.199612357,5756460.98228807,9999031
0,0,2,4167764.130934075,5936058.317882831,9997161
0,0,3,4186513.664842727,6019394.904641819,9994779
0,0,4,4205716.366945577,6118546.987938097,9991912
0,0,5,4219719.822432014,6180376.961253406,9988757
0,0,6,4231228.830570526,6209510.590556462,9985302
0,0,7,4245373.754766561,6366471.457594374,9981557
0,0,8,4259432.213188209,6512818.827630386,9977416
0,0,9,4267188.659446673,6476301.462950803,9973059
0,0,10,4275425.911495118,6418812.519423489,9968478
0,0,11,4286587.586255616,6502398.182265361,9963573
0,0,12,4294367.80778231,6483835.684989483,9958414
0,0,13,4301025.304938926,6537376.432016069,9953161
0,0,14,4310007.061184164,6608032.964457675,9947597
0,0,15,4317768.926583736,6720390.00733133,9941633
0,0,16,4323814.882771473,6674132.004251856,9935345
0,0,17,4328923.805377159,6658025.462681988,9929017
0,0,18,4331710.932378497,6599204.829471275,9922517
0,0,19,4339659.708219309,6711103.162242546,9915827
0,0,20,4344630.20214625,6683709.364290662,9908910
0,0,21,4345081.391189658,6637369.218660977,9901981
0,0,22,4349609.193234237,6636679.170114014,9894805
0,0,23,4353520.690131244,6615744.322206661,9887533
0,0,24,4358827.172242306,6675371.024281896,9879838
0,0,25,4366656.833722837,6844623.015797313,9872048
0,0,26,4366781.159677598,6708889.564675706,9864169
0,0,27,4372383.855901877,6735427.360783497,9856119
0,0,28,4372360.568403482,6713988.445531075,9847642
0,0,29,4376513.334896155,6772489.966221971,9838984
0,0,30,4376474.898695363,6641042.592724943,9830539
0,0,31,4380669.239365274,6781509.676427068,9821656
0,0,32,4378906.052648808,6611617.293911495,9812862
0,0,33,4388238.267933783,6826576.822538801,9803871
0,0,34,4388842.77290297,6756578.421748564,9794497
0,0,35,4387703.467982505,6721586.868016072,9784932
0,0,36,4391837.855384988,6837896.199127588,9775384
0,0,37,4393468.953053301,6799059.549483182,9765454
0,0,38,4395089.5715745,6761732.052127033,9755542
0,0,39,4392976.457824253,6629419.985814652,9745420
0,0,40,4398237.236421299,6851951.627344031,9735208
0,0,41,4399107.737977589,6902142.406757837,9724763
0,0,42,4396095.752005463,6715181.563342709,9714393
0,0,43,4398177.262367589,6710296.010711722,9703770
0,0,44,4400804.394545192,6770696.335494985,9692969
0,0,45,4400505.344039999,6785620.589824742,9682101
0,0,46,4400711.307299936,6830410.222753035,9671261
0,0,47,4398480.758104418,6649948.811338841,9660282
0,0,48,4401551.882944932,6816825.499116259,9649231
0,0,49,4400308.569563307,6702156.856003703,9638028
0,0,50,4403997.293033879,6771230.536720934,9626819
0,0,51,4406665.613402308,6823993.972172384,9615226
0,0,52,4407092.071004579,6825021.402736684,9603731
0,0,53,4405212.264708531,6741643.962436765,9591903
0,0,54,4403186.832348539,6680156.765069414,9580270
0,0,55,4407796.823038295,6915817.095153729,9568657
0,0,56,4404875.461511112,6720515.420450598,9556742
0,0,57,4405182.801126071,6765177.742639799,9544641
0,0,58,4405368.484931208,6771130.73166487,9532546
0,0,59,4407409.342742361,6826805.001378321,9520338
0,0,60,4405869.126282906,6852775.786952624,9508172
0,0,61,4404923.546001051,6719654.57441109,9495958
0,0,62,4403929.780255103,6761988.01745164,9483565
0,0,63,4404106.75743537,6754143.049966821,9471136
0,0,64,4400398.883439859,6642686.960994367,9458731
0,0,65,4405853.901901806,6864436.976252241,9446421
0,0,66,4404909.797994481,6876458.373711273,9433843
0,0,67,4403280.849418859,6744062.659258074,9421259
0,0,68,4402790.992744963,6734881.306064767,9408189
0,0,69,4400218.057763327,6713336.302181857,9395313
0,0,70,4399946.916319213,6693963.202709836,9382361
0,0,71,4401263.232463366,6785700.385316209,9369381
0,0,72,4398532.368506272,6711171.884661902,9356267
0,0,73,4400069.63850597,6736182.383063322,9343158
0,0,74,4396094.456147755,6627498.407079505,9329928
0,0,75,4396103.484281336,6705173.416513677,9316664
0,0,76,4397591.386718143,6773924.911640855,9303481
0,0,77,4399584.771072393,6834453.686396532,9290294
0,0,78,4395193.183262335,6606715.48129672,9277040
0,0,79,4396304.158776891,6799899.024114169,9263589
0,0,80,4391956.608065613,6595326.055442132,9249983
0,0,81,4396088.363273438,6769840.453879937,9236641
0,0,82,4394004.784239009,6696792.54778126,9223005
0,0,83,4391337.741572549,6723329.882996281,9209172
0,0,84,4394148.821130036,6759257.48099329,9195526
0,0,85,4387989.809806648,6607369.847601868,9181902
0,0,86,4389791.422751735,6711282.029168807,9168075
0,0,87,4389822.893167648,6660508.764848176,9154364
0,0,88,4390250.780494505,6807199.956791618,9140599
0,0,89,4386911.193943426,6651419.498179111,9126791
0,0,90,4385530.165245645,6637367.288040159,9112543
0,0,91,4385146.919638349,6649081.130682302,9098558
0,0,92,4381680.361155206,6610133.823382586,9084557
0,0,93,4382627.470084857,6733765.541120061,9070727
0,0,94,4380927.909579691,6640870.057371348,9056647
0,0,95,4374904.479000601,6415899.663974389,9042526
0,0,96,4375948.983005564,6522747.834366927,9028314
0,0,97,4376521.910264198,6563125.722683699,9014166
0,0,98,4377771.453791915,6591304.199470446,9000053
0,0,99,4375454.60085948,6512874.739676528,8985846
0,0,100,4376701.954410599,6659685.431035139,8971543
0,0,101,4375216.348039593,6625060.223570855,8957274
0,0,102,4371516.865219491,6432917.244343163,8943104
0,0,103,4375576.611715594,6667709.280010016,8928945
0,0,104,4371426.929074546,6552640.884103045,8914504
0,0,105,4369717.494568211,6506110.643608714,8900137
0,0,106,4368548.077541778,6536656.961853122,8885583
0,0,107,4366637.270887747,6494709.060688016,8871538
0,0,108,4367412.931038465,6502566.05334787,8856869
0,0,109,4369238.181802681,6599143.353926778,8842242
0,0,110,4362671.118597507,6441842.299359512,8827686
0,0,111,4362795.006190016,6541210.059733463,8812941
0,0,112,4367544.110092684,6662419.130088677,8798360
0,0,113,4363695.384984268,6575897.703685675,8783721
0,0,114,4359206.532801774,6505774.942014135,8768856
0,0,115,4356486.237581655,6411964.165488031,8754203
0,0,116,4358431.163478347,6546273.083299019,8739425
0,0,117,4358030.959985791,6606901.393502475,8724580
0,0,118,4354572.901184675,6445800.944575939,8709882
0,0,119,4350726.608552314,6344468.822146943,8695115
0,0,120,4352403.182654606,6451046.736371306,8680436
0,0,121,4355209.058271103,6541253.62166412,8665825
0,0,122,4349759.900545969,6405497.691351285,8651017
0,0,123,4349822.656479563,6443441.943629742,8636064
0,0,124,4349771.30094222,6497304.801053553,8621019
0,0,125,4346435.736915996,6353281.18541185,8606124
0,0,126,4348578.002100416,6423258.814385063,8591148
0,0,127,4345462.046786762,6442864.844412331,8576125
0,0,128,4343356.257182405,6391960.903201577,8561094
0,0,129,4344317.298608806,6424311.7706949,8546051
0,0,130,4340230.633521544,6341613.823143249,8530734
0,0,131,4340682.20017197,6399951.027035613,8516067
0,0,132,4339042.703046679,6403718.951789857,8500807
0,0,133,4338607.476806211,6426365.635140497,8486083
0,0,134,4337180.989534426,6359585.098885942,8470941
0,0,135,4338715.906354391,6481383.983656555,8455752
0,0,136,4335296.500638461,6276092.742857778,8440602
0,0,137,4336337.576239025,6361435.088091196,8425391
0,0,138,4335453.96212843,6420099.738440486,8410315
0,0,139,4338392.259139817,6502742.001830593,8394991
0,0,140,4334321.53069615,6353080.014978483,8379784
0,0,141,4330270.51527934,6302738.836746526,8364547
0,0,142,4329593.414949906,6260615.542479589,8349684
0,0,143,4329343.883223183,6348254.627469209,8334418
0,0,144,4327282.009179409,6312916.032326801,8318943
0,0,145,4327019.591898487,6340542.371826884,8303574
0,0,146,4325984.996528225,6239098.211844652,8288333
0,0,147,4326947.787532516,6316543.586664123,8273010
0,0,148,4326838.567168754,6294466.559330582,8257641
0,0,149,4326520.12274524,6353731.814321307,8242484
0,0,150,4323586.630371973,6272462.15984521,8227080
0,0,151,4325660.356650285,6384054.704863255,8211565
0,0,152,4323634.861968606,6361314.105636021,8196041
0,0,153,4324921.704223413,6406993.188848369,8180400
0,0,154,4323508.98942082,6385214.699492692,8164814
0,0,155,4320487.709950393,6332822.903616604,8149425
0,0,156,4321737.823211883,6313105.621420412,8133949
0,0,157,4317843.7837986,6180096.114789275,8118447
0,0,158,4321072.103905409,6356549.143364611,8102879
0,0,159,4320031.091373591,6317305.178204645,8087388
0,0,160,4319293.164925377,6303451.190323597,8071977
0,0,161,4319976.449302948,6281974.254854651,8056588
0,0,162,4320623.512614937,6354311.967395682,8041110
0,0,163,4316437.784219448,6358690.471193347,8025293
0,0,164,4318438.173166266,6379296.101410354,8009665
0,0,165,4314070.167600201,6206248.008645673,7994044
0,0,166,4314686.230164809,6292110.018730256,7978481
0,0,167,4312242.892163885,6112182.226692636,7963018
0,0,168,4313718.044434691,6268343.098943035,7947363
0,0,169,4311437.852177913,6235199.2425499,7931875
0,0,170,4310445.922510346,6147225.187040279,7916463
0,0,171,4312352.290164925,6211089.135396522,7900882
0,0,172,4310883.834437417,6126748.395028304,7885095
0,0,173,4312149.623299811,6284379.805856796,7869433
0,0,174,4307733.030651939,6103690.192443727,7853858
0,0,175,4311117.085121924,6196330.832362824,7838494
0,0,176,4312794.890125733,6232223.350390237,7823151
0,0,177,4310490.610732328,6221360.414787259,7807420
0,0,178,4306861.113756172,6099374.642370947,7791762
0,0,179,4307442.915689264,6157950.893947414,7776321
0,0,180,4307463.858983881,6165860.109219769,7760725
0,0,181,4307045.261444209,6168404.325400042,7745044
0,0,182,4305822.306322556,6092176.771120789,7729218
0,0,183,4304983.408010353,6111569.013751272,7713585
0,0,184,4304359.582430637,6098257.289127655,7697794
0,0,185,4306888.061392506,6195323.36038301,7682063
0,0,186,4305678.119683922,6068425.563888926,7666161
0,0,187,4306169.405419938,6157739.072846934,7650314
0,0,188,4305214.164744158,6089763.921212039,7634382
0,0,189,4306126.395037547,6172881.47950837,7618525
0,0,190,4304683.883757416,6067152.200687598,7602600
0,0,191,4304197.712539948,6046651.174598853,7586479
0,0,192,4305985.911282077,6139248.985341527,7570905
0,0,193,4303589.443352329,6059744.45417932,7555117
0,0,194,4304759.25058468,6127763.064509745,7539301
0,0,195,4303445.09463065,6011141.281280324,7523390
0,0,196,4303147.789109256,6072367.512473978,7507612
0,0,197,4306340.381626071,6197808.341931597,7491598
0,0,198,4304406.490788829,6095180.166559219,7475614
0,0,199,4305645.202368563,6121872.906769133,7459798
0,0,200,4303615.079443131,6040548.048838024,7443921
0,0,201,4307614.294169499,6122157.545423498,7427980
0,0,202,4305191.32011096,6051519.697159097,7411873
0,0,203,4306846.780516009,6090510.981635178,7396286
0,0,204,4307278.388992727,6035274.05790884,7380490
0,0,205,4306737.49695095,6003228.638777605,7364314
0,0,206,4306822.095293014,6062801.155019968,7348521
0,0,207,4306906.863993237,6017283.866081554,7332659
0,0,208,4305785.097860409,5948511.632535977,7316615
0,0,209,4307409.653158645,5981427.525783369,7300613
0,0,210,4311102.08717639,6107939.797197294,7284497
0,0,211,4310227.449723684,6044094.319060617,7268445
0,0,212,4310879.897635189,6011724.219030526,7252650
0,0,213,4311021.943500908,6014957.26418615,7236458
0,0,214,4313436.816771384,6090984.88673023,7220519
0,0,215,4311763.156852234,5912565.531111819,7204319
0,0,216,4313876.996859446,5968457.337827492,7188466
0,0,217,4319375.299157954,6101572.122984341,7172681
0,0,218,4321561.549575627,6052085.746901838,7156593
0,0,219,4319021.998081442,5993111.717438823,7140617
0,0,220,4320086.575316457,6014688.257936342,7124283
0,0,221,4320968.393831978,6012888.742071654,7108296
0,0,222,4321692.131455904,5978393.580276038,7092188
0,0,223,4322140.059328381,5907748.413903343,7076326
0,0,224,4325907.442595101,6006049.025343445,7059992
0,0,225,4327072.875793234,5967853.26772188,7043757
0,0,226,4327329.687596711,5964697.614061628,7027446
0,0,227,4330083.759567028,5978559.817390014,7011548
0,0,228,4334334.020266551,6082078.832593801,6995024
0,0,229,4332771.897580086,6044729.737768983,6978923
0,0,230,4336709.567871868,6010497.3961799,6962717
0,0,231,4339221.394627579,6055854.958833165,6946592
0,0,232,4340013.454652636,6039104.887049204,6930491
0,0,233,4340354.388616961,5992766.631274371,6914270
0,0,234,4345662.134980753,6129450.146010351,6898078
0,0,235,4344476.077551385,5930693.736146566,6881833
0,0,236,4351311.1806313,6053952.358616807,6865782
0,0,237,4350810.895831462,6070321.683229962,6849351
0,0,238,4352558.113973651,5939772.397681551,6832734
0,0,239,4359385.591091861,6139721.69448194,6816555
0,0,240,4360559.655865621,6030263.78238657,6800331
0,0,241,4357476.089662277,5914283.871128599,6783485
0,0,242,4362132.94531336,6026665.965815049,6767093
0,0,243,4364346.81194656,5986693.053098849,6750631
0,0,244,4367752.731924814,6031463.241239517,6734377
0,0,245,4371605.277222721,6050888.271843638,6717849
0,0,246,4374566.636410623,6061301.822789453,6701652
0,0,247,4379625.936846105,6108279.889065483,6685104
0,0,248,4381748.783102116,6098232.952446368,6668644
0,0,249,4382704.072965253,6030348.271704642,6652004
0,0,250,4382980.423942996,5885132.822525779,6635533
0,0,251,4388715.226731049,6016371.797880221,6619144
0,0,252,4394756.684242114,6071698.770810863,6602867
0,0,253,4393133.245035535,5864381.036846176,6586123
0,0,254,4399799.487445176,6043646.835263816,6569657
0,0,255,4402342.543314911,5928269.615997811,6553088
0,0,256,4409579.242951341,6024603.408192636,6536620
0,0,257,4411042.537262704,5947582.747133789,6520141
0,0,258,4414254.594255524,5912841.78047899,6503495
0,0,259,4421657.701357055,6027424.244182389,6486663
0,0,260,4427297.30734391,6021703.322714929,6470102
0,0,261,4433460.090170577,6077137.907438575,6453594
0,0,262,4436696.544046819,6035750.529352769,6436827
0,0,263,4439906.10540579,5972573.216061474,6420144
0,0,264,4444741.883373828,5974170.032679519,6403614
0,0,265,4458728.099565284,6212668.094598561,6386887
0,0,266,4459847.611506455,6059269.560578683,6370144
0,0,267,4463682.588298635,5991527.612726519,6353337
0,0,268,4470917.603149148,6038948.059715049,6336620
0,0,269,4478631.077985823,6070989.573028104,6319852
0,0,270,4483695.676673133,6025146.889672734,6303162
0,0,271,4491899.693505486,6033623.802500695,6286244
0,0,272,4499510.726296336,6050997.83382725,6269264
0,0,273,4508328.461785405,6134662.604246122,6252195
0,0,274,4513157.292697344,6075729.867181018,6235614
0,0,275,4521990.593423894,6113910.03684062,6218597
0,0,276,4530106.893478465,6157290.076430393,6201842
0,0,277,4536866.555834953,6138949.783408562,6184583
0,0,278,4544642.801080037,6083437.711584735,6167757
0,0,279,4551995.006906582,6096110.540654912,6150647
0,0,280,4560441.649634182,6118924.084753061,6133621
0,0,281,4569627.760035232,6127945.231579209,6116686
0,0,282,4577102.805633921,6137221.42433976,6099388
0,0,283,4587763.637889713,6203595.8501164,6082357
0,0,284,4594338.374462072,6090720.322534483,6065114
0,0,285,4601931.416028483,6132141.381192158,6048066
0,0,286,4612682.208327844,6155792.493885408,6030947
0,0,287,4626324.781304347,6266677.886930387,6013891
0,0,288,4637836.965040938,6252805.350301767,5996754
0,0,289,4646830.020188194,6291963.2375123,5979250
0,0,290,4661908.667530016,6428743.52129003,5961862
0,0,291,4671244.410900276,6377547.180663719,5944466
0,0,292,4683371.625242436,6369257.105734888,5927163
0,0,293,4694249.096288714,6408435.821915001,5909938
0,0,294,4705528.866236791,6387150.171035144,5892560
0,0,295,4717295.414266554,6407424.669244412,5874988
0,0,296,4729673.254172634,6413523.67270694,5857491
0,0,297,4740629.793964846,6414415.369959434,5840003
0,0,298,4751897.426273091,6411777.650402535,5822146
0,0,299,4759369.087490384,6322049.467650976,5805832
