# mesh name: boxMesh_1
# primitive scorer name: doseScorer
# iX, iY, iZ, total(value) [MeV], total(val^2), entry
0,0,0,4023617.879268703,5166607.676986381,10000000
0,0,1,4120068.626990027,5750676.092807387,9999028
0,0,2,4149199.339126244,5959017.290538723,9997172
0,0,3,4167496.981886288,6017235.36880402,9994769
0,0,4,4185668.157068304,6111166.169766027,9991911
0,0,5,4199548.000262911,6151618.823366868,9988821
0,0,6,4210737.213894716,6152737.980872534,9985368
0,0,7,4225132.415623639,6334034.47172044,9981668
0,0,8,4238631.706543904,6471953.269352494,9977543
0,0,9,4248312.508129372,6496432.494909309,9973231
0,0,10,4255411.364829482,6423142.31329653,9968627
0,0,11,4264941.962141401,6441424.730222005,9963763
0,0,12,4275382.726278846,6494865.929570051,9958720
0,0,13,4280754.67565396,6515115.788607452,9953405
0,0,14,4290224.013132941,6617882.316242466,9947927
0,0,15,4296593.481166787,6651365.107523983,9942005
0,0,16,4304591.942365427,6725271.529187307,9935812
0,0,17,4308214.948487011,6655616.619615683,9929451
0,0,18,4311305.621340189,6581810.568111138,9923164
0,0,19,4320711.435641799,6735614.10132765,9916368
0,0,20,4324408.323306629,6666408.966792932,9909525
0,0,21,4326344.638833276,6672198.95179957,9902638
0,0,22,4330394.671876541,6670516.923483334,9895551
0,0,23,4334371.7117506,6645226.706664429,9888259
0,0,24,4337236.061727384,6632447.325419606,9880658
0,0,25,4343255.506832484,6747033.204040715,9872811
0,0,26,4344970.477952018,6663722.113549631,9864964
0,0,27,4349450.124760482,6687556.760825614,9856980
0,0,28,4349695.993994309,6667198.741267283,9848469
0,0,29,4356183.867503519,6799066.014659388,9839933
0,0,30,4356969.099380318,6668997.206077512,9831370
0,0,31,4358451.342357577,6748937.3006589,9822660
0,0,32,4356998.81041145,6567045.005676082,9813881
0,0,33,4364246.317891235,6782287.85980729,9804765
0,0,34,4363834.741370302,6705290.169336868,9795623
0,0,35,4366339.131028932,6731700.505672007,9786143
0,0,36,4367643.468567997,6757419.408015832,9776406
0,0,37,4369573.387875443,6750715.503913015,9766565
0,0,38,4371535.914091696,6696999.254693358,9756769
0,0,39,4369406.180806193,6577697.796438346,9746606
0,0,40,4372862.859782005,6766784.18834464,9736461
0,0,41,4375441.861311456,6853012.294388878,9726341
0,0,42,4372850.599415407,6637056.677204707,9716114
0,0,43,4374721.414367945,6650711.21070021,9705449
0,0,44,4379203.698837921,6768300.62960067,9694734
0,0,45,4379013.213559259,6784182.640924903,9683762
0,0,46,4380486.291313622,6810200.284406899,9672833
0,0,47,4375814.402404701,6592146.839421174,9661914
0,0,48,4381607.526734657,6846115.184836434,9650888
0,0,49,4379815.054600482,6710426.180196354,9639886
0,0,50,4382694.890765592,6795045.881288784,9628713
0,0,51,4382182.14779446,6736926.400644316,9617198
0,0,52,4385249.871233257,6777965.70665871,9605583
0,0,53,4383414.639280628,6751106.926701955,9593764
0,0,54,4382635.660513442,6714082.36883642,9582082
0,0,55,4385409.074491369,6837843.233816637,9570350
0,0,56,4381659.381911289,6705695.112838784,9558555
0,0,57,4379770.24444586,6651834.887202231,9546677
0,0,58,4381815.330964461,6777055.795058885,9534586
0,0,59,4381343.298397481,6795617.408628713,9522444
0,0,60,4379283.091100802,6720001.37383893,9510377
0,0,61,4379140.601683543,6627390.783061153,9498277
0,0,62,4380948.992140157,6712548.466777596,9486037
0,0,63,4381482.232323229,6737274.784824189,9473647
0,0,64,4379325.579935859,6762432.059088756,9461015
0,0,65,4380023.436281162,6766559.054595871,9448437
0,0,66,4380472.92890238,6826856.332440439,9435799
0,0,67,4376837.862483475,6700344.338828012,9423063
0,0,68,4375573.3718766,6598909.093672343,9410182
0,0,69,4376243.742994144,6743745.255894847,9397642
0,0,70,4374272.889310579,6639355.661316577,9384483
0,0,71,4376238.635530428,6748283.259815753,9371424
0,0,72,4373394.580813538,6638479.978691194,9358481
0,0,73,4374894.435970326,6762223.475782458,9345611
0,0,74,4373037.412486483,6674678.274755619,9332334
0,0,75,4370961.378833942,6671776.057246213,9319241
0,0,76,4373663.503032711,6782663.92724937,9306125
0,0,77,4371625.626006069,6706037.266064253,9292725
0,0,78,4367321.01018722,6555251.2754448,9279644
0,0,79,4369686.115054324,6685324.104648449,9266176
0,0,80,4367370.288659637,6597039.752697422,9252991
0,0,81,4367638.803493879,6649405.565248593,9239416
0,0,82,4367841.153760991,6696394.126578123,9225981
0,0,83,4363564.446104012,6561851.895397014,9212256
0,0,84,4366767.164875351,6730247.644642354,9198872
0,0,85,4363191.872022533,6632587.840473888,9185031
0,0,86,4361092.677995164,6637229.270685857,9171380
0,0,87,4361862.656875046,6598272.849677008,9157853
0,0,88,4359993.508842117,6599103.929116274,9143881
0,0,89,4360250.493672717,6587123.732525969,9130257
0,0,90,4358539.953740308,6604541.26533469,9116297
0,0,91,4358349.379119486,6637994.47234165,9102361
0,0,92,4358112.207604806,6727301.943212898,9088591
0,0,93,4356420.923630472,6625758.751484354,9074700
0,0,94,4351931.825834612,6444661.451328597,9060549
0,0,95,4349042.452613004,6472394.418989521,9046354
0,0,96,4353319.315949317,6636099.081902007,9032188
0,0,97,4348399.133842831,6519557.95992435,9018050
0,0,98,4347953.304285841,6505731.393960083,9003911
0,0,99,4348917.441960383,6578931.598047417,8989653
0,0,100,4347206.652028756,6545042.709685536,8975517
0,0,101,4348175.184031654,6582667.452540719,8961443
0,0,102,4343482.580607932,6406658.181533339,8947265
0,0,103,4346176.634003316,6589130.522658456,8933146
0,0,104,4345712.296074366,6629229.101218849,8918993
0,0,105,4343114.472932017,6497908.899496104,8904511
0,0,106,4341096.550134336,6473746.003088401,8890182
0,0,107,4337664.354237776,6405863.848451181,8875658
0,0,108,4339828.258951979,6516726.631818205,8861105
0,0,109,4339921.224191159,6522075.836972141,8846878
0,0,110,4337286.170490313,6522985.606560629,8832050
0,0,111,4332569.992398957,6429468.193657769,8817406
0,0,112,4334437.925533092,6485473.092671592,8802900
0,0,113,4334551.781271426,6517884.890616685,8788267
0,0,114,4332614.786764482,6440459.227367084,8773799
0,0,115,4332771.788996942,6561201.311077411,8759141
0,0,116,4330289.056458121,6436400.55715654,8744470
0,0,117,4332094.998475825,6498285.721450034,8730010
0,0,118,4327465.818483429,6472759.867698164,8715136
0,0,119,4324927.033306325,6382264.907180574,8700573
0,0,120,4325479.690650703,6455417.090463186,8685694
0,0,121,4326516.219039833,6494289.001576029,8670934
0,0,122,4320650.290851996,6341526.073419951,8655985
0,0,123,4319688.010659669,6321499.703383892,8641192
0,0,124,4320533.423676672,6422083.575152923,8626220
0,0,125,4317676.981841155,6328416.563956387,8611452
0,0,126,4318133.345124049,6410516.353097774,8596648
0,0,127,4316661.11738423,6363127.070320384,8581719
0,0,128,4316530.051490904,6428645.198493286,8566767
0,0,129,4314576.750862537,6403665.098532134,8551872
0,0,130,4311408.250820976,6370823.747757989,8537062
0,0,131,4308956.081604444,6286487.756958145,8522355
0,0,132,4310374.410101054,6374981.86685147,8507251
0,0,133,4309758.637188043,6382923.174898578,8492235
0,0,134,4308787.179178539,6346792.776896736,8477469
0,0,135,4307887.787629715,6336895.505185088,8462447
0,0,136,4306584.868049138,6305152.780007523,8447086
0,0,137,4304217.466005017,6339121.556414527,8432008
0,0,138,4302786.834171612,6309797.942148224,8416815
0,0,139,4302604.643903071,6360090.219545185,8401865
0,0,140,4298915.461184941,6208238.14846799,8386689
0,0,141,4301657.210381356,6370760.231061332,8371603
0,0,142,4299762.390671168,6299695.337354844,8356492
0,0,143,4300241.938433731,6335359.879089418,8341276
0,0,144,4301248.200027464,6410029.792475185,8325975
0,0,145,4297540.809042095,6330258.459268895,8310775
0,0,146,4296484.137623632,6245757.513226903,8295572
0,0,147,4295596.996745148,6312183.64663038,8280425
0,0,148,4297910.654370187,6451167.366476961,8265206
0,0,149,4294101.403403694,6320037.172900068,8250042
0,0,150,4295015.669601275,6390858.388089864,8234591
0,0,151,4291424.220186679,6290428.684334951,8219019
0,0,152,4290990.651499152,6297336.465499073,8203855
0,0,153,4290021.160994232,6257789.968803175,8188544
0,0,154,4288961.413619062,6246218.02947451,8173201
0,0,155,4289526.793565433,6347821.862092722,8157864
0,0,156,4288362.397446769,6374542.419467185,8142390
0,0,157,4286764.861740408,6292113.086136358,8127023
0,0,158,4286985.911624719,6314664.941128266,8111766
0,0,159,4287898.453548961,6345992.2410936,8096555
0,0,160,4283929.947484604,6209087.713177253,8081032
0,0,161,4282780.66235627,6185153.133906522,8065685
0,0,162,4285516.873490316,6262280.626657895,8050302
0,0,163,4283244.339980001,6270692.180033912,8034687
0,0,164,4280896.6433398,6217860.032216039,8019257
0,0,165,4279121.684252512,6134716.986048849,8004025
0,0,166,4277980.88570388,6101050.447252717,7988447
0,0,167,4281450.586051928,6288571.279885418,7973114
0,0,168,4280794.665847957,6241897.282811272,7957868
0,0,169,4280701.542546871,6217252.14084422,7942457
0,0,170,4284162.776704828,6397180.034695102,7927070
0,0,171,4278785.311674318,6154561.88943346,7911384
0,0,172,4278676.01862906,6191825.782206911,7895713
0,0,173,4278465.50303261,6262716.941014811,7880081
0,0,174,4273553.878079874,6072455.88313498,7864549
0,0,175,4278453.172723399,6213271.987012587,7849100
0,0,176,4277759.736708624,6173599.263345814,7833351
0,0,177,4275329.980215309,6124985.127370925,7817792
0,0,178,4275577.193757381,6219699.165898848,7802199
0,0,179,4274692.501511925,6140069.008426812,7786806
0,0,180,4274544.80077303,6157756.996804787,7771257
0,0,181,4272994.064284216,6067470.015123007,7755535
0,0,182,4272821.925031468,6172265.639115723,7739610
0,0,183,4266705.063857576,6038332.492441987,7724086
0,0,184,4267796.562068259,6038280.791050462,7708429
0,0,185,4270646.192158978,6217247.265955206,7692711
0,0,186,4269039.907682361,6094029.185921654,7677236
0,0,187,4266067.797669159,6031314.518078555,7661752
0,0,188,4266414.471952614,6059119.131511345,7646071
0,0,189,4270671.585325099,6193742.51114502,7630487
0,0,190,4269609.617260876,6110051.856796103,7614727
0,0,191,4269531.182679307,6119278.794582427,7598946
0,0,192,4267289.770289163,6037014.991638905,7583223
0,0,193,4268263.269768598,6052039.336332045,7567562
0,0,194,4269539.171471052,6087939.702252463,7551772
0,0,195,4269018.163833871,6148524.32622816,7536109
0,0,196,4267007.208751043,6051068.493382043,7520333
0,0,197,4269003.92839458,6077103.272890757,7504659
0,0,198,4265916.970327673,6013329.904986765,7488867
0,0,199,4266648.841146921,6069191.460490903,7472890
0,0,200,4263978.859685469,5983666.043650868,7457081
0,0,201,4265660.908378978,6068511.201455936,7441365
0,0,202,4262335.435527537,5966407.126887921,7425414
0,0,203,4265820.265556129,6074345.086433862,7409237
0,0,204,4265802.094722884,6045736.218742197,7393441
0,0,205,4269795.720875439,6098149.364119305,7377659
0,0,206,4269583.233817844,6118572.016593089,7361660
0,0,207,4269499.958137524,6091837.981578142,7345962
0,0,208,4266971.370241269,6028646.173716515,7329956
0,0,209,4268666.131268514,6023361.969534645,7314105
0,0,210,4266980.887642581,5941517.554190282,7298146
0,0,211,4268402.512731779,6022574.224942876,7282107
0,0,212,4266100.615411875,5882371.032831669,7266418
0,0,213,4268149.645372606,5982930.980358252,7250205
0,0,214,4265161.529887965,5887056.646354128,7234269
0,0,215,4268587.303734461,5936568.85645543,7218363
0,0,216,4269199.466947906,5897101.296431254,7202634
0,0,217,4273184.360448195,5951401.779272464,7186989
0,0,218,4276925.065253761,6065949.517072866,7170900
0,0,219,4275238.281169771,5953363.785089647,7154939
0,0,220,4273578.04847347,5884828.22834442,7139013
0,0,221,4275796.418277719,5984338.894141579,7122903
0,0,222,4276096.07516087,5991422.458053993,7106876
0,0,223,4277295.30160751,5947824.838527694,7091060
0,0,224,4280768.335580555,5984339.944330961,7075187
0,0,225,4281247.206895059,5984454.506343995,7059017
0,0,226,4282100.908231899,6003531.301458763,7042794
0,0,227,4283537.298974961,5956811.907133267,7026974
0,0,228,4287231.892995598,6102707.437063355,7010951
0,0,229,4285072.350453295,5952701.782518446,6994843
0,0,230,4288128.068621504,5954232.104837907,6979004
0,0,231,4290852.385981314,6001140.689249579,6963032
0,0,232,4290120.454796379,5969071.98502495,6946914
0,0,233,4290395.668419188,5905300.979744094,6930770
0,0,234,4291522.334341908,5902039.354845176,6914574
0,0,235,4296426.989522137,5981599.886898972,6898834
0,0,236,4299572.343975167,5994711.336735809,6882773
0,0,237,4302633.539301399,5998832.999977197,6866755
0,0,238,4302612.215428829,5993596.199382564,6850232
0,0,239,4306483.884473139,6000920.308649592,6833805
0,0,240,4306218.934558208,5970077.828950548,6817657
0,0,241,4309873.970336411,6068620.465075734,6801613
0,0,242,4310083.945864759,5925334.370973875,6785328
0,0,243,4312154.204173885,5987381.583903529,6769092
0,0,244,4313226.338657092,5943479.740921389,6752940
0,0,245,4314776.278021939,5940280.216396729,6736406
0,0,246,4317042.110257078,5985117.892957953,6720086
0,0,247,4320755.093698268,5974242.173622409,6704025
0,0,248,4321009.275405611,5950087.265017999,6687568
0,0,249,4325821.292311993,5928149.256873707,6671458
0,0,250,4327496.091550639,5991623.698041731,6655092
0,0,251,4330270.771279664,5892464.534858641,6638512
0,0,252,4333577.885735123,5941162.329822494,6621922
0,0,253,4335730.110043695,5902828.202902758,6605734
0,0,254,4337038.800801119,5939010.869162055,6589188
0,0,255,4341313.520918357,5951881.374471071,6573019
0,0,256,4347361.826143922,5977204.275188144,6556926
0,0,257,4350646.555061974,5956169.069488954,6540609
0,0,258,4351166.070294458,5902990.18502213,6524129
0,0,259,4354393.823285115,5864016.033499778,6507610
0,0,260,4364266.611589711,6044642.128990176,6491203
0,0,261,4368660.980645745,6061396.010903343,6474828
0,0,262,4369479.434853834,5932781.295998762,6458171
0,0,263,4375223.223356867,6008851.249328367,6441779
0,0,264,4381351.50357863,6073279.292999633,6425428
0,0,265,4384853.117740971,6025675.418605896,6408825
0,0,266,4390063.093286316,6048297.06377263,6392489
0,0,267,4392126.050025892,5935630.315909304,6375908
0,0,268,4399273.295018792,5979697.63928159,6359350
0,0,269,4403948.469737221,5943292.917591089,6342628
0,0,270,4410004.788856044,5947912.932134451,6326085
0,0,271,4415737.406594682,6016362.530473023,6309378
0,0,272,4419710.731285868,5952183.829353808,6292619
0,0,273,4426529.662956852,5927937.726513542,6275991
0,0,274,4435967.460334359,6023494.106835447,6259557
0,0,275,4443646.681321983,6092465.704344166,6242978
0,0,276,4446864.709259063,5938634.045670043,6226220
0,0,277,4458145.31797171,6147536.113338909,6209616
0,0,278,4462933.323566393,6048927.524283661,6192813
0,0,279,4469812.603243553,6049066.574242003,6175726
0,0,280,4475693.39034015,6049918.030161505,6159095
0,0,281,4481470.884454565,5994784.243263737,6142108
0,0,282,4491554.399721507,6058161.734439601,6125296
0,0,283,4499870.316562874,6067591.543140344,6108448
0,0,284,4509024.251185818,6094380.764038869,6091711
0,0,285,4514685.1651609,6077731.486332987,6074673
0,0,286,4522159.330663208,6065200.529457528,6057738
0,0,287,4533510.525136088,6083598.148437855,6040868
0,0,288,4542736.566914822,6155637.304813153,6023768
0,0,289,4552260.278884801,6208866.981639558,6006633
0,0,290,4560983.38749068,6190553.461686254,5989408
0,0,291,4569969.023538906,6163724.051874951,5972374
0,0,292,4579177.203508796,6171249.289193806,5955045
0,0,293,4590164.522611255,6216861.453174331,5937747
0,0,294,4600461.155484663,6243722.784932592,5920489
0,0,295,4611090.863182011,6231205.254599294,5903436
0,0,296,4620903.717736896,6255592.646474043,5886191
0,0,297,4630628.238659175,6234573.439467631,5868858
0,0,298,4640388.406298038,6244741.626078388,5851486
0,0,299,4646764.853560738,6208312.465286149,5835162
