# mesh name: boxMesh_1
# primitive scorer name: doseScorer
# iX, iY, iZ, total(value) [MeV], total(val^2), entry
0,0,0,4003919.667185704,5131301.299721071,10000000
0,0,1,4100149.100445564,5674833.108298985,9999046
0,0,2,4129739.848385903,5926203.605759285,9997225
0,0,3,4148986.997604536,6053082.588293655,9994854
0,0,4,4166741.292760741,6096211.938375298,9991988
0,0,5,4181102.77127125,6198107.457227276,9988916
0,0,6,4191009.849912948,6116714.1822706,9985497
0,0,7,4205429.366829351,6304648.287415898,9981817
0,0,8,4218895.522073112,6431054.017545199,9977720
0,0,9,4229301.229306023,6480719.761874784,9973449
0,0,10,4235120.659552304,6353284.810403987,9968868
0,0,11,4246327.103245716,6465876.057101981,9964021
0,0,12,4255232.823978908,6477361.317199508,9959008
0,0,13,4260737.046267741,6508334.08692646,9953721
0,0,14,4269194.259346999,6559804.380580961,9948280
0,0,15,4278401.522644208,6683613.270074959,9942360
0,0,16,4285380.399986194,6752847.011523103,9936168
0,0,17,4288858.105051412,6648992.832250429,9929991
0,0,18,4291932.128032344,6593373.217851978,9923599
0,0,19,4299470.719118588,6680495.991385796,9916918
0,0,20,4303515.750858621,6631465.983912081,9909988
0,0,21,4307133.115120401,6691428.232225676,9903127
0,0,22,4308605.526669877,6611333.762622048,9896141
0,0,23,4311675.115530787,6551391.614142629,9888843
0,0,24,4316857.916376425,6664351.541431695,9881350
0,0,25,4324256.544522308,6767442.052560043,9873572
0,0,26,4325452.526946136,6707119.852073339,9865832
0,0,27,4330677.776017511,6731983.206284732,9857854
0,0,28,4329923.788244851,6658742.746176272,9849332
0,0,29,4335877.52961003,6784473.224349055,9840806
0,0,30,4339350.628204728,6826986.818062544,9832357
0,0,31,4338659.213874937,6774437.796337785,9823602
0,0,32,4337478.166422006,6577208.334788446,9814767
0,0,33,4345864.269161498,6882335.820402429,9805576
0,0,34,4343946.46634855,6690092.902283037,9796449
0,0,35,4344808.178898324,6704609.153694331,9786924
0,0,36,4346177.004383474,6702801.939785871,9777444
0,0,37,4349916.499649337,6771295.575990613,9767807
0,0,38,4351488.197501037,6703102.535785305,9758065
0,0,39,4349446.36535344,6624588.40781121,9748075
0,0,40,4351198.315148699,6707257.788106751,9737965
0,0,41,4353590.606430889,6780773.33645783,9727685
0,0,42,4352072.521395066,6678238.297135914,9717408
0,0,43,4353754.538667487,6677074.526633817,9706946
0,0,44,4357290.104226047,6783429.78620004,9696365
0,0,45,4354903.723174788,6721139.187100652,9685445
0,0,46,4355317.042899329,6705273.270748587,9674530
0,0,47,4354216.629026421,6631188.426849607,9663676
0,0,48,4357834.217908287,6776902.654749667,9652701
0,0,49,4358017.746474542,6716291.272079993,9641530
0,0,50,4361599.29808273,6846036.506886261,9630469
0,0,51,4360279.860722682,6776302.998234528,9619145
0,0,52,4364008.785876762,6845917.930981979,9607741
0,0,53,4361817.580448344,6767336.432775223,9596038
0,0,54,4359763.913019976,6728025.036666361,9584349
0,0,55,4365982.033211259,6913093.14886624,9572676
0,0,56,4363911.690423367,6887610.628104765,9561038
0,0,57,4361853.812354621,6700069.374467584,9549043
0,0,58,4362719.873646959,6864087.645187823,9536938
0,0,59,4362305.47575985,6898357.602559708,9524729
0,0,60,4360458.348748805,6801650.260962733,9512561
0,0,61,4357752.411853151,6643827.61504089,9500371
0,0,62,4356001.770665861,6627882.621998454,9488118
0,0,63,4359341.232268287,6689120.681121219,9475655
0,0,64,4357529.725792851,6729112.449568081,9463197
0,0,65,4358873.10620892,6770651.369336735,9450842
0,0,66,4356223.432126964,6745515.94315263,9438296
0,0,67,4353645.249373209,6689553.412647391,9425509
0,0,68,4350969.906509899,6584022.086974715,9412688
0,0,69,4351764.60106271,6638865.698109935,9399954
0,0,70,4352524.43903489,6646905.114386925,9387037
0,0,71,4355422.982310154,6820831.740266883,9374184
0,0,72,4352430.642510337,6674250.573521944,9361073
0,0,73,4352821.079874557,6796114.730183652,9348023
0,0,74,4349000.673063735,6674211.419332871,9334981
0,0,75,4346790.718592835,6597544.566455573,9321963
0,0,76,4347853.245490527,6611976.18715775,9308783
0,0,77,4347236.056049665,6648412.186380149,9295629
0,0,78,4348247.49290113,6684560.936516986,9282375
0,0,79,4343864.79420556,6601954.100860151,9269118
0,0,80,4344168.780165361,6628237.084751227,9255636
0,0,81,4345727.293516531,6741484.359090539,9242365
0,0,82,4342488.426821932,6611427.952568876,9228999
0,0,83,4340552.51866529,6655487.87457533,9215643
0,0,84,4340842.860507897,6652484.785518142,9202008
0,0,85,4336620.791237751,6535653.977480598,9188495
0,0,86,4333018.604828225,6505754.523659416,9174801
0,0,87,4336097.083770901,6610409.1305702,9161105
0,0,88,4333721.007441169,6561454.227904052,9147291
0,0,89,4336186.416380679,6687345.193556505,9133644
0,0,90,4335325.537366463,6703924.146324666,9119871
0,0,91,4335219.884136029,6734915.632472989,9106019
0,0,92,4332078.969967283,6584584.623280852,9092229
0,0,93,4331823.688631698,6630783.232883556,9078484
0,0,94,4328264.664294445,6548787.325119032,9064517
0,0,95,4323876.134867946,6468274.261259152,9050520
0,0,96,4324191.857181632,6509920.473521136,9036340
0,0,97,4324815.929139042,6593623.327002573,9022269
0,0,98,4324812.315995414,6625295.045119586,9008122
0,0,99,4322906.166052936,6499225.505861307,8994311
0,0,100,4318563.117409021,6439673.602922529,8980123
0,0,101,4323007.691070683,6579147.158897838,8966204
0,0,102,4318037.373727529,6468310.303573851,8952050
0,0,103,4320905.276904583,6650382.223702757,8937806
0,0,104,4320939.978275762,6634671.425241699,8923636
0,0,105,4316365.692168778,6476686.75640946,8909380
0,0,106,4316663.827587725,6525047.321218285,8895203
0,0,107,4312982.568931527,6443738.815317975,8880719
0,0,108,4315473.131383377,6573317.010052098,8866367
0,0,109,4313233.595207243,6484660.848355813,8852150
0,0,110,4309902.927547175,6503472.830849507,8837663
0,0,111,4307399.333374999,6420672.078421844,8822994
0,0,112,4308754.77576007,6457927.928573459,8808348
0,0,113,4309670.544261975,6596982.949874321,8793644
0,0,114,4305553.160791111,6461778.10260194,8779253
0,0,115,4304242.576123763,6489286.576281102,8764743
0,0,116,4303662.065120103,6469084.831385261,8750127
0,0,117,4302452.855999945,6491553.16670053,8735372
0,0,118,4302154.422786999,6547456.097602455,8720571
0,0,119,4300413.285428025,6520002.371600638,8706072
0,0,120,4297311.933220044,6406374.843023011,8691641
0,0,121,4297789.585929291,6416187.116436535,8676639
0,0,122,4296994.289761924,6464740.104169698,8662056
0,0,123,4294206.655479459,6456654.285303373,8647172
0,0,124,4293484.249269815,6382567.278806318,8632298
0,0,125,4291212.890563992,6347617.204898473,8617377
0,0,126,4289447.251549168,6351240.084700311,8602583
0,0,127,4289883.488686135,6423428.679329503,8587861
0,0,128,4288719.956499953,6402093.154103612,8573061
0,0,129,4287980.306734981,6433473.328363511,8557985
0,0,130,4287364.325571846,6446707.1963271,8543200
0,0,131,4283283.577775778,6359768.589754038,8528143
0,0,132,4284132.863416644,6459289.375798781,8513304
0,0,133,4279909.741680752,6348641.86522511,8498012
0,0,134,4280002.543833929,6361661.887263944,8483177
0,0,135,4284264.730006598,6565329.182731475,8468148
0,0,136,4278560.388341414,6359656.384074304,8453193
0,0,137,4277546.157550407,6385123.324286329,8438096
0,0,138,4275939.873660129,6402825.581848832,8422913
0,0,139,4275682.828535099,6373492.689912325,8407950
0,0,140,4271019.602542229,6268521.444182018,8392764
0,0,141,4269699.672736308,6214143.387270635,8377891
0,0,142,4268885.767791845,6296298.884538272,8362865
0,0,143,4268284.639569113,6276919.724394908,8347794
0,0,144,4267622.668094585,6306447.166575314,8332478
0,0,145,4264147.064311299,6197623.917426002,8317254
0,0,146,4265387.265206431,6275071.834123397,8302249
0,0,147,4263942.729414818,6296797.738378379,8287115
0,0,148,4264134.422536131,6268211.06907814,8271974
0,0,149,4262180.924863024,6334758.654865322,8256743
0,0,150,4258997.975640325,6184715.832063987,8241464
0,0,151,4260656.596145771,6317064.647756483,8226469
0,0,152,4258362.508127378,6230424.810532767,8211303
0,0,153,4256971.256305639,6235524.14660449,8196016
0,0,154,4258911.068595836,6301799.3443811,8180816
0,0,155,4257120.555826238,6271802.988996645,8165471
0,0,156,4254294.532507231,6255522.847916283,8150007
0,0,157,4254240.282038991,6217480.418165375,8134719
0,0,158,4254841.700318757,6245226.703553542,8119565
0,0,159,4253491.629251329,6155022.421068037,8104328
0,0,160,4249949.09360296,6082159.317270198,8089065
0,0,161,4251811.352514243,6237475.281346269,8073494
0,0,162,4251333.130158559,6234866.092564963,8058118
0,0,163,4250870.663463922,6262813.561671691,8042768
0,0,164,4250478.026305422,6275645.084145229,8027485
0,0,165,4245093.001232913,6105597.235573959,8012014
0,0,166,4244760.445184017,6177585.986539026,7996326
0,0,167,4247096.631936287,6295644.895218767,7980908
0,0,168,4246204.509020024,6211356.954676444,7965385
0,0,169,4243498.153322263,6134644.680674357,7949988
0,0,170,4244771.469111951,6248619.497958006,7934736
0,0,171,4241077.804361876,6074149.659165134,7919068
0,0,172,4240370.6067275,6098303.117409125,7903611
0,0,173,4244292.173083447,6216078.664957993,7888067
0,0,174,4244975.165907416,6233607.948001634,7872604
0,0,175,4242044.525745784,6157421.074636376,7857278
0,0,176,4242367.594004959,6212771.712828822,7841900
0,0,177,4240858.869238297,6113100.335939439,7826448
0,0,178,4238642.490459831,6107705.104582266,7810770
0,0,179,4238761.70709058,6137029.845405889,7795353
0,0,180,4237141.440529684,6110836.54627395,7779812
0,0,181,4236970.290867435,6163067.520235354,7764123
0,0,182,4236279.47324843,6108189.190318434,7748699
0,0,183,4232892.782288841,6093683.025697792,7733203
0,0,184,4234029.224320391,6047556.112757185,7717667
0,0,185,4234809.398938784,6106887.487628863,7702164
0,0,186,4232085.563858588,6000951.658791247,7686726
0,0,187,4231287.27714288,6052530.269409652,7670793
0,0,188,4229416.42126063,5997960.641449507,7655476
0,0,189,4233431.091127496,6116156.299301609,7639870
0,0,190,4233641.813050642,6083290.874874826,7624004
0,0,191,4231836.050027196,6079982.807980227,7608677
0,0,192,4230765.70446503,6051958.849499682,7593059
0,0,193,4231652.041413936,6082121.490451656,7577665
0,0,194,4231703.888887556,6087534.19983656,7561989
0,0,195,4231954.266005686,6108493.092280881,7546117
0,0,196,4226875.764520427,5906580.460942415,7530399
0,0,197,4230565.668176003,6097252.292553169,7514484
0,0,198,4229950.684567721,6081838.816372967,7498945
0,0,199,4227318.912227946,5967560.759136201,7483086
0,0,200,4228199.710760835,6021407.809563123,7467358
0,0,201,4225689.511962745,5935591.315773989,7451448
0,0,202,4226660.811344734,6009980.74594093,7435799
0,0,203,4226110.529185352,5939690.866625262,7420074
0,0,204,4226587.833451565,5987212.097590931,7404193
0,0,205,4229915.126593008,6053656.050562144,7388494
0,0,206,4225573.192039345,5958851.038278198,7372607
0,0,207,4227207.24795885,6014250.792130168,7356855
0,0,208,4224649.840097324,5960506.646121112,7340904
0,0,209,4226659.814319352,5962901.310365748,7325143
0,0,210,4226610.394790858,5890160.118900329,7309530
0,0,211,4227155.614187382,5959995.384701677,7293706
0,0,212,4228891.454289927,6020523.902471533,7278038
0,0,213,4226746.8150675,5958746.967604551,7262222
0,0,214,4224071.523617387,5881605.877570613,7246608
0,0,215,4228060.467813822,6000314.681199808,7230819
0,0,216,4227273.159146513,5928362.035032875,7215262
0,0,217,4230656.958099773,5952245.010143274,7199441
0,0,218,4231106.424898236,5914990.014098331,7183624
0,0,219,4231037.987441916,5968953.835867894,7167806
0,0,220,4231072.335513171,5912272.15725425,7151880
0,0,221,4234005.058444961,6021653.463786292,7135929
0,0,222,4230676.216998649,5881774.613520338,7119935
0,0,223,4232822.418883615,5935243.769452715,7103893
0,0,224,4230193.568777527,5819040.997699171,7087842
0,0,225,4231330.299834883,5865122.73501203,7071995
0,0,226,4236805.48384707,6028872.153427178,7056137
0,0,227,4236299.274335671,5925648.586738009,7040588
0,0,228,4237284.229325726,5951903.768636058,7024691
0,0,229,4236941.252556556,5945064.630510921,7008752
0,0,230,4240338.121347588,5954277.18540433,6992721
0,0,231,4245939.038057052,6046136.011235727,6976712
0,0,232,4243340.47226416,5928607.87010065,6961144
0,0,233,4244677.193893928,5946119.739968215,6945059
0,0,234,4246423.089084592,5938280.883242346,6929118
0,0,235,4245988.506970383,5873969.520067496,6912784
0,0,236,4248445.916453302,5876278.139154538,6896918
0,0,237,4249647.948476003,5919632.890930014,6880569
0,0,238,4250930.367752418,5856780.682185974,6864595
0,0,239,4250876.377704017,5905264.86475961,6848514
0,0,240,4252310.149711777,5832460.349659699,6832591
0,0,241,4254613.870225963,5851740.876370363,6816835
0,0,242,4254416.770242468,5769869.697293699,6800752
0,0,243,4260257.57941043,5957115.655231467,6784648
0,0,244,4262071.955316979,5883671.531591673,6768847
0,0,245,4262315.203175443,5832570.948673101,6752947
0,0,246,4265297.079641884,5894415.724529409,6737083
0,0,247,4266257.78072095,5865262.395110119,6720769
0,0,248,4269832.246936023,5960649.370850574,6704439
0,0,249,4273068.890627117,5945544.0656454,6688243
0,0,250,4275269.03376954,5924468.440418798,6672287
0,0,251,4275238.63570591,5886304.501400802,6656227
0,0,252,4278108.624097537,5873190.075678483,6640025
0,0,253,4282452.224227008,5973559.784538466,6624080
0,0,254,4284612.056858504,5958686.848115776,6607796
0,0,255,4286044.283818711,5944676.716314375,6591713
0,0,256,4290330.900693639,5960845.309098534,6575438
0,0,257,4292568.137260132,5909501.50686018,6559195
0,0,258,4293289.289217412,5831256.596635288,6543041
0,0,259,4296859.206353683,5880812.763445329,6526855
0,0,260,4302117.685500938,5908944.807595852,6510470
0,0,261,4308102.221903403,5957183.13312934,6494043
0,0,262,4308679.493095528,5927883.986813978,6477870
0,0,263,4311296.717546444,5870750.078829352,6461435
0,0,264,4315023.596785883,5924631.196017805,6444901
0,0,265,4317834.749120187,5882513.092999505,6428184
0,0,266,4322493.539580449,5896783.291279251,6411719
0,0,267,4322662.893493477,5819098.503341466,6395238
0,0,268,4328414.147086425,5802129.171097977,6378851
0,0,269,4332595.447689502,5843520.398265815,6362288
0,0,270,4335678.852626922,5904484.944913721,6345627
0,0,271,4345085.100307507,5974635.993127014,6329344
0,0,272,4347574.366090676,5877537.752855594,6313026
0,0,273,4352266.238110808,5882993.533319032,6296236
0,0,274,4357916.716503024,5911878.256896314,6279890
0,0,275,4362655.764354014,5887423.609611148,6263435
0,0,276,4370389.607898017,5960823.521778185,6246969
0,0,277,4376555.082938405,5923229.344292369,6230855
0,0,278,4385083.765312012,5980548.395709781,6214360
0,0,279,4389114.697597465,5920151.562731327,6197811
0,0,280,4395481.526035577,5945854.670340788,6181038
0,0,281,4401100.275275845,5944415.895910545,6164356
0,0,282,4406624.362578751,5925956.659422496,6147577
0,0,283,4414858.930108263,5936938.68012176,6131007
0,0,284,4420336.449750245,5948114.313695457,6114468
0,0,285,4426986.148587603,5891152.136813684,6097771
0,0,286,4433288.705742586,5874288.672114175,6081147
0,0,287,4443382.82232342,5988433.299421715,6064400
0,0,288,4453497.556541381,6035817.420052002,6047780
0,0,289,4461425.040172691,6016798.827399612,6031290
0,0,290,4470403.644779917,6047299.19132473,6014389
0,0,291,4476678.532088055,6027392.45287896,5997477
0,0,292,4486871.539242563,6062751.172254262,5980522
0,0,293,4495213.86321375,6078943.057037925,5963569
0,0,294,4500364.542095416,5992995.599746459,5946484
0,0,295,4509615.73325867,6004697.518365824,5929269
0,0,296,4523260.66774876,6178224.595908131,5912724
0,0,297,4528971.280115273,6053714.698287759,5895687
0,0,298,4539947.791954162,6105097.254938108,5878812
0,0,299,4543851.13017334,6093854.956238555,5862866
