# mesh name: boxMesh_1
# primitive scorer name: doseScorer
# iX, iY, iZ, total(value) [MeV], total(val^2), entry
0,0,0,3984980.224507918,5135851.141852885,10000000
0,0,1,4081724.44378309,5662893.912541641,9999054
0,0,2,4110624.543660125,5912133.843384052,9997245
0,0,3,4129899.782099255,6024888.79559249,9994900
0,0,4,4147764.971300544,6083133.767135195,9992063
0,0,5,4161435.621611124,6174592.928770392,9988987
0,0,6,4173219.331316412,6193323.724998148,9985598
0,0,7,4186280.987189396,6267627.609389771,9981938
0,0,8,4201353.531653429,6453425.812800338,9977891
0,0,9,4210302.148916062,6438784.117443392,9973632
0,0,10,4217841.630653212,6400147.56286711,9969040
0,0,11,4227568.821489286,6494630.174886669,9964243
0,0,12,4235810.808445095,6486969.311727727,9959230
0,0,13,4241495.896507274,6462547.0626729,9953994
0,0,14,4250795.778180254,6598848.632783703,9948564
0,0,15,4257019.299709802,6596679.324627819,9942715
0,0,16,4264639.999367476,6702237.061892069,9936624
0,0,17,4267371.828947679,6574727.22069351,9930294
0,0,18,4270106.703408623,6567708.352299294,9924051
0,0,19,4277787.276147372,6641945.603510803,9917327
0,0,20,4282346.630463097,6593397.98377551,9910548
0,0,21,4285104.769460089,6627570.051299471,9903767
0,0,22,4288682.068928006,6622683.78270765,9896743
0,0,23,4291233.496794112,6571572.46947692,9889633
0,0,24,4297677.506434108,6665100.527207041,9882120
0,0,25,4306145.379535938,6835694.98265142,9874553
0,0,26,4307364.86703412,6792774.950345186,9866764
0,0,27,4309869.394536788,6665740.804864991,9858788
0,0,28,4310755.098221166,6653395.708189491,9850371
0,0,29,4316525.883652451,6817838.256339155,9841979
0,0,30,4318011.813039255,6747135.553010923,9833513
0,0,31,4318194.614027327,6738465.989751868,9824768
0,0,32,4318474.236849292,6649540.604772444,9815899
0,0,33,4324450.319661673,6788036.444920194,9807002
0,0,34,4324058.174622489,6677184.012376281,9797768
0,0,35,4324767.379955311,6752503.738096328,9788184
0,0,36,4328409.132589979,6812515.964905472,9778764
0,0,37,4327426.671877093,6699315.481183332,9769021
0,0,38,4331931.230403306,6774750.939523511,9759370
0,0,39,4327253.258667176,6556792.444156655,9749251
0,0,40,4329006.916114193,6678352.611737281,9739263
0,0,41,4331610.026336523,6803816.329870645,9729057
0,0,42,4330648.135425288,6648426.895960443,9718904
0,0,43,4332516.8910815,6689519.495641969,9708489
0,0,44,4335283.271112547,6733972.230803167,9697957
0,0,45,4334264.468955056,6693601.238606567,9687198
0,0,46,4333071.405073607,6648978.123881251,9676397
0,0,47,4332543.521353763,6596219.130505246,9665757
0,0,48,4337040.520770387,6816386.373374129,9654797
0,0,49,4334996.018746207,6667805.54184239,9643783
0,0,50,4337867.319048782,6786428.586629912,9632591
0,0,51,4337785.490942219,6720388.496251658,9621475
0,0,52,4340868.883402426,6767708.60503754,9609959
0,0,53,4339645.35214106,6675428.425334767,9598175
0,0,54,4338096.985102812,6728687.708303496,9586701
0,0,55,4342237.562546819,6862740.183937167,9575252
0,0,56,4339152.965382645,6731446.016735476,9563445
0,0,57,4338515.551017397,6643320.307318948,9551286
0,0,58,4338464.455272008,6645199.993039716,9539465
0,0,59,4339092.267529301,6799460.902658452,9527232
0,0,60,4336310.089249178,6702655.896660225,9515172
0,0,61,4331858.126136772,6581139.995076068,9502885
0,0,62,4334948.384358983,6695658.632871401,9490741
0,0,63,4334517.937356831,6624227.989118328,9478483
0,0,64,4335335.901552246,6673762.19458259,9466220
0,0,65,4336614.514291015,6786475.621200343,9453859
0,0,66,4335257.531052394,6701751.025300093,9441334
0,0,67,4334947.094767715,6745765.786388718,9428760
0,0,68,4332694.480211331,6648555.159543165,9416002
0,0,69,4332785.561659784,6675708.794613035,9403006
0,0,70,4333098.493683573,6717304.726852702,9390113
0,0,71,4332884.986116318,6808975.456492424,9377208
0,0,72,4330556.464503789,6745835.487158782,9363906
0,0,73,4327982.068079992,6718859.782525243,9351114
0,0,74,4326283.711735128,6677152.486755436,9338186
0,0,75,4323328.765961205,6624699.898079816,9324987
0,0,76,4323212.03913481,6558661.913792809,9312018
0,0,77,4323347.857042608,6640493.918375148,9298802
0,0,78,4326398.796890371,6762899.326682203,9286079
0,0,79,4320847.496100919,6624578.466165676,9272802
0,0,80,4318991.890637679,6583855.542544401,9259507
0,0,81,4320528.484467082,6618597.14720674,9246186
0,0,82,4319223.813810993,6658341.770592041,9232570
0,0,83,4315419.951253833,6587646.397398015,9219174
0,0,84,4315816.184134556,6594205.667527079,9205445
0,0,85,4313739.656098383,6620368.912579022,9191836
0,0,86,4308688.776166476,6478653.255739323,9178293
0,0,87,4312722.602946586,6622094.769394832,9164718
0,0,88,4310768.499936483,6574671.010081257,9151098
0,0,89,4308804.326238948,6550477.171531252,9137359
0,0,90,4309258.974412181,6619906.395281903,9123638
0,0,91,4305471.194779973,6564261.784828364,9110047
0,0,92,4307438.624883338,6657703.499600742,9096344
0,0,93,4306787.168188372,6646689.514465158,9082552
0,0,94,4306042.702827588,6596939.614298481,9068778
0,0,95,4298690.901217684,6430242.117345892,9054802
0,0,96,4302146.309980958,6606819.225329097,9040815
0,0,97,4299063.877908967,6446177.848325919,9026879
0,0,98,4301677.892840751,6641303.873554591,9013092
0,0,99,4300499.601369323,6616214.862386989,8999139
0,0,100,4296412.810642824,6467278.463759638,8984939
0,0,101,4298930.79799953,6650436.409277784,8970681
0,0,102,4293971.118786971,6471196.176424969,8956692
0,0,103,4294420.832789323,6548610.007299144,8942416
0,0,104,4293012.094947632,6529040.789634679,8928241
0,0,105,4290869.216671783,6484035.83837018,8914041
0,0,106,4289204.319233393,6504617.479082949,8899732
0,0,107,4285766.014096576,6409972.895997586,8885350
0,0,108,4287772.720158082,6504275.275331081,8871307
0,0,109,4290882.136886944,6673028.800688023,8856820
0,0,110,4282480.987493394,6450780.943149396,8842475
0,0,111,4281291.955845459,6479591.711035304,8827976
0,0,112,4280867.950278774,6469132.582952351,8813776
0,0,113,4280003.306287509,6407045.552965473,8799296
0,0,114,4279241.14721857,6386412.652561494,8784852
0,0,115,4275986.248450718,6391571.513046394,8770303
0,0,116,4277599.691832038,6469522.824775446,8755499
0,0,117,4278600.251820008,6508885.458421916,8741025
0,0,118,4271790.407935445,6308320.316521057,8726577
0,0,119,4269691.067579564,6334280.114677032,8712040
0,0,120,4271895.274918354,6413631.973236958,8697333
0,0,121,4270604.093613292,6374519.684444617,8682756
0,0,122,4268477.010016691,6350160.12077543,8668002
0,0,123,4268270.979387878,6442589.402646401,8653354
0,0,124,4266218.062084137,6379270.91254286,8638618
0,0,125,4264929.100540901,6385638.733485524,8623830
0,0,126,4261860.675978989,6389426.121462169,8609188
0,0,127,4260057.328256759,6322100.260221093,8594420
0,0,128,4260077.150245188,6337648.461550759,8579518
0,0,129,4260374.320803409,6390719.015638736,8564544
0,0,130,4257779.056122206,6399931.111274591,8549908
0,0,131,4255183.162270324,6340885.214955865,8535102
0,0,132,4254902.820611038,6392721.523329241,8520480
0,0,133,4252849.955637652,6211406.215235454,8505563
0,0,134,4249956.473447769,6306598.064842025,8490642
0,0,135,4251856.057338986,6456755.67361401,8475859
0,0,136,4250913.253273069,6338020.495979249,8461012
0,0,137,4249021.148642608,6341239.468938851,8446120
0,0,138,4246735.992914105,6329789.353482579,8431169
0,0,139,4246313.637754966,6304773.986260081,8416028
0,0,140,4245238.869975899,6289312.180447206,8401079
0,0,141,4241843.807642883,6179266.271186274,8386287
0,0,142,4240436.857008525,6223129.140683368,8371013
0,0,143,4239432.005007435,6167531.199228575,8356138
0,0,144,4240461.74384922,6262314.208234979,8341020
0,0,145,4238974.568994093,6285552.434428171,8325801
0,0,146,4239082.073117072,6259885.353920587,8310533
0,0,147,4236871.299130797,6214661.804960302,8295539
0,0,148,4236454.315740766,6258366.145158444,8280276
0,0,149,4234748.846292956,6269804.45196607,8265047
0,0,150,4232473.087891987,6273201.061439529,8249699
0,0,151,4233537.704349075,6273323.988884818,8234567
0,0,152,4230655.498349302,6195257.451869521,8219431
0,0,153,4226601.762569518,6190386.71993444,8204217
0,0,154,4226012.728742706,6162971.055772103,8189121
0,0,155,4226627.878010718,6206983.756405344,8174111
0,0,156,4227103.301626134,6245954.481874848,8158905
0,0,157,4221369.041604808,6071377.313174985,8143512
0,0,158,4222905.056781934,6121616.676947675,8128338
0,0,159,4224842.697322659,6227890.727556163,8113039
0,0,160,4224635.129400851,6317326.082533264,8097637
0,0,161,4223520.812994997,6290024.367566863,8082490
0,0,162,4220588.718797115,6182746.224562874,8067333
0,0,163,4216942.100816737,6143327.627908271,8052007
0,0,164,4216510.741914944,6114933.905830259,8036925
0,0,165,4216179.70602522,6163138.505169335,8021675
0,0,166,4217387.609367386,6254989.383312691,8006213
0,0,167,4215200.779458172,6152021.558678744,7991017
0,0,168,4213224.816514808,6123024.245725904,7975550
0,0,169,4215587.762825425,6232405.65192909,7960256
0,0,170,4213571.345260988,6243724.698271817,7944745
0,0,171,4209082.552852085,6129146.706884364,7929168
0,0,172,4211145.315864453,6213804.297831586,7913819
0,0,173,4207875.975583328,6095631.188040403,7898549
0,0,174,4208342.878911579,6085185.228755439,7883244
0,0,175,4206771.694358865,6105921.180892478,7867824
0,0,176,4206996.502189731,6115918.814520773,7852535
0,0,177,4204643.604142752,6020724.270503765,7837055
0,0,178,4203309.707595352,6026166.142536203,7821430
0,0,179,4200350.173893194,5962287.410065643,7805912
0,0,180,4203370.410543813,6111295.980313219,7790533
0,0,181,4204854.130185073,6155945.987090914,7775184
0,0,182,4203767.040365327,6125718.960572086,7759752
0,0,183,4199608.041823721,5985871.786686439,7744177
0,0,184,4203576.065846664,6180791.248640554,7728657
0,0,185,4200174.490447407,6092971.048217417,7712947
0,0,186,4199580.543280097,6020006.111416888,7697582
0,0,187,4197786.521200695,5997326.38114568,7682145
0,0,188,4194683.594989502,5945982.196268543,7666589
0,0,189,4199899.041128752,6130966.226504586,7651158
0,0,190,4202664.235971821,6166100.568504613,7635637
0,0,191,4200874.344720339,6190088.885104199,7620012
0,0,192,4194764.503811356,5969407.719567444,7604523
0,0,193,4193050.28833411,5906640.646450659,7588838
0,0,194,4194312.486903654,5997338.013652029,7573253
0,0,195,4194793.495028354,6021188.855575885,7557699
0,0,196,4193566.188318418,5999705.517494781,7541911
0,0,197,4194297.694853088,6033205.794209901,7526154
0,0,198,4191441.776169658,5967922.537332722,7510517
0,0,199,4191158.27835543,6027184.859587121,7494822
0,0,200,4191085.957064451,5973450.301300615,7479401
0,0,201,4189015.143668741,5953635.00809744,7463785
0,0,202,4186813.102471218,5857999.255001837,7448031
0,0,203,4187315.877070378,5835576.084077992,7432555
0,0,204,4189042.143671556,5915250.710819154,7417135
0,0,205,4192226.257496943,6112747.000690754,7401838
0,0,206,4188887.262950472,5951010.532140512,7386077
0,0,207,4188254.363376104,5935669.691488171,7370227
0,0,208,4187215.849755336,5930160.285694671,7354466
0,0,209,4186392.49801813,5899968.23060187,7338842
0,0,210,4188299.080249579,5907608.702181857,7323199
0,0,211,4187678.193924597,5916053.702901278,7307393
0,0,212,4184982.836789049,5805691.168084248,7291543
0,0,213,4188163.554031957,5934190.363770214,7275921
0,0,214,4187816.87768566,5844542.985224855,7260472
0,0,215,4186790.926224436,5856357.358914902,7244644
0,0,216,4189304.096473042,5932615.793021993,7229130
0,0,217,4187403.609891314,5817470.251952297,7213452
0,0,218,4189978.66576331,5876366.688665243,7197725
0,0,219,4190489.997435104,5887543.045417652,7182051
0,0,220,4189956.207427245,5846083.547610332,7166302
0,0,221,4190404.779129517,5937233.958010574,7150742
0,0,222,4188544.001369625,5803391.29446886,7134775
0,0,223,4192210.169352709,5942873.76255976,7119113
0,0,224,4193111.997885196,5901769.811499045,7103058
0,0,225,4193467.822156961,5880795.428701405,7087241
0,0,226,4192651.566541668,5880591.175820925,7071289
0,0,227,4193565.440095711,5923816.0633025,7055527
0,0,228,4194821.191956162,5937483.508649199,7039922
0,0,229,4193622.543207928,5832599.192337792,7024216
0,0,230,4194956.77767458,5923456.424319318,7008262
0,0,231,4199844.744316659,6018552.870472899,6992451
0,0,232,4196611.590780263,5866218.175785865,6976405
0,0,233,4197754.985924364,5839018.485781594,6960349
0,0,234,4198604.994228715,5879294.873064809,6944449
0,0,235,4201244.853975006,5912222.583845473,6928624
0,0,236,4200653.640028658,5836617.521162822,6912706
0,0,237,4206135.883217501,5995615.630696198,6896905
0,0,238,4203689.123511117,5923769.000005067,6880883
0,0,239,4203348.768722847,5818910.491694486,6864983
0,0,240,4204600.229274653,5883477.975217441,6848883
0,0,241,4206652.274590313,5911921.719737389,6832823
0,0,242,4206889.43381144,5809530.303389534,6816889
0,0,243,4208856.004344624,5846992.822399879,6801193
0,0,244,4209365.462099336,5769918.909658312,6785073
0,0,245,4210272.620156342,5797667.705443659,6769283
0,0,246,4215141.587460202,5852490.141006532,6753277
0,0,247,4215903.236992412,5852487.743573254,6737291
0,0,248,4217019.134699949,5861550.520610631,6720814
0,0,249,4217477.718129164,5810548.338848872,6704760
0,0,250,4220245.394275902,5834509.101112971,6688870
0,0,251,4221765.968477424,5812034.859802851,6673070
0,0,252,4224408.028775573,5841581.252882544,6657453
0,0,253,4225564.567693684,5814608.2340006,6641259
0,0,254,4226243.737578983,5794636.240088214,6625116
0,0,255,4229539.599197758,5770898.445269114,6609108
0,0,256,4234905.746544992,5864853.019709218,6593245
0,0,257,4236043.246239799,5837087.823896695,6577311
0,0,258,4238292.39953912,5777960.305286096,6561273
0,0,259,4237452.711515717,5757194.561448378,6544934
0,0,260,4242633.684674181,5807894.270397521,6528873
0,0,261,4247371.46424788,5914139.238133653,6512612
0,0,262,4247820.141028371,5788985.883205504,6496519
0,0,263,4251272.809481402,5839316.035874928,6480497
0,0,264,4255270.651161132,5853012.399194366,6464334
0,0,265,4256189.444711517,5797691.088582566,6448328
0,0,266,4264097.738270471,5913273.031927705,6432152
0,0,267,4264608.541047215,5829388.233802,6415992
0,0,268,4267626.251389123,5849976.394279011,6399883
0,0,269,4270634.932560883,5826097.484734426,6383572
0,0,270,4275134.022845354,5796119.434426504,6367545
0,0,271,4278898.123715205,5831619.960717577,6351400
0,0,272,4283770.125466935,5841970.391530434,6335086
0,0,273,4288689.047377995,5883659.982064652,6318897
0,0,274,4294291.635043405,5899339.065799569,6302429
0,0,275,4295691.781021321,5804817.451644977,6286205
0,0,276,4301893.255497174,5851214.554063316,6269856
0,0,277,4307040.520781605,5880981.711647128,6253473
0,0,278,4311156.671183683,5849944.382737997,6237228
0,0,279,4315330.496110913,5804673.919999592,6220951
0,0,280,4325025.516554441,5919477.169299444,6204852
0,0,281,4329578.087249662,5899389.845516244,6188399
0,0,282,4334175.18410586,5863279.694738161,6171975
0,0,283,4339226.474271048,5849755.540337402,6155573
0,0,284,4345838.006596656,5817233.217278396,6139275
0,0,285,4353949.034923296,5933364.398388572,6123003
0,0,286,4357275.282024028,5856322.304709444,6106135
0,0,287,4364285.92752797,5910862.893386453,6089721
0,0,288,4373078.078951439,5936553.951301155,6073152
0,0,289,4380062.453564385,5942211.293526036,6056715
0,0,290,4385667.809212138,5927335.395381754,6040045
0,0,291,4393554.424005096,5921118.641050802,6023299
0,0,292,4403741.540607234,6066783.751760875,6006659
0,0,293,4408145.868092176,5954674.117964146,5989946
0,0,294,4416502.215434022,5964546.725530567,5973340
0,0,295,4425470.15281013,6023763.336010188,5956710
0,0,296,4435119.296419017,6075484.736424935,5939834
0,0,297,4437387.970810202,5995079.42039023,5922959
0,0,298,4443912.92793839,5963977.964655192,5906012
0,0,299,4448754.445439886,5910366.667393283,5890486
